ALLKE,ALLIE,TIME
0.016073007136583328,0.0,0.0
0.0743408203125,0.10333251953125,4.999846714781597e-05
0.1837158203125,0.20849609375,9.999608300859109e-05
0.294189453125,0.310546875,0.00014999340055510402
0.406005859375,0.41064453125,0.00020058716472703964
0.52294921875,0.51171875,0.00025347768678329885
0.63916015625,0.60986328125,0.00030632608104497194
0.75537109375,0.70654296875,0.00035916551132686436
0.8681640625,0.802734375,0.0004120022349525243
0.9755859375,0.90087890625,0.00046483793994411826
1.078125,1.0009765625,0.0005176732083782554
1.1748046875,1.103515625,0.0005705083021894097
1.2666015625,1.208984375,0.0006233432795852423
1.35546875,1.314453125,0.0006761781987734139
1.44140625,1.421875,0.0007290131179615855
1.529296875,1.52734375,0.0007818480953574181
1.619140625,1.630859375,0.0008346828981302679
1.7119140625,1.732421875,0.0008875177009031177
1.80859375,1.8330078125,0.0009403525036759675
1.908203125,1.9345703125,0.000993187422864139
2.01171875,2.029296875,0.0010460225166752934
2.126953125,2.1171875,0.0010988571448251605
2.248046875,2.205078125,0.001151691423729062
2.369140625,2.29296875,0.0012045253533869982
2.4921875,2.3828125,0.0012573592830449343
2.615234375,2.470703125,0.0013101928634569049
2.7421875,2.556640625,0.0013630262110382318
2.875,2.638671875,0.0014158600242808461
3.0078125,2.716796875,0.0014686939539387822
3.14453125,2.79296875,0.0015215278835967183
3.28515625,2.861328125,0.0015743618132546544
3.431640625,2.919921875,0.0016271957429125905
3.58203125,2.98046875,0.0016800296725705266
3.72265625,3.044921875,0.0017328636022284627
3.861328125,3.111328125,0.0017856975318863988
3.990234375,3.185546875,0.0018385314615443349
4.1171875,3.26171875,0.0018913651583716273
4.2421875,3.333984375,0.0019441985059529543
4.37109375,3.408203125,0.001997031271457672
4.5,3.4765625,0.0020498649682849646
4.62109375,3.541015625,0.0021026988979429007
4.7421875,3.59765625,0.0021555328276008368
4.859375,3.66015625,0.002208366757258773
4.96484375,3.73046875,0.002261200686916709
5.06640625,3.806640625,0.0023140334524214268
5.1640625,3.884765625,0.0023668662179261446
5.26171875,3.9609375,0.0024196987506002188
5.3671875,4.03515625,0.0024725303519517183
5.46484375,4.109375,0.002525361953303218
5.5703125,4.1796875,0.002578192623332143
5.67578125,4.25,0.002631023060530424
5.78125,4.3203125,0.0026838534977287054
5.8828125,4.38671875,0.0027366839349269867
5.98046875,4.45703125,0.002789514372125268
6.0703125,4.53125,0.0028423448093235493
6.15234375,4.609375,0.002895175479352474
6.234375,4.68359375,0.0029480070807039738
6.30859375,4.76171875,0.0030008386820554733
6.37890625,4.83984375,0.003053670283406973
6.4453125,4.9140625,0.0031065018847584724
6.50390625,4.9921875,0.003159333486109972
6.546875,5.06640625,0.0032121650874614716
6.58984375,5.140625,0.003264996688812971
6.62890625,5.21875,0.0033178282901644707
6.67578125,5.296875,0.0033706598915159702
6.72265625,5.37890625,0.0034234924241900444
6.765625,5.46875,0.0034763249568641186
6.80078125,5.5625,0.003529156791046262
6.8359375,5.6640625,0.0035819883923977613
6.87109375,5.78125,0.003634819993749261
6.89453125,5.9140625,0.0036876515951007605
6.90234375,6.0625,0.0037404834292829037
6.890625,6.23046875,0.0037933161947876215
6.85546875,6.41796875,0.0038461487274616957
6.80078125,6.625,0.0038989807944744825
6.7265625,6.85546875,0.003951812628656626
6.6328125,7.1015625,0.004004644230008125
6.51171875,7.37109375,0.004057475831359625
6.3671875,7.65234375,0.004110307432711124
6.19921875,7.95703125,0.004163139034062624
6.0078125,8.2734375,0.0042159706354141235
5.80078125,8.6015625,0.0042687999084591866
5.59375,8.921875,0.00432162918150425
5.3984375,9.2265625,0.004374458454549313
5.2265625,9.5234375,0.004427287727594376
5.078125,9.8046875,0.004480117000639439
4.9453125,10.0859375,0.004532946273684502
4.8203125,10.359375,0.004585775546729565
4.703125,10.625,0.004638604819774628
4.60546875,10.875,0.004691434092819691
4.51953125,11.1171875,0.004744263365864754
4.4453125,11.34375,0.004797092638909817
4.375,11.5546875,0.00484992191195488
4.3046875,11.78125,0.004902751184999943
4.21484375,12.0234375,0.004955580458045006
4.11328125,12.2890625,0.005008409731090069
4.0,12.546875,0.005061239004135132
3.88671875,12.796875,0.005114068277180195
3.77734375,13.046875,0.005166897550225258
3.681640625,13.28125,0.005219726823270321
3.595703125,13.5078125,0.005272556096315384
3.521484375,13.71875,0.005325385369360447
3.4453125,13.9375,0.00537821464240551
3.365234375,14.140625,0.005431043915450573
3.291015625,14.3515625,0.005483873188495636
3.228515625,14.546875,0.005536702461540699
3.18359375,14.7265625,0.005589531734585762
3.158203125,14.8984375,0.005642361007630825
3.1328125,15.078125,0.005695190280675888
3.08984375,15.28125,0.005748019553720951
3.033203125,15.4921875,0.005800848826766014
2.96484375,15.71875,0.005853675771504641
2.892578125,15.9375,0.005906504113227129
2.826171875,16.15625,0.005959333386272192
2.75,16.390625,0.006012162659317255
2.6640625,16.640625,0.006064991932362318
2.578125,16.875,0.006117821205407381
2.501953125,17.09375,0.006170650478452444
2.4296875,17.3125,0.006223479751497507
2.36328125,17.546875,0.00627630902454257
2.29296875,17.765625,0.006329138297587633
2.208984375,18.015625,0.006381967570632696
2.119140625,18.25,0.006434796843677759
2.025390625,18.484375,0.006487626116722822
1.9404296875,18.734375,0.006540455389767885
1.8564453125,18.96875,0.006593284662812948
1.759765625,19.21875,0.006646113935858011
1.638671875,19.5,0.006698943208903074
1.5126953125,19.78125,0.006751772481948137
1.3984375,20.0625,0.0068046017549932
1.2880859375,20.34375,0.006857431028038263
1.1806640625,20.625,0.006910260301083326
1.091796875,20.890625,0.006963089574128389
1.025390625,21.125,0.007015918847173452
0.98046875,21.375,0.007068748120218515
0.939453125,21.609375,0.007121577393263578
0.8828125,21.890625,0.0071744066663086414
0.81787109375,22.1875,0.0072272359393537045
0.76123046875,22.46875,0.0072800652123987675
0.71728515625,22.78125,0.0073328944854438305
0.67822265625,23.078125,0.0073857237584888935
0.6513671875,23.390625,0.0074385530315339565
0.63037109375,23.71875,0.0074913823045790195
0.60888671875,24.078125,0.0075442115776240826
0.59619140625,24.4375,0.007597040850669146
0.59521484375,24.8125,0.007649870123714209
0.59375,25.203125,0.007702700328081846
0.59619140625,25.609375,0.007755529601126909
0.6064453125,26.015625,0.007808358874171972
0.619140625,26.453125,0.007861188612878323
0.63525390625,26.90625,0.007914017885923386
0.65625,27.375,0.007966847158968449
0.6826171875,27.859375,0.008019676432013512
0.720703125,28.34375,0.008072505705058575
0.7783203125,28.828125,0.008125334978103638
0.84521484375,29.3125,0.0081781642511487
0.93701171875,29.78125,0.008230993524193764
1.0634765625,30.25,0.008283822797238827
1.2138671875,30.71875,0.00833665207028389
1.3935546875,31.15625,0.008389481343328953
1.6103515625,31.578125,0.008442310616374016
1.85546875,31.96875,0.008495139889419079
2.119140625,32.34375,0.008547969162464142
2.388671875,32.71875,0.008600798435509205
2.650390625,33.09375,0.008653627708554268
2.896484375,33.46875,0.008706456981599331
3.12109375,33.84375,0.008759286254644394
3.3359375,34.25,0.008812115527689457
3.5390625,34.625,0.00886494480073452
3.724609375,35.03125,0.008917774073779583
3.904296875,35.40625,0.008970603346824646
4.09375,35.78125,0.009023432619869709
4.28125,36.125,0.009076261892914772
4.47265625,36.5,0.009129091165959835
4.66015625,36.84375,0.009181920439004898
4.8515625,37.1875,0.009234749712049961
5.02734375,37.53125,0.009287578985095024
5.1875,37.875,0.009340408258140087
5.33203125,38.25,0.00939323753118515
5.4609375,38.59375,0.009446066804230213
5.5859375,38.96875,0.009498896077275276
5.70703125,39.3125,0.00955172535032034
5.81640625,39.65625,0.009604554623365402
5.91015625,39.96875,0.009657383896410465
5.99609375,40.3125,0.009710213169455528
6.09375,40.65625,0.009763042442500591
6.2109375,41.0,0.009815871715545654
6.3203125,41.375,0.009868700988590717
6.41796875,41.78125,0.00992153026163578
6.5078125,42.21875,0.009974359534680843
6.58984375,42.65625,0.010027188807725906
6.66796875,43.09375,0.01008001808077097
6.7421875,43.53125,0.010132847353816032
6.8203125,43.96875,0.010185671970248222
6.91015625,44.375,0.010238496586680412
7.0,44.8125,0.010291321203112602
7.07421875,45.21875,0.010344145819544792
7.1328125,45.65625,0.010396970435976982
7.171875,46.0625,0.010449795052409172
7.1953125,46.5,0.010502619668841362
7.203125,46.9375,0.010555447079241276
7.17578125,47.40625,0.010608276352286339
7.1328125,47.875,0.010661105625331402
7.08203125,48.34375,0.010713934898376465
7.03515625,48.84375,0.010766764171421528
6.984375,49.3125,0.010819589719176292
6.9296875,49.78125,0.010872414335608482
6.87890625,50.25,0.010925238952040672
6.82421875,50.71875,0.010978063568472862
6.76171875,51.1875,0.011030888184905052
6.671875,51.65625,0.011083712801337242
6.55859375,52.15625,0.011136537417769432
6.41796875,52.65625,0.011189362034201622
6.26171875,53.15625,0.011242186650633812
6.09765625,53.65625,0.011295011267066002
5.9375,54.15625,0.011347835883498192
5.78515625,54.6875,0.011400660499930382
5.63671875,55.21875,0.011453485116362572
5.4921875,55.78125,0.011506309732794762
5.34765625,56.375,0.011559134349226952
5.1875,56.96875,0.011611958965659142
5.015625,57.5625,0.011664783582091331
4.828125,58.21875,0.011717608198523521
4.6171875,58.875,0.011770432814955711
4.3984375,59.53125,0.011823257431387901
4.1875,60.1875,0.011876082047820091
4.0078125,60.78125,0.011928906664252281
3.86328125,61.40625,0.011981731280684471
3.740234375,62.0,0.012034555897116661
3.626953125,62.59375,0.012087380513548851
3.513671875,63.1875,0.012140205129981041
3.3984375,63.78125,0.012193029746413231
3.28515625,64.375,0.01224585436284542
3.17578125,64.9375,0.01229867897927761
3.06640625,65.5,0.0123515035957098
2.958984375,66.0,0.01240432821214199
2.849609375,66.5625,0.01245715282857418
2.744140625,67.125,0.012509972788393497
2.65625,67.625,0.012562792748212814
2.58984375,68.1875,0.01261560246348381
2.54296875,68.6875,0.012668396346271038
2.51171875,69.1875,0.012721192091703415
2.4921875,69.6875,0.012773988768458366
2.47265625,70.1875,0.012826785445213318
2.439453125,70.6875,0.01287958212196827
2.3984375,71.1875,0.01293237879872322
2.361328125,71.6875,0.012985189445316792
2.330078125,72.25,0.013038009405136108
2.294921875,72.75,0.013090829364955425
2.2578125,73.25,0.013143649324774742
2.23046875,73.75,0.013196469284594059
2.22265625,74.25,0.013249289244413376
2.24609375,74.75,0.013302109204232693
2.294921875,75.25,0.013354932889342308
2.357421875,75.75,0.013407757505774498
2.419921875,76.25,0.013460582122206688
2.462890625,76.75,0.013513406738638878
2.48828125,77.3125,0.013566231355071068
2.509765625,77.8125,0.013619055971503258
2.53125,78.375,0.013671880587935448
2.548828125,78.9375,0.013724705204367638
2.552734375,79.5,0.013777529820799828
2.525390625,80.0625,0.013830354437232018
2.470703125,80.6875,0.013883179053664207
2.3828125,81.3125,0.013936003670096397
2.26171875,81.9375,0.013988828286528587
2.107421875,82.5625,0.014041652902960777
1.94140625,83.1875,0.014094477519392967
1.78125,83.8125,0.014147302135825157
1.638671875,84.4375,0.014200126752257347
1.5185546875,85.0625,0.014252951368689537
1.4189453125,85.6875,0.014305775985121727
1.333984375,86.375,0.014358600601553917
1.2666015625,87.0,0.014411425217986107
1.212890625,87.625,0.014464249834418297
1.158203125,88.3125,0.014517074450850487
1.0986328125,88.9375,0.014569899067282677
1.0419921875,89.5625,0.014622723683714867
0.994140625,90.25,0.014675548300147057
0.95263671875,90.875,0.014728372916579247
0.908203125,91.5625,0.014781197533011436
0.8525390625,92.25,0.014834022149443626
0.796875,92.9375,0.014886846765875816
0.76318359375,93.625,0.014939671382308006
0.75341796875,94.25,0.014992495998740196
0.76611328125,94.9375,0.015045320615172386
0.7939453125,95.625,0.015098145231604576
0.8193359375,96.3125,0.015150969848036766
0.833984375,97.0,0.015203794464468956
0.849609375,97.75,0.015256619080901146
0.87451171875,98.4375,0.015309443697333336
0.91259765625,99.1875,0.015362268313765526
0.96533203125,99.9375,0.015415092930197716
1.0244140625,100.6875,0.015467917546629906
1.0810546875,101.4375,0.015520742163062096
1.1376953125,102.1875,0.015573566779494286
1.203125,102.9375,0.015626391395926476
1.2822265625,103.6875,0.015679216012358665
1.373046875,104.4375,0.015732040628790855
1.4775390625,105.25,0.015784865245223045
1.6005859375,106.0,0.015837689861655235
1.7431640625,106.75,0.015890514478087425
1.9052734375,107.5,0.015943339094519615
2.08984375,108.25,0.015996163710951805
2.302734375,108.9375,0.016048988327383995
2.5390625,109.6875,0.016101812943816185
2.791015625,110.375,0.016154637560248375
3.05859375,111.0,0.016207462176680565
3.34375,111.6875,0.016260286793112755
3.640625,112.3125,0.016313111409544945
3.93359375,113.0,0.016365936025977135
4.21484375,113.625,0.016418760642409325
4.484375,114.3125,0.016471585258841515
4.73828125,114.9375,0.016524409875273705
4.9765625,115.625,0.016577234491705894
5.203125,116.3125,0.016630059108138084
5.4140625,117.0,0.016682883724570274
5.61328125,117.6875,0.016735708341002464
5.8046875,118.375,0.016788532957434654
5.98828125,119.0,0.016841357573866844
6.16796875,119.625,0.016894182190299034
6.3359375,120.3125,0.016947006806731224
6.48828125,120.9375,0.016999831423163414
6.6171875,121.5625,0.017052656039595604
6.73046875,122.25,0.017105480656027794
6.82421875,122.875,0.017158305272459984
6.9140625,123.5625,0.017211129888892174
7.0,124.25,0.017263952642679214
7.078125,124.9375,0.017316777259111404
7.1484375,125.625,0.017369601875543594
7.2109375,126.3125,0.017422426491975784
7.2734375,127.0625,0.017475251108407974
7.33984375,127.75,0.017528075724840164
7.41015625,128.375,0.017580900341272354
7.48046875,129.125,0.017633724957704544
7.55078125,129.875,0.017686549574136734
7.6171875,130.625,0.01773936115205288
7.67578125,131.25,0.01779215969145298
7.71484375,132.0,0.01784496195614338
7.734375,132.75,0.01789776422083378
7.71484375,133.5,0.017950566485524178
7.6640625,134.375,0.018003372475504875
7.58984375,135.125,0.01805618777871132
7.5,135.875,0.018109001219272614
7.390625,136.75,0.01816180720925331
7.2734375,137.5,0.01821461319923401
7.16015625,138.375,0.01826741173863411
7.0546875,139.125,0.018320223316550255
6.9609375,139.875,0.0183730386197567
6.859375,140.625,0.018425853922963142
6.7578125,141.375,0.018478678539395332
6.6484375,142.25,0.018531503155827522
6.53515625,143.0,0.018584327772259712
6.42578125,143.75,0.018637148663401604
6.3203125,144.625,0.018689965829253197
6.21875,145.375,0.01874278113245964
6.1171875,146.125,0.01879560574889183
6.0234375,147.0,0.018848421052098274
5.93359375,147.75,0.018901236355304718
5.84765625,148.5,0.018954051658511162
5.7578125,149.25,0.019006866961717606
5.65625,150.0,0.01905968226492405
5.54296875,150.75,0.019112497568130493
5.4140625,151.625,0.019165312871336937
5.2578125,152.375,0.01921812817454338
5.0859375,153.125,0.01927093416452408
4.90625,153.875,0.019323745742440224
4.71875,154.75,0.019376549869775772
4.52734375,155.5,0.01942935772240162
4.33203125,156.25,0.019482173025608063
4.140625,157.0,0.019534988328814507
3.95703125,157.75,0.01958780363202095
3.783203125,158.5,0.019640618935227394
3.619140625,159.25,0.019693434238433838
3.47265625,160.0,0.01974624954164028
3.353515625,160.75,0.019799064844846725
3.255859375,161.5,0.01985188014805317
3.177734375,162.25,0.019904695451259613
3.10546875,163.0,0.019957510754466057
3.0390625,163.75,0.0200103260576725
2.98046875,164.5,0.020063141360878944
2.931640625,165.25,0.020115956664085388
2.89453125,166.0,0.020168771967291832
2.86328125,166.75,0.020221587270498276
2.828125,167.5,0.02027440257370472
2.787109375,168.25,0.02032722719013691
2.7421875,169.0,0.0203800518065691
2.697265625,169.75,0.020432868972420692
2.65234375,170.5,0.020485689863562584
2.609375,171.25,0.020538514479994774
2.568359375,172.0,0.020591339096426964
2.529296875,172.875,0.020644163712859154
2.494140625,173.625,0.020696988329291344
2.4609375,174.375,0.020749812945723534
2.43359375,175.125,0.020802637562155724
2.416015625,175.875,0.020855456590652466
2.404296875,176.625,0.02090827189385891
2.40234375,177.375,0.0209610965102911
2.40625,178.25,0.02101392112672329
2.416015625,179.0,0.02106674574315548
2.423828125,179.75,0.02111957035958767
2.431640625,180.5,0.02117239497601986
2.439453125,181.25,0.02122521959245205
2.4453125,182.125,0.02127804420888424
2.447265625,182.875,0.02133086882531643
2.447265625,183.625,0.02138369344174862
2.443359375,184.375,0.02143651805818081
2.4375,185.25,0.021489342674613
2.431640625,186.0,0.02154216729104519
2.427734375,186.75,0.02159499190747738
2.421875,187.625,0.02164781652390957
2.41796875,188.375,0.02170063741505146
2.412109375,189.125,0.021753452718257904
2.412109375,189.875,0.021806275472044945
2.41796875,190.75,0.021859100088477135
2.431640625,191.5,0.021911924704909325
2.44921875,192.25,0.021964749321341515
2.466796875,193.125,0.02201756462454796
2.490234375,193.875,0.022070379927754402
2.51953125,194.625,0.022123195230960846
2.55078125,195.5,0.02217601053416729
2.583984375,196.25,0.022228825837373734
2.6171875,197.0,0.022281641140580177
2.650390625,197.875,0.02233445644378662
2.68359375,198.625,0.02238728106021881
2.716796875,199.375,0.022440105676651
2.755859375,200.25,0.022492926567792892
2.794921875,201.0,0.022545741870999336
2.8359375,201.75,0.02259855717420578
2.873046875,202.625,0.022651372477412224
2.912109375,203.375,0.022704187780618668
2.947265625,204.125,0.02275700308382511
2.978515625,205.0,0.022809818387031555
3.015625,205.75,0.022862633690238
3.05859375,206.625,0.022915448993444443
3.103515625,207.375,0.022968264296650887
3.15234375,208.25,0.02302107959985733
3.197265625,209.0,0.023073894903063774
3.234375,209.875,0.023126710206270218
3.265625,210.625,0.02317952550947666
3.291015625,211.375,0.023232338950037956
3.30859375,212.25,0.023285137489438057
3.322265625,213.0,0.023337941616773605
3.33203125,213.875,0.02339075691998005
3.34375,214.625,0.023443572223186493
3.359375,215.5,0.023496383801102638
3.376953125,216.25,0.02354918234050274
3.396484375,217.125,0.02360197901725769
3.419921875,217.875,0.023654775694012642
3.439453125,218.75,0.023707572370767593
3.45703125,219.5,0.023760369047522545
3.474609375,220.375,0.023813165724277496
3.490234375,221.125,0.023865962401032448
3.501953125,222.0,0.0239187590777874
3.509765625,222.75,0.02397155575454235
3.51171875,223.625,0.024024352431297302
3.51171875,224.375,0.024077164009213448
3.51171875,225.25,0.02412998676300049
3.513671875,226.0,0.024182794615626335
3.517578125,226.875,0.024235591292381287
3.5234375,227.625,0.024288387969136238
3.533203125,228.5,0.02434118092060089
3.546875,229.25,0.024393975734710693
3.564453125,230.125,0.024446772411465645
3.583984375,230.875,0.02449958771467209
3.6015625,231.75,0.024552403017878532
3.623046875,232.625,0.024605218321084976
3.64453125,233.375,0.024658042937517166
3.669921875,234.25,0.024710863828659058
3.697265625,235.0,0.024763671681284904
3.720703125,235.875,0.02481647953391075
3.7421875,236.625,0.024869294837117195
3.759765625,237.5,0.02492210455238819
3.775390625,238.25,0.024974919855594635
3.78515625,239.125,0.02502773515880108
3.7890625,240.0,0.025080541148781776
3.78515625,240.75,0.02513335458934307
3.775390625,241.625,0.025186169892549515
3.765625,242.375,0.02523898519575596
3.75390625,243.25,0.025291800498962402
3.740234375,244.0,0.025344615802168846
3.728515625,244.875,0.02539742924273014
3.716796875,245.75,0.025450225919485092
3.705078125,246.5,0.025503022596240044
3.69921875,247.375,0.02555583231151104
3.697265625,248.125,0.025608647614717484
3.69921875,249.0,0.025661462917923927
3.703125,249.875,0.025714272633194923
3.70703125,250.625,0.025767087936401367
3.7109375,251.5,0.025819901376962662
3.71484375,252.25,0.025872716680169106
3.716796875,253.125,0.02592553198337555
3.71484375,254.0,0.025978347286581993
3.708984375,254.75,0.026031162589788437
3.697265625,255.625,0.02608397603034973
3.68359375,256.25,0.026136791333556175
3.66796875,257.25,0.02618960663676262
3.650390625,258.0,0.026242421939969063
3.6328125,258.75,0.02629522792994976
3.615234375,259.75,0.026348037645220757
3.599609375,260.5,0.0264008529484272
3.5859375,261.25,0.026453668251633644
3.576171875,262.25,0.026506483554840088
3.56640625,263.0,0.02655929885804653
3.55859375,263.75,0.026612114161252975
3.5546875,264.75,0.02666492946445942
3.5546875,265.5,0.026717744767665863
3.560546875,266.25,0.026770558208227158
3.568359375,267.0,0.026823366060853004
3.576171875,268.0,0.0268761795014143
3.583984375,268.75,0.026928983628749847
3.591796875,269.5,0.026981785893440247
3.6015625,270.5,0.027034591883420944
3.61328125,271.25,0.027087390422821045
3.626953125,272.0,0.027140187099575996
3.63671875,273.0,0.027192983776330948
3.646484375,273.75,0.0272457804530859
3.654296875,274.5,0.02729857712984085
3.662109375,275.5,0.02735138311982155
3.66796875,276.25,0.027404185384511948
3.671875,277.0,0.02745700068771839
3.673828125,278.0,0.027509814128279686
3.673828125,278.75,0.027562620118260384
3.671875,279.5,0.02761542610824108
3.671875,280.5,0.027668241411447525
3.673828125,281.25,0.02772105671465397
3.6796875,282.0,0.027773872017860413
3.6875,283.0,0.027826687321066856
3.697265625,283.75,0.0278795026242733
3.712890625,284.5,0.027932317927479744
3.73046875,285.5,0.027985133230686188
3.751953125,286.25,0.02803794853389263
3.771484375,287.0,0.028090763837099075
3.791015625,288.0,0.02814357727766037
3.806640625,288.75,0.028196370229125023
3.822265625,289.5,0.02824917435646057
3.837890625,290.5,0.028301987797021866
3.849609375,291.25,0.02835480310022831
3.861328125,292.0,0.02840760536491871
3.87109375,293.0,0.028460413217544556
3.8828125,293.75,0.028513209894299507
3.89453125,294.5,0.028566015884280205
3.90625,295.5,0.02861883118748665
3.919921875,296.25,0.028671633452177048
3.93359375,297.0,0.028724430128932
3.947265625,298.0,0.02877722680568695
3.96484375,298.75,0.028830023482441902
3.984375,299.5,0.028882820159196854
4.00390625,300.5,0.028935609385371208
4.0234375,301.25,0.028988387435674667
4.04296875,302.25,0.029041165485978127
4.06640625,303.0,0.029093943536281586
4.08984375,303.75,0.029146721586585045
4.11328125,304.75,0.029199499636888504
4.13671875,305.5,0.029252294450998306
4.15625,306.25,0.029305098578333855
4.1796875,307.25,0.029357895255088806
4.203125,308.0,0.029410691931843758
4.22265625,308.75,0.02946348488330841
4.23828125,309.75,0.029516272246837616
4.25,310.5,0.02956905961036682
4.26171875,311.25,0.029621845111250877
4.2734375,312.25,0.029674623161554337
4.28125,313.0,0.029727401211857796
4.2890625,313.75,0.029780181124806404
4.29296875,314.75,0.02983296848833561
4.30078125,315.5,0.02988577075302601
4.3046875,316.5,0.029938576743006706
4.3125,317.25,0.029991386458277702
4.3203125,318.0,0.0300441924482584
4.328125,319.0,0.030096998438239098
4.33203125,319.75,0.030149798840284348
4.33984375,320.5,0.030202597379684448
4.34765625,321.5,0.030255403369665146
4.35546875,322.25,0.030308209359645844
4.36328125,323.25,0.030361006036400795
4.37109375,324.0,0.030413800850510597
4.375,324.75,0.030466608703136444
4.3828125,325.75,0.030519401654601097
4.3828125,326.5,0.030572177842259407
4.38671875,327.25,0.03062494657933712
4.3828125,328.25,0.030677715316414833
4.37890625,329.0,0.03073049709200859
4.37109375,330.0,0.03078330308198929
4.36328125,330.75,0.030836105346679688
4.359375,331.5,0.0308888778090477
4.35546875,332.5,0.030941670760512352
4.3515625,333.25,0.03099447302520275
4.34765625,334.0,0.031047269701957703
4.34375,335.0,0.0311000756919384
4.33984375,335.75,0.031152881681919098
4.3359375,336.75,0.031205687671899796
4.33203125,337.5,0.03125849366188049
4.328125,338.25,0.03131130337715149
4.3203125,339.25,0.031364113092422485
4.31640625,340.0,0.031416915357112885
4.30859375,341.0,0.03146972507238388
4.30078125,341.75,0.03152252733707428
4.296875,342.5,0.031575314700603485
4.2890625,343.5,0.03162810206413269
4.28125,344.25,0.031680889427661896
4.26953125,345.25,0.0317336767911911
4.2578125,346.0,0.031786464154720306
4.24609375,346.75,0.03183925151824951
4.23046875,347.75,0.03189203888177872
4.21875,348.5,0.03194482624530792
4.20703125,349.5,0.03199761360883713
4.1953125,350.25,0.03205040097236633
4.18359375,351.0,0.03210318833589554
4.171875,352.0,0.032155975699424744
4.1640625,352.75,0.03220876306295395
4.1484375,353.75,0.03226155787706375
4.1328125,354.5,0.03231436386704445
4.1171875,355.25,0.032367169857025146
4.1015625,356.25,0.032419975847005844
4.08984375,357.0,0.03247277811169624
4.078125,358.0,0.03252556920051575
4.06640625,358.75,0.032578375190496445
4.0546875,359.5,0.032631177455186844
4.046875,360.5,0.03268396481871605
4.0390625,361.25,0.03273676335811615
4.03515625,362.25,0.032789550721645355
4.02734375,363.0,0.03284233808517456
4.0234375,364.0,0.032895125448703766
4.015625,364.75,0.03294791281223297
4.01171875,365.5,0.03300072252750397
4.00390625,366.5,0.033053528517484665
4.0,367.25,0.033106349408626556
3.994140625,368.25,0.03315917029976845
3.990234375,369.0,0.03321199491620064
3.984375,369.75,0.033264804631471634
3.978515625,370.75,0.03331760689616203
3.97265625,371.5,0.03337041288614273
3.96875,372.5,0.03342321887612343
3.96484375,373.25,0.033476024866104126
3.9609375,374.25,0.033528830856084824
3.95703125,375.0,0.033581629395484924
3.955078125,375.75,0.03363442420959473
3.953125,376.75,0.03368721157312393
3.951171875,377.5,0.03373999893665314
3.951171875,378.5,0.033792778849601746
3.951171875,379.25,0.03384554758667946
3.951171875,380.0,0.03389831632375717
3.953125,381.0,0.033951085060834885
3.95703125,381.75,0.0340038537979126
3.9609375,382.75,0.03405667468905449
3.96484375,383.5,0.03410949185490608
3.966796875,384.5,0.03416231647133827
3.970703125,385.25,0.03421514108777046
3.974609375,386.0,0.03426795452833176
3.978515625,387.0,0.034320756793022156
3.98046875,387.75,0.034373555332422256
3.98046875,388.75,0.03442636877298355
3.98046875,389.5,0.03447919338941574
3.978515625,390.5,0.03453201800584793
3.978515625,391.25,0.03458482772111893
3.978515625,392.25,0.03463761880993843
3.978515625,393.0,0.03469039872288704
3.978515625,393.75,0.03474316745996475
3.978515625,394.75,0.034795936197042465
3.98046875,395.5,0.03484870493412018
3.982421875,396.5,0.03490147367119789
3.984375,397.25,0.034954242408275604
3.98828125,398.25,0.03500701114535332
3.9921875,399.0,0.03505979850888252
3.998046875,399.75,0.03511260449886322
4.00390625,400.75,0.03516541048884392
4.0078125,401.5,0.03521823137998581
4.01171875,402.5,0.035271041095256805
4.015625,403.25,0.0353238470852375
4.015625,404.25,0.035376667976379395
4.01953125,405.0,0.03542948514223099
4.01953125,406.0,0.035482291132211685
4.01953125,406.75,0.03553510457277298
4.015625,407.5,0.03558792918920517
4.015625,408.5,0.03564075380563736
4.01171875,409.25,0.035693563520908356
4.0078125,410.25,0.03574637323617935
4.00390625,411.0,0.035799186676740646
4.0,412.0,0.03585200756788254
4.0,412.75,0.035904813557863235
4.0,413.75,0.03595761954784393
4.0,414.5,0.03601042553782463
3.998046875,415.25,0.03606323152780533
3.99609375,416.25,0.036116037517786026
3.994140625,417.0,0.036168843507766724
3.9921875,418.0,0.03622165322303772
3.98828125,418.75,0.03627445921301842
3.986328125,419.75,0.03632727637887001
3.982421875,420.5,0.036380089819431305
3.9765625,421.5,0.036432895809412
3.970703125,422.25,0.0364857017993927
3.96484375,423.25,0.0365385003387928
3.9609375,424.0,0.0365912951529026
3.955078125,424.75,0.0366441011428833
3.951171875,425.75,0.036696907132864
3.943359375,426.5,0.0367497093975544
3.9375,427.5,0.0368025004863739
3.9296875,428.25,0.036855317652225494
3.919921875,429.25,0.03690812364220619
3.908203125,430.0,0.03696092963218689
3.896484375,431.0,0.03701373562216759
3.884765625,431.75,0.03706652671098709
3.873046875,432.75,0.037119314074516296
3.861328125,433.5,0.0371721014380455
3.849609375,434.25,0.03722488880157471
3.837890625,435.25,0.03727767616510391
3.826171875,436.0,0.03733046352863312
3.814453125,437.0,0.03738325461745262
3.802734375,437.75,0.03743604198098183
3.79296875,438.75,0.03748882934451103
3.783203125,439.5,0.03754161670804024
3.7734375,440.5,0.03759440779685974
3.763671875,441.25,0.03764721378684044
3.751953125,442.25,0.037700019776821136
3.740234375,443.0,0.037752825766801834
3.728515625,444.0,0.03780563175678253
3.716796875,444.75,0.03785843774676323
3.703125,445.5,0.03791124373674393
3.689453125,446.5,0.037964049726724625
3.67578125,447.25,0.03801685571670532
3.662109375,448.25,0.03806965425610542
3.6484375,449.0,0.038122452795505524
3.634765625,450.0,0.03817525878548622
3.62109375,450.75,0.03822806105017662
3.609375,451.75,0.03828086704015732
3.59765625,452.5,0.03833366930484772
3.587890625,453.5,0.03838645666837692
3.578125,454.25,0.03843925893306732
3.5703125,455.25,0.03849206492304802
3.5625,456.0,0.03854486346244812
3.5546875,457.0,0.03859766945242882
3.546875,457.75,0.038650475442409515
3.5390625,458.75,0.03870328143239021
3.53125,459.5,0.03875608742237091
3.525390625,460.25,0.03880889341235161
3.517578125,461.25,0.038861699402332306
3.509765625,462.0,0.038914505392313004
3.5,463.0,0.0389673113822937
3.4921875,463.75,0.0390201173722744
3.484375,464.75,0.039072923362255096
3.4765625,465.5,0.0391257144510746
3.46875,466.5,0.039178501814603806
3.458984375,467.25,0.03923129662871361
3.451171875,468.25,0.039284102618694305
3.443359375,469.0,0.039336908608675
3.435546875,470.0,0.03938969597220421
3.427734375,470.75,0.039442483335733414
3.421875,471.75,0.03949527069926262
3.416015625,472.5,0.039548058062791824
3.412109375,473.5,0.03960085287690163
3.41015625,474.25,0.039653658866882324
3.41015625,475.25,0.03970646485686302
3.408203125,476.0,0.03975927084684372
3.408203125,477.0,0.03981207683682442
3.408203125,477.75,0.039864882826805115
3.408203125,478.75,0.03991768881678581
3.40625,479.5,0.03997049480676651
3.40625,480.5,0.04002330079674721
3.40625,481.25,0.040076106786727905
3.404296875,482.0,0.0401289127767086
3.40234375,483.0,0.0401817187666893
3.3984375,483.75,0.04023452475667
3.396484375,484.75,0.040287330746650696
3.392578125,485.5,0.04034013673663139
3.388671875,486.5,0.04039294272661209
3.38671875,487.25,0.04044574499130249
3.3828125,488.25,0.040498532354831696
3.3828125,489.0,0.040551330894231796
3.380859375,490.0,0.040604136884212494
3.380859375,490.75,0.04065694287419319
3.3828125,491.75,0.04070974886417389
3.3828125,492.5,0.04076255485415459
3.384765625,493.5,0.04081537574529648
3.38671875,494.25,0.04086818918585777
3.390625,495.25,0.04092099517583847
3.39453125,496.0,0.04097380116581917
3.396484375,497.0,0.04102659225463867
3.400390625,497.75,0.04107937961816788
3.404296875,498.75,0.04113217443227768
3.408203125,499.5,0.04118498042225838
3.412109375,500.5,0.041237782686948776
3.41796875,501.25,0.041290588676929474
3.421875,502.25,0.04134339466691017
3.423828125,503.0,0.04139620065689087
3.427734375,504.0,0.04144901782274246
3.427734375,504.75,0.04150184243917465
3.427734375,505.75,0.04155464842915535
3.42578125,506.5,0.041607435792684555
3.42578125,507.5,0.04166021570563316
3.423828125,508.25,0.04171300306916237
3.423828125,509.25,0.04176580160856247
3.423828125,510.0,0.041818588972091675
3.421875,511.0,0.04187137633562088
3.421875,511.75,0.041924163699150085
3.421875,512.5,0.04197695106267929
3.421875,513.5,0.04202974587678909
3.421875,514.5,0.04208255186676979
3.42578125,515.0,0.0421353280544281
3.427734375,516.0,0.04218811169266701
3.4296875,517.0,0.042240917682647705
3.431640625,518.0,0.0422937236726284
3.43359375,518.5,0.0423465296626091
3.43359375,519.5,0.0423993356525898
3.431640625,520.5,0.042452141642570496
3.4296875,521.5,0.04250494763255119
3.42578125,522.5,0.042557746171951294
3.423828125,523.0,0.0426105335354805
3.419921875,524.0,0.042663320899009705
3.416015625,525.0,0.04271610826253891
3.412109375,526.0,0.042768895626068115
3.408203125,526.5,0.04282168298959732
3.40625,527.5,0.04287446662783623
3.40234375,528.5,0.04292725399136543
3.40234375,529.5,0.04298004135489464
3.400390625,530.0,0.04303282871842384
3.400390625,531.0,0.04308561608195305
3.400390625,532.0,0.04313841834664345
3.400390625,533.0,0.043191224336624146
3.400390625,533.5,0.04324403032660484
3.400390625,534.5,0.04329683631658554
3.400390625,535.5,0.04334964230656624
3.400390625,536.5,0.04340244084596634
3.400390625,537.0,0.04345524311065674
3.3984375,538.0,0.043508049100637436
3.39453125,539.0,0.043560855090618134
3.390625,540.0,0.04361366108059883
3.38671875,540.5,0.04366647079586983
3.3828125,541.5,0.043719276785850525
3.37890625,542.5,0.04377207159996033
3.375,543.5,0.04382485896348953
3.373046875,544.5,0.04387764632701874
3.373046875,545.0,0.04393043741583824
3.37109375,546.0,0.04398322477936745
3.37109375,547.0,0.04403601214289665
3.37109375,548.0,0.04408879950642586
3.373046875,548.5,0.04414158686995506
3.373046875,549.5,0.04419439285993576
3.375,550.5,0.04424719884991646
3.375,551.5,0.044300004839897156
3.376953125,552.0,0.04435281082987785
3.37890625,553.0,0.04440561681985855
3.37890625,554.0,0.04445842280983925
3.37890625,555.0,0.044511228799819946
3.37890625,555.5,0.044564034789800644
3.37890625,556.5,0.04461684077978134
3.37890625,557.5,0.04466964676976204
3.37890625,558.5,0.04472245275974274
3.380859375,559.5,0.044775258749723434
3.380859375,560.0,0.04482806473970413
3.3828125,561.0,0.04488087072968483
3.384765625,562.0,0.04493367671966553
3.38671875,563.0,0.04498649016022682
3.390625,563.5,0.04503931477665901
3.396484375,564.5,0.0450921356678009
3.400390625,565.5,0.04514492675662041
3.40625,566.5,0.04519771412014961
3.41015625,567.0,0.04525052011013031
3.4140625,568.0,0.04530332610011101
3.419921875,569.0,0.045356132090091705
3.423828125,570.0,0.045408945530653
3.4296875,571.0,0.04546177014708519
3.435546875,571.5,0.04551459103822708
3.44140625,572.5,0.04556740075349808
3.447265625,573.5,0.04562019556760788
3.455078125,574.5,0.045672982931137085
3.4609375,575.0,0.04572577774524689
3.466796875,576.0,0.045778583735227585
3.47265625,577.0,0.04583138972520828
3.478515625,578.0,0.04588419571518898
3.486328125,578.5,0.04593700170516968
3.4921875,579.5,0.045989807695150375
3.5,580.5,0.04604261368513107
3.5078125,581.5,0.04609541967511177
3.515625,582.5,0.046148207038640976
3.5234375,583.0,0.04620099440217018
3.533203125,584.0,0.04625378176569939
3.54296875,585.0,0.04630656912922859
3.552734375,586.0,0.046359360218048096
3.560546875,586.5,0.04641216620802879
3.5703125,587.5,0.046464987099170685
3.578125,588.5,0.04651780053973198
3.583984375,589.5,0.04657060652971268
3.591796875,590.5,0.046623412519693375
3.599609375,591.0,0.04667620733380318
3.60546875,592.0,0.046729013323783875
3.61328125,593.0,0.04678182676434517
3.619140625,594.0,0.04683463275432587
3.626953125,594.5,0.04688742384314537
3.6328125,595.5,0.046940211206674576
3.640625,596.5,0.04699299857020378
3.646484375,597.5,0.047045785933732986
3.65234375,598.0,0.04709858074784279
3.66015625,599.0,0.047151386737823486
3.66796875,600.0,0.047204192727804184
3.67578125,601.0,0.04725699871778488
3.685546875,602.0,0.047309789806604385
3.6953125,602.5,0.04736258462071419
3.703125,603.5,0.04741537198424339
3.7109375,604.5,0.0474681593477726
3.71875,605.5,0.047520946711301804
3.7265625,606.0,0.04757373407483101
3.734375,607.0,0.04762652888894081
3.740234375,608.0,0.04767933487892151
3.744140625,609.0,0.047732140868902206
3.75,610.0,0.0477849543094635
3.755859375,610.5,0.0478377602994442
3.759765625,611.5,0.047890566289424896
3.765625,612.5,0.047943390905857086
3.771484375,613.5,0.047996215522289276
3.77734375,614.0,0.048049017786979675
3.783203125,615.0,0.04810180515050888
3.787109375,616.0,0.048154592514038086
3.79296875,617.0,0.04820737987756729
3.796875,618.0,0.0482601672410965
3.80078125,618.5,0.0483129546046257
3.8046875,619.5,0.048365771770477295
3.810546875,620.5,0.04841858893632889
3.814453125,621.5,0.048471394926309586
3.8203125,622.5,0.048524197190999985
3.82421875,623.0,0.04857698455452919
3.830078125,624.0,0.048629771918058395
3.833984375,625.0,0.0486825592815876
3.837890625,626.0,0.048735346645116806
3.841796875,626.5,0.04878813400864601
3.845703125,627.5,0.04884093999862671
3.849609375,628.5,0.04889374598860741
3.8515625,629.5,0.048946551978588104
3.853515625,630.5,0.0489993654191494
3.85546875,631.0,0.049052171409130096
3.857421875,632.0,0.0491049587726593
3.859375,633.0,0.04915774613618851
3.861328125,634.0,0.04921053349971771
3.861328125,634.5,0.04926332086324692
3.861328125,635.5,0.04931610822677612
3.86328125,636.5,0.04936889559030533
3.861328125,637.5,0.049421682953834534
3.861328125,638.5,0.04947447031736374
3.861328125,639.0,0.049527257680892944
3.861328125,640.0,0.04958004504442215
3.861328125,641.0,0.049632832407951355
3.861328125,642.0,0.04968562722206116
3.861328125,643.0,0.049738433212041855
3.86328125,643.5,0.04979123920202255
3.86328125,644.5,0.04984404519200325
3.86328125,645.5,0.04989685118198395
3.86328125,646.5,0.049949657171964645
3.86328125,647.0,0.05000246316194534
3.86328125,648.0,0.05005526542663574
3.86328125,649.0,0.05010805279016495
3.86328125,650.0,0.05016084015369415
3.861328125,651.0,0.05021362751722336
3.859375,651.5,0.050266414880752563
3.859375,652.5,0.05031920224428177
3.857421875,653.5,0.05037201941013336
3.857421875,654.5,0.05042484402656555
3.857421875,655.5,0.05047766864299774
3.857421875,656.0,0.05053048953413963
3.857421875,657.0,0.050583306699991226
3.857421875,658.0,0.050636131316423416
3.857421875,659.0,0.050688955932855606
3.857421875,660.0,0.0507417730987072
3.857421875,660.5,0.0507945790886879
3.857421875,661.5,0.05084739252924919
3.857421875,662.5,0.05090019851922989
3.859375,663.5,0.05095302313566208
3.861328125,664.0,0.051005832850933075
3.861328125,665.0,0.05105862021446228
3.86328125,666.0,0.051111407577991486
3.86328125,667.0,0.05116419494152069
3.86328125,668.0,0.051216982305049896
3.86328125,668.5,0.0512697696685791
3.865234375,669.5,0.05132255703210831
3.865234375,670.5,0.05137534439563751
3.865234375,671.5,0.05142813175916672
3.865234375,672.5,0.05148091912269592
3.865234375,673.0,0.05153370648622513
3.865234375,674.0,0.051586493849754333
3.8671875,675.0,0.05163928121328354
3.869140625,676.0,0.051692090928554535
3.87109375,677.0,0.05174489691853523
3.873046875,677.5,0.05179770290851593
3.875,678.5,0.05185050889849663
3.876953125,679.5,0.051903314888477325
3.880859375,680.5,0.05195612087845802
3.884765625,681.5,0.05200892686843872
3.88671875,682.0,0.05206173285841942
3.890625,683.0,0.05211453139781952
3.89453125,684.0,0.052167318761348724
3.8984375,685.0,0.05222010612487793
3.90234375,686.0,0.05227291211485863
3.90625,686.5,0.05232570320367813
3.91015625,687.5,0.052378490567207336
3.912109375,688.5,0.05243127793073654
3.916015625,689.5,0.05248406529426575
3.91796875,690.0,0.05253685265779495
3.919921875,691.0,0.05258964002132416
3.923828125,692.0,0.05264242738485336
3.92578125,693.0,0.05269522964954376
3.9296875,694.0,0.05274803563952446
3.93359375,694.5,0.05280084162950516
3.9375,695.5,0.052853647619485855
3.94140625,696.5,0.05290646478533745
3.947265625,697.5,0.05295927822589874
3.951171875,698.5,0.05301208421587944
3.95703125,699.0,0.05306489020586014
3.9609375,700.0,0.053117696195840836
3.966796875,701.0,0.05317050218582153
3.97265625,702.0,0.05322330817580223
3.9765625,703.0,0.05327611789107323
3.982421875,703.5,0.05332893133163452
3.98828125,704.5,0.053381726145744324
3.994140625,705.5,0.05343451350927353
3.998046875,706.5,0.053487300872802734
4.00390625,707.5,0.05354008823633194
4.0078125,708.0,0.05359289050102234
4.01171875,709.0,0.05364571511745453
4.015625,710.0,0.05369853973388672
4.01953125,711.0,0.05375135689973831
4.0234375,712.0,0.053804147988557816
4.03125,712.5,0.053856950253248215
4.03515625,713.5,0.053909774869680405
4.0390625,714.5,0.053962599486112595
4.04296875,715.5,0.054015424102544785
4.05078125,716.5,0.054068248718976974
4.0546875,717.0,0.05412106588482857
4.05859375,718.0,0.054173871874809265
4.06640625,719.0,0.05422667786478996
4.0703125,720.0,0.054279476404190063
4.078125,721.0,0.05433226376771927
4.0859375,722.0,0.054385051131248474
4.09375,722.5,0.05443783849477768
4.1015625,723.5,0.054490625858306885
4.10546875,724.5,0.05454341322183609
4.11328125,725.5,0.05459623038768768
4.1171875,726.5,0.05464905500411987
4.125,727.0,0.05470187962055206
4.12890625,728.0,0.05475470423698425
4.1328125,729.0,0.05480752885341644
4.1328125,730.0,0.05486035346984863
4.13671875,731.0,0.054913170635700226
4.140625,731.5,0.05496597662568092
4.140625,732.5,0.05501876398921013
4.14453125,733.5,0.055071551352739334
4.14453125,734.5,0.05512433871626854
4.1484375,735.5,0.055177148431539536
4.1484375,736.0,0.055229973047971725
4.15234375,737.0,0.055282797664403915
4.15625,738.0,0.055335622280836105
4.16015625,739.0,0.0553884319961071
4.1640625,740.0,0.05544121935963631
4.1640625,740.5,0.05549400672316551
4.16796875,741.5,0.05554679408669472
4.171875,742.5,0.05559958145022392
4.17578125,743.5,0.05565236881375313
4.17578125,744.5,0.05570519343018532
4.17578125,745.0,0.05575801804661751
4.17578125,746.0,0.0558108426630497
4.17578125,747.0,0.05586366727948189
4.17578125,748.0,0.05591648444533348
4.17578125,749.0,0.055969271808862686
4.171875,750.0,0.05602205917239189
4.171875,750.5,0.0560748465359211
4.16796875,751.5,0.0561276338994503
4.16796875,752.5,0.05618042126297951
4.1640625,753.5,0.05623320862650871
4.1640625,754.5,0.05628599599003792
4.16015625,755.0,0.05633878335356712
4.16015625,756.0,0.05639159306883812
4.16015625,757.0,0.05644439905881882
4.16015625,758.0,0.056497205048799515
4.15625,759.0,0.05655001103878021
4.15625,759.5,0.056602805852890015
4.15234375,760.5,0.05665559321641922
4.15234375,761.5,0.056708380579948425
4.1484375,762.5,0.05676116794347763
4.14453125,763.5,0.056813955307006836
4.140625,764.5,0.05686676502227783
4.13671875,765.0,0.05691958963871002
4.1328125,766.0,0.05697241425514221
4.12890625,767.0,0.0570252388715744
4.12109375,768.0,0.05707806348800659
4.1171875,769.0,0.05713086575269699
4.11328125,769.5,0.057183653116226196
4.10546875,770.5,0.0572364404797554
4.1015625,771.5,0.05728922784328461
4.09375,772.5,0.05734201520681381
4.08984375,773.5,0.05739480257034302
4.08203125,774.5,0.05744758993387222
4.078125,775.0,0.05750037729740143
4.07421875,776.0,0.057553187012672424
4.06640625,777.0,0.05760600045323372
4.0625,778.0,0.05765882134437561
4.0546875,779.0,0.0577116459608078
4.05078125,779.5,0.05776447057723999
4.046875,780.5,0.05781729519367218
4.04296875,781.5,0.05787011981010437
4.03515625,782.5,0.05792291462421417
4.03125,783.5,0.05797573924064636
4.02734375,784.5,0.05802856385707855
4.01953125,785.0,0.05808138847351074
4.015625,786.0,0.05813420191407204
4.01171875,787.0,0.05818700045347214
4.00390625,788.0,0.05823982506990433
4.0,789.0,0.05829264968633652
3.99609375,789.5,0.05834547057747841
3.990234375,790.5,0.05839826539158821
3.986328125,791.5,0.058451052755117416
3.98046875,792.5,0.05850384384393692
3.9765625,793.5,0.05855666846036911
3.97265625,794.5,0.0586094930768013
3.96875,795.0,0.05866231769323349
3.962890625,796.0,0.05871514230966568
3.958984375,797.0,0.05876796320080757
3.955078125,798.0,0.05882077291607857
3.951171875,799.0,0.058873578906059265
3.9453125,799.5,0.05892636999487877
3.94140625,800.5,0.058979157358407974
3.9375,801.5,0.05903194472193718
3.935546875,802.5,0.05908474698662758
3.931640625,803.5,0.059137556701898575
3.927734375,804.5,0.05919034406542778
3.92578125,805.0,0.059243131428956985
3.923828125,806.0,0.05929591879248619
3.919921875,807.0,0.059348706156015396
3.91796875,808.0,0.0594015009701252
3.916015625,809.0,0.05945432558655739
3.9140625,810.0,0.05950715020298958
3.91015625,810.5,0.05955997109413147
3.908203125,811.5,0.059612762182950974
3.908203125,812.5,0.05966557562351227
3.90625,813.5,0.05971838906407356
3.904296875,814.5,0.05977119505405426
3.904296875,815.5,0.05982399359345436
3.90234375,816.0,0.05987681820988655
3.900390625,817.0,0.05992962419986725
3.8984375,818.0,0.05998242646455765
3.896484375,819.0,0.06003521382808685
3.896484375,820.0,0.06008800119161606
3.89453125,820.5,0.060140788555145264
3.892578125,821.5,0.06019357591867447
3.892578125,822.5,0.060246363282203674
3.890625,823.5,0.06029918044805527
3.888671875,824.5,0.06035200506448746
3.88671875,825.5,0.06040482968091965
3.88671875,826.0,0.06045765429735184
3.884765625,827.0,0.06051044911146164
3.8828125,828.0,0.06056325137615204
3.8828125,829.0,0.06061607599258423
3.880859375,830.0,0.06066889688372612
3.880859375,831.0,0.06072171777486801
3.880859375,831.5,0.06077450513839722
3.880859375,832.5,0.06082729250192642
3.8828125,833.5,0.06088009476661682
3.8828125,834.5,0.06093291938304901
3.8828125,835.5,0.0609857439994812
3.884765625,836.5,0.06103856861591339
3.884765625,837.0,0.06109137833118439
3.88671875,838.0,0.061144184321165085
3.88671875,839.0,0.06119699031114578
3.88671875,840.0,0.06124977767467499
3.884765625,841.0,0.06130256503820419
3.884765625,842.0,0.0613553524017334
3.8828125,842.5,0.0614081472158432
3.880859375,843.5,0.0614609532058239
3.87890625,844.5,0.06151372939348221
3.876953125,845.5,0.06156649813055992
3.875,846.5,0.061619289219379425
3.873046875,847.5,0.061672113835811615
3.87109375,848.0,0.061724938452243805
3.87109375,849.0,0.061777763068675995
3.869140625,850.0,0.061830587685108185
3.869140625,851.0,0.061883408576250076
3.8671875,852.0,0.061936214566230774
3.8671875,853.0,0.06198902055621147
3.8671875,853.5,0.06204182282090187
3.865234375,854.5,0.06209462881088257
3.86328125,855.5,0.062147438526153564
3.86328125,856.5,0.062200259417295456
3.861328125,857.5,0.062253084033727646
3.859375,858.5,0.062305908650159836
3.857421875,859.0,0.062358733266592026
3.853515625,860.0,0.062411557883024216
3.849609375,861.0,0.062464382499456406
3.845703125,862.0,0.0625171959400177
3.841796875,863.0,0.0625699982047081
3.8359375,864.0,0.06262282282114029
3.83203125,864.5,0.06267564743757248
3.826171875,865.5,0.06272847205400467
3.8203125,866.5,0.06278129667043686
3.81640625,867.5,0.06283412128686905
3.810546875,868.5,0.06288694590330124
3.806640625,869.5,0.06293974816799164
3.802734375,870.0,0.06299253553152084
3.796875,871.0,0.06304532289505005
3.79296875,872.0,0.06309811025857925
3.787109375,873.0,0.06315089762210846
3.78125,874.0,0.06320368498563766
3.775390625,875.0,0.06325647234916687
3.76953125,875.5,0.06330928206443787
3.763671875,876.5,0.06336210668087006
3.7578125,877.5,0.06341493129730225
3.751953125,878.5,0.06346775591373444
3.74609375,879.5,0.06352058053016663
3.73828125,880.5,0.06357340514659882
3.732421875,881.0,0.063626229763031
3.724609375,882.0,0.0636790543794632
3.716796875,883.0,0.06373187899589539
3.708984375,884.0,0.06378470361232758
3.701171875,885.0,0.06383752822875977
3.693359375,886.0,0.06389035284519196
3.685546875,886.5,0.06394317746162415
3.677734375,887.5,0.06399600207805634
3.671875,888.5,0.06404882669448853
3.6640625,889.5,0.06410165131092072
3.658203125,890.5,0.0641544759273529
3.65234375,891.5,0.0642072781920433
3.646484375,892.5,0.06426006555557251
3.638671875,893.0,0.06431285291910172
3.6328125,894.0,0.06436566263437271
3.625,895.0,0.0644184872508049
3.619140625,896.0,0.06447131186723709
3.61328125,897.0,0.06452413648366928
3.60546875,898.0,0.06457696110010147
3.599609375,898.5,0.06462978571653366
3.59375,899.5,0.06468261033296585
3.5859375,900.5,0.06473543494939804
3.580078125,901.5,0.06478825956583023
3.572265625,902.5,0.06484108418226242
3.56640625,903.5,0.06489390879869461
3.55859375,904.0,0.0649467334151268
3.552734375,905.0,0.06499955803155899
3.546875,906.0,0.06505238264799118
3.5390625,907.0,0.06510520726442337
3.533203125,908.0,0.06515803188085556
3.52734375,909.0,0.06521085649728775
3.5234375,910.0,0.06526366621255875
3.517578125,910.5,0.06531645357608795
3.513671875,911.5,0.06536924093961716
3.5078125,912.5,0.06542205065488815
3.50390625,913.5,0.06547487527132034
3.5,914.5,0.06552769988775253
3.49609375,915.5,0.06558052450418472
3.4921875,916.0,0.06563334912061691
3.48828125,917.0,0.0656861737370491
3.486328125,918.0,0.06573899835348129
3.482421875,919.0,0.06579182296991348
3.478515625,920.0,0.06584464758634567
3.4765625,921.0,0.06589747220277786
3.47265625,922.0,0.06595029681921005
3.470703125,922.5,0.06600309163331985
3.466796875,923.5,0.06605587899684906
3.46484375,924.5,0.06610866636037827
3.4609375,925.5,0.06616145372390747
3.45703125,926.5,0.06621424108743668
3.453125,927.5,0.06626706570386887
3.451171875,928.0,0.06631989032030106
3.44921875,929.0,0.06637271493673325
3.4453125,930.0,0.06642553955316544
3.443359375,931.0,0.06647833436727524
3.44140625,932.0,0.06653115898370743
3.439453125,933.0,0.06658398360013962
3.439453125,934.0,0.06663680821657181
3.4375,934.5,0.066689632833004
3.435546875,935.5,0.06674245744943619
3.435546875,936.5,0.06679528206586838
3.43359375,937.5,0.06684810668230057
3.43359375,938.5,0.06690093129873276
3.431640625,939.5,0.06695375591516495
3.431640625,940.0,0.06700658053159714
3.431640625,941.0,0.06705940514802933
3.4296875,942.0,0.06711222231388092
3.4296875,943.0,0.06716500967741013
3.4296875,944.0,0.06721781194210052
3.4296875,945.0,0.06727063655853271
3.427734375,946.0,0.0673234611749649
3.42578125,946.5,0.0673762783408165
3.42578125,947.5,0.06742910295724869
3.423828125,948.5,0.06748192757368088
3.423828125,949.5,0.06753475219011307
3.423828125,950.5,0.06758757680654526
3.423828125,951.5,0.06764040142297745
3.423828125,952.5,0.06769322603940964
3.423828125,953.0,0.06774605065584183
3.423828125,954.0,0.06779887527227402
3.423828125,955.0,0.06785169988870621
3.423828125,956.0,0.0679045245051384
3.423828125,957.0,0.06795734912157059
3.423828125,958.0,0.06801017373800278
3.423828125,959.0,0.06806299835443497
3.42578125,959.5,0.06811582297086716
3.42578125,960.5,0.06816864758729935
3.42578125,961.5,0.06822147220373154
3.427734375,962.5,0.06827429682016373
3.427734375,963.5,0.06832712143659592
3.427734375,964.5,0.0683799460530281
3.427734375,965.5,0.0684327706694603
3.42578125,966.0,0.06848559528589249
3.423828125,967.0,0.06853841990232468
3.421875,968.0,0.06859124451875687
3.419921875,969.0,0.06864406913518906
3.41796875,970.0,0.06869689375162125
3.416015625,971.0,0.06874971836805344
3.4140625,971.5,0.06880254298448563
3.4140625,972.5,0.06885536760091782
3.412109375,973.5,0.06890819221735
3.412109375,974.5,0.0689610168337822
3.41015625,975.5,0.06901384145021439
3.41015625,976.5,0.06906666606664658
3.408203125,977.5,0.06911949068307877
3.408203125,978.5,0.06917231529951096
3.40625,979.0,0.06922513991594315
3.404296875,980.0,0.06927796453237534
3.404296875,981.0,0.06933078914880753
3.40234375,982.0,0.06938361376523972
3.40234375,983.0,0.0694364383816719
3.400390625,984.0,0.0694892629981041
3.3984375,985.0,0.06954208761453629
3.39453125,985.5,0.06959491223096848
3.392578125,986.5,0.06964773684740067
3.390625,987.5,0.06970056146383286
3.38671875,988.5,0.06975338608026505
3.384765625,989.5,0.06980618834495544
3.3828125,990.5,0.06985898315906525
3.380859375,991.5,0.06991177052259445
3.37890625,992.0,0.06996455788612366
3.376953125,993.0,0.07001736760139465
3.375,994.0,0.07007019221782684
3.373046875,995.0,0.07012301683425903
3.37109375,996.0,0.07017584145069122
3.369140625,997.0,0.07022866606712341
3.3671875,998.0,0.0702814906835556
3.365234375,998.5,0.07033431529998779
3.36328125,999.5,0.07038713991641998
3.361328125,1000.5,0.07043996453285217
3.359375,1001.5,0.07049278914928436
3.357421875,1002.5,0.07054561376571655
3.35546875,1003.5,0.07059841603040695
3.353515625,1004.5,0.07065124064683914
3.3515625,1005.0,0.07070406526327133
3.349609375,1006.0,0.07075688987970352
3.34765625,1007.0,0.07080971449613571
3.345703125,1008.0,0.0708625391125679
3.34375,1009.0,0.07091536372900009
3.341796875,1010.0,0.07096818834543228
3.341796875,1011.0,0.07102101296186447
3.33984375,1012.0,0.07107383757829666
3.33984375,1012.5,0.07112666219472885
3.337890625,1013.5,0.07117948681116104
3.337890625,1014.5,0.07123231142759323
3.337890625,1015.5,0.07128513604402542
3.337890625,1016.5,0.07133796066045761
3.337890625,1017.5,0.0713907852768898
3.337890625,1018.5,0.07144360989332199
3.337890625,1019.0,0.07149643450975418
3.337890625,1020.0,0.07154925912618637
3.337890625,1021.0,0.07160208374261856
3.337890625,1022.0,0.07165490835905075
3.337890625,1023.0,0.07170773297548294
3.33984375,1024.0,0.07176055759191513
3.33984375,1025.0,0.07181338220834732
3.341796875,1026.0,0.07186620682477951
3.34375,1026.0,0.0719190314412117
3.345703125,1027.0,0.07197185605764389
3.34765625,1028.0,0.07202468067407608
3.349609375,1029.0,0.07207750529050827
3.3515625,1030.0,0.07213032990694046
3.353515625,1031.0,0.07218315452337265
3.35546875,1032.0,0.07223597913980484
3.359375,1033.0,0.07228880375623703
3.36328125,1034.0,0.07234162837266922
3.365234375,1035.0,0.07239445298910141
3.369140625,1036.0,0.0724472776055336
3.373046875,1037.0,0.07250010222196579
3.37890625,1038.0,0.07255292683839798
3.3828125,1039.0,0.07260575145483017
3.38671875,1040.0,0.07265857607126236
3.390625,1041.0,0.07271140068769455
3.39453125,1041.0,0.07276422530412674
3.3984375,1042.0,0.07281704992055893
3.40234375,1043.0,0.07286987453699112
3.40625,1044.0,0.07292269915342331
3.41015625,1045.0,0.0729755237698555
3.4140625,1046.0,0.07302834838628769
3.419921875,1047.0,0.07308117300271988
3.423828125,1048.0,0.07313399761915207
3.4296875,1049.0,0.07318682223558426
3.435546875,1050.0,0.07323964685201645
3.44140625,1051.0,0.07329247146844864
3.447265625,1052.0,0.07334529608488083
3.453125,1053.0,0.07339812070131302
3.458984375,1054.0,0.07345094531774521
3.466796875,1055.0,0.0735037699341774
3.47265625,1055.0,0.07355659455060959
3.478515625,1056.0,0.07360941916704178
3.484375,1057.0,0.07366224378347397
3.490234375,1058.0,0.07371506839990616
3.49609375,1059.0,0.07376789301633835
3.501953125,1060.0,0.07382071763277054
3.505859375,1061.0,0.07387354224920273
3.51171875,1062.0,0.07392636686563492
3.517578125,1063.0,0.07397919148206711
3.521484375,1064.0,0.0740320160984993
3.52734375,1065.0,0.07408484071493149
3.53125,1066.0,0.07413766533136368
3.537109375,1067.0,0.07419048994779587
3.54296875,1068.0,0.07424331456422806
3.548828125,1069.0,0.07429613918066025
3.5546875,1070.0,0.07434896379709244
3.5625,1070.0,0.07440178841352463
3.568359375,1071.0,0.07445461302995682
3.57421875,1072.0,0.07450743764638901
3.580078125,1073.0,0.0745602622628212
3.587890625,1074.0,0.07461308687925339
3.59375,1075.0,0.07466591149568558
3.599609375,1076.0,0.07471873611211777
3.60546875,1077.0,0.07477156072854996
3.611328125,1078.0,0.07482438534498215
3.615234375,1079.0,0.07487720996141434
3.62109375,1080.0,0.07493003457784653
3.625,1081.0,0.07498285919427872
3.62890625,1082.0,0.07503568381071091
3.634765625,1083.0,0.0750885084271431
3.638671875,1084.0,0.07514133304357529
3.642578125,1085.0,0.07519415766000748
3.646484375,1086.0,0.07524698227643967
3.65234375,1086.0,0.07529980689287186
3.65625,1087.0,0.07535263150930405
3.662109375,1088.0,0.07540545612573624
3.666015625,1089.0,0.07545828074216843
3.671875,1090.0,0.07551110535860062
3.67578125,1091.0,0.0755639299750328
3.681640625,1092.0,0.075616754591465
3.685546875,1093.0,0.07566957920789719
3.69140625,1094.0,0.07572240382432938
3.6953125,1095.0,0.07577522844076157
3.69921875,1096.0,0.07582805305719376
3.703125,1097.0,0.07588087767362595
3.705078125,1098.0,0.07593370229005814
3.708984375,1099.0,0.07598652690649033
3.7109375,1100.0,0.07603935152292252
3.71484375,1101.0,0.0760921761393547
3.716796875,1102.0,0.0761450007557869
3.71875,1102.0,0.07619782537221909
3.72265625,1103.0,0.07625064998865128
3.724609375,1104.0,0.07630347460508347
3.728515625,1105.0,0.07635629922151566
3.732421875,1106.0,0.07640911638736725
3.734375,1107.0,0.07646190375089645
3.73828125,1108.0,0.07651472836732864
3.740234375,1109.0,0.07656755298376083
3.744140625,1110.0,0.07662037760019302
3.74609375,1111.0,0.07667320221662521
3.75,1112.0,0.0767260268330574
3.751953125,1113.0,0.0767788514494896
3.75390625,1114.0,0.07683167606592178
3.755859375,1115.0,0.07688450068235397
3.7578125,1116.0,0.07693732529878616
3.759765625,1117.0,0.07699014991521835
3.76171875,1118.0,0.07704297453165054
3.76171875,1118.0,0.07709579914808273
3.76171875,1119.0,0.07714862376451492
3.763671875,1120.0,0.07720144838094711
3.763671875,1121.0,0.0772542729973793
3.763671875,1122.0,0.07730709761381149
3.765625,1123.0,0.07735992223024368
3.765625,1124.0,0.07741274684667587
3.767578125,1125.0,0.07746557146310806
3.767578125,1126.0,0.07751839607954025
3.76953125,1127.0,0.07757122069597244
3.771484375,1128.0,0.07762404531240463
3.7734375,1129.0,0.07767686992883682
3.775390625,1130.0,0.07772969454526901
3.77734375,1131.0,0.0777825191617012
3.779296875,1132.0,0.07783534377813339
3.779296875,1133.0,0.07788816839456558
3.78125,1134.0,0.07794099301099777
3.783203125,1134.0,0.07799381762742996
3.78515625,1135.0,0.07804664224386215
3.787109375,1136.0,0.07809946686029434
3.787109375,1137.0,0.07815229147672653
3.7890625,1138.0,0.07820511609315872
3.7890625,1139.0,0.07825794070959091
3.7890625,1140.0,0.0783107653260231
3.791015625,1141.0,0.07836358994245529
3.791015625,1142.0,0.07841641455888748
3.79296875,1143.0,0.07846923917531967
3.79296875,1144.0,0.07852206379175186
3.794921875,1145.0,0.07857488840818405
3.796875,1146.0,0.07862771302461624
3.798828125,1147.0,0.07868053764104843
3.798828125,1148.0,0.07873336225748062
3.80078125,1149.0,0.07878618687391281
3.802734375,1150.0,0.078839011490345
3.806640625,1151.0,0.07889183610677719
3.80859375,1151.0,0.07894466072320938
3.810546875,1152.0,0.07899748533964157
3.8125,1153.0,0.07905030995607376
3.814453125,1154.0,0.07910313457250595
3.81640625,1155.0,0.07915595918893814
3.818359375,1156.0,0.07920878380537033
3.8203125,1157.0,0.07926160842180252
3.822265625,1158.0,0.07931443303823471
3.826171875,1159.0,0.0793672576546669
3.828125,1160.0,0.07942008227109909
3.830078125,1161.0,0.07947290688753128
3.83203125,1162.0,0.07952573150396347
3.833984375,1163.0,0.07957855612039566
3.8359375,1164.0,0.07963138073682785
3.83984375,1165.0,0.07968420535326004
3.841796875,1166.0,0.07973702996969223
3.845703125,1167.0,0.07978985458612442
3.84765625,1168.0,0.07984267920255661
3.8515625,1169.0,0.0798955038189888
3.853515625,1169.0,0.07994832843542099
3.857421875,1170.0,0.08000115305185318
3.859375,1171.0,0.08005397766828537
3.86328125,1172.0,0.08010680228471756
3.865234375,1173.0,0.08015962690114975
3.869140625,1174.0,0.08021245151758194
3.87109375,1175.0,0.08026527613401413
3.875,1176.0,0.08031810075044632
3.876953125,1177.0,0.08037092536687851
3.880859375,1178.0,0.0804237499833107
3.884765625,1179.0,0.08047657459974289
3.88671875,1180.0,0.08052939921617508
3.890625,1181.0,0.08058222383260727
3.892578125,1182.0,0.08063504844903946
3.89453125,1183.0,0.08068787306547165
3.8984375,1184.0,0.08074069768190384
3.900390625,1185.0,0.08079352229833603
3.904296875,1186.0,0.08084634691476822
3.90625,1187.0,0.08089917153120041
3.91015625,1187.0,0.0809519961476326
3.9140625,1188.0,0.08100482076406479
3.91796875,1189.0,0.08105764538049698
3.921875,1190.0,0.08111046999692917
3.92578125,1191.0,0.08116329461336136
3.9296875,1192.0,0.08121611922979355
3.931640625,1193.0,0.08126894384622574
3.935546875,1194.0,0.08132176846265793
3.94140625,1195.0,0.08137459307909012
3.9453125,1196.0,0.08142741769552231
3.94921875,1197.0,0.0814802423119545
3.953125,1198.0,0.08153306692838669
3.95703125,1199.0,0.08158589154481888
3.9609375,1200.0,0.08163871616125107
3.962890625,1201.0,0.08169154077768326
3.966796875,1202.0,0.08174436539411545
3.970703125,1203.0,0.08179719001054764
3.97265625,1204.0,0.08185001462697983
3.9765625,1205.0,0.08190283924341202
3.98046875,1205.0,0.08195566385984421
3.984375,1206.0,0.0820084884762764
3.98828125,1207.0,0.08206131309270859
3.9921875,1208.0,0.08211413770914078
3.99609375,1209.0,0.08216696232557297
4.0,1210.0,0.08221978694200516
4.00390625,1211.0,0.08227258920669556
4.0078125,1212.0,0.08232537657022476
4.01171875,1213.0,0.08237816393375397
4.015625,1214.0,0.08243098855018616
4.01953125,1215.0,0.08248381316661835
4.0234375,1216.0,0.08253663778305054
4.02734375,1217.0,0.08258946239948273
4.03125,1218.0,0.08264228701591492
4.03515625,1219.0,0.0826951116323471
4.0390625,1220.0,0.0827479362487793
4.0390625,1221.0,0.08280076086521149
4.04296875,1222.0,0.08285358548164368
4.04296875,1223.0,0.08290641009807587
4.046875,1224.0,0.08295923471450806
4.05078125,1224.0,0.08301205933094025
4.05078125,1225.0,0.08306488394737244
4.0546875,1226.0,0.08311770856380463
4.0546875,1227.0,0.08317053318023682
4.05859375,1228.0,0.083223357796669
4.0625,1229.0,0.0832761824131012
4.0625,1230.0,0.08332900702953339
4.06640625,1231.0,0.08338183164596558
4.0703125,1232.0,0.08343465626239777
4.0703125,1233.0,0.08348748087882996
4.07421875,1234.0,0.08354030549526215
4.07421875,1235.0,0.08359313011169434
4.078125,1236.0,0.08364595472812653
4.078125,1237.0,0.08369877934455872
4.08203125,1238.0,0.0837516039609909
4.08203125,1239.0,0.0838044285774231
4.08203125,1240.0,0.08385725319385529
4.08203125,1241.0,0.08391007781028748
4.0859375,1242.0,0.08396290242671967
4.0859375,1243.0,0.08401572704315186
4.0859375,1244.0,0.08406855165958405
4.0859375,1244.0,0.08412137627601624
4.0859375,1245.0,0.08417420089244843
4.08203125,1246.0,0.08422702550888062
4.08203125,1247.0,0.0842798501253128
4.08203125,1248.0,0.084332674741745
4.08203125,1249.0,0.08438549935817719
4.08203125,1250.0,0.08443832397460938
4.08203125,1251.0,0.08449114859104156
4.08203125,1252.0,0.08454397320747375
4.08203125,1253.0,0.08459679782390594
4.08203125,1254.0,0.08464962244033813
4.08203125,1255.0,0.08470244705677032
4.078125,1256.0,0.08475527167320251
4.078125,1257.0,0.0848080962896347
4.07421875,1258.0,0.0848609209060669
4.07421875,1259.0,0.08491374552249908
4.07421875,1260.0,0.08496657013893127
4.0703125,1261.0,0.08501939475536346
4.0703125,1262.0,0.08507221937179565
4.06640625,1263.0,0.08512504398822784
4.06640625,1264.0,0.08517786860466003
4.0625,1265.0,0.08523069322109222
4.05859375,1265.0,0.08528351783752441
4.05859375,1266.0,0.0853363424539566
4.0546875,1267.0,0.0853891670703888
4.05078125,1268.0,0.08544199168682098
4.05078125,1269.0,0.08549481630325317
4.046875,1270.0,0.08554764091968536
4.04296875,1271.0,0.08560046553611755
4.04296875,1272.0,0.08565329015254974
4.0390625,1273.0,0.08570611476898193
4.0390625,1274.0,0.08575893938541412
4.03515625,1275.0,0.08581176400184631
4.03515625,1276.0,0.0858645886182785
4.03125,1277.0,0.0859174132347107
4.03125,1278.0,0.08597023785114288
4.02734375,1279.0,0.08602306246757507
4.0234375,1280.0,0.08607588708400726
4.0234375,1281.0,0.08612871170043945
4.01953125,1282.0,0.08618153631687164
4.015625,1283.0,0.08623436093330383
4.015625,1284.0,0.08628718554973602
4.01171875,1285.0,0.08634001016616821
4.0078125,1286.0,0.0863928347826004
4.00390625,1286.0,0.08644565939903259
4.00390625,1287.0,0.08649848401546478
4.0,1288.0,0.08655130863189697
3.998046875,1289.0,0.08660413324832916
3.994140625,1290.0,0.08665695786476135
3.9921875,1291.0,0.08670978248119354
3.990234375,1292.0,0.08676260709762573
3.98828125,1293.0,0.08681543171405792
3.986328125,1294.0,0.08686825633049011
3.986328125,1295.0,0.0869210809469223
3.984375,1296.0,0.08697390556335449
3.982421875,1297.0,0.08702673017978668
3.98046875,1298.0,0.08707955479621887
3.978515625,1299.0,0.08713237941265106
3.9765625,1300.0,0.08718520402908325
3.974609375,1301.0,0.08723802864551544
3.97265625,1302.0,0.08729085326194763
3.970703125,1303.0,0.08734367787837982
3.96875,1304.0,0.08739650249481201
3.966796875,1305.0,0.0874493271112442
3.96484375,1306.0,0.08750215172767639
3.962890625,1307.0,0.08755497634410858
3.962890625,1308.0,0.08760780096054077
3.9609375,1309.0,0.08766062557697296
3.958984375,1309.0,0.08771345019340515
3.95703125,1310.0,0.08776627480983734
3.955078125,1311.0,0.08781909942626953
3.953125,1312.0,0.08787192404270172
3.953125,1313.0,0.08792474865913391
3.951171875,1314.0,0.0879775732755661
3.94921875,1315.0,0.08803039789199829
3.94921875,1316.0,0.08808322250843048
3.947265625,1317.0,0.08813604712486267
3.947265625,1318.0,0.08818887174129486
3.9453125,1319.0,0.08824169635772705
3.9453125,1320.0,0.08829452097415924
3.943359375,1321.0,0.08834734559059143
3.94140625,1322.0,0.08840017020702362
3.94140625,1323.0,0.08845299482345581
3.939453125,1324.0,0.088505819439888
3.939453125,1325.0,0.08855864405632019
3.9375,1326.0,0.08861146867275238
3.9375,1327.0,0.08866429328918457
3.9375,1328.0,0.08871711790561676
3.935546875,1329.0,0.08876994252204895
3.935546875,1330.0,0.08882276713848114
3.93359375,1331.0,0.08887559175491333
3.93359375,1332.0,0.08892841637134552
3.931640625,1333.0,0.08898124098777771
3.931640625,1333.0,0.0890340656042099
3.931640625,1334.0,0.08908689022064209
3.9296875,1335.0,0.08913971483707428
3.9296875,1336.0,0.08919253945350647
3.927734375,1337.0,0.08924536406993866
3.927734375,1338.0,0.08929818868637085
3.927734375,1339.0,0.08935101330280304
3.92578125,1340.0,0.08940383791923523
3.92578125,1341.0,0.08945666253566742
3.923828125,1342.0,0.08950948715209961
3.923828125,1343.0,0.0895623117685318
3.921875,1344.0,0.08961513638496399
3.921875,1345.0,0.08966796100139618
3.921875,1346.0,0.08972078561782837
3.919921875,1347.0,0.08977361023426056
3.919921875,1348.0,0.08982643485069275
3.91796875,1349.0,0.08987925946712494
3.916015625,1350.0,0.08993208408355713
3.9140625,1351.0,0.08998490869998932
3.912109375,1352.0,0.09003773331642151
3.91015625,1353.0,0.0900905579328537
3.908203125,1354.0,0.09014338254928589
3.908203125,1355.0,0.09019620716571808
3.90625,1356.0,0.09024903178215027
3.904296875,1357.0,0.09030185639858246
3.90234375,1358.0,0.09035468101501465
3.900390625,1358.0,0.09040750563144684
3.8984375,1359.0,0.09046033024787903
3.89453125,1360.0,0.09051315486431122
3.892578125,1361.0,0.09056597948074341
3.890625,1362.0,0.0906188040971756
3.888671875,1363.0,0.09067162871360779
3.88671875,1364.0,0.09072445333003998
3.8828125,1365.0,0.09077727794647217
3.880859375,1366.0,0.09083010256290436
3.87890625,1367.0,0.09088292717933655
3.875,1368.0,0.09093575179576874
3.87109375,1369.0,0.09098857641220093
3.8671875,1370.0,0.09104140102863312
3.865234375,1371.0,0.09109422564506531
3.861328125,1372.0,0.0911470502614975
3.85546875,1373.0,0.09119987487792969
3.8515625,1374.0,0.09125269949436188
3.84765625,1375.0,0.09130552411079407
3.84375,1376.0,0.09135834872722626
3.83984375,1377.0,0.09141117334365845
3.833984375,1378.0,0.09146399796009064
3.830078125,1379.0,0.09151682257652283
3.82421875,1380.0,0.09156964719295502
3.8203125,1381.0,0.09162247180938721
3.814453125,1382.0,0.0916752964258194
3.810546875,1383.0,0.09172812104225159
3.8046875,1384.0,0.09178094565868378
3.80078125,1385.0,0.09183377027511597
3.796875,1385.0,0.09188659489154816
3.791015625,1386.0,0.09193941950798035
3.787109375,1387.0,0.09199224412441254
3.78125,1388.0,0.09204506874084473
3.77734375,1389.0,0.09209789335727692
3.771484375,1390.0,0.0921507179737091
3.767578125,1391.0,0.0922035425901413
3.76171875,1392.0,0.09225636720657349
3.7578125,1393.0,0.09230919182300568
3.751953125,1394.0,0.09236201643943787
3.74609375,1395.0,0.09241484105587006
3.7421875,1396.0,0.09246766567230225
3.736328125,1397.0,0.09252049028873444
3.73046875,1398.0,0.09257331490516663
3.724609375,1399.0,0.09262613952159882
3.720703125,1400.0,0.092678964138031
3.71484375,1401.0,0.0927317887544632
3.708984375,1402.0,0.09278461337089539
3.703125,1403.0,0.09283743798732758
3.697265625,1404.0,0.09289026260375977
3.693359375,1405.0,0.09294308722019196
3.6875,1406.0,0.09299591183662415
3.681640625,1407.0,0.09304873645305634
3.677734375,1408.0,0.09310156106948853
3.673828125,1409.0,0.09315438568592072
3.66796875,1410.0,0.0932072103023529
3.6640625,1411.0,0.0932600349187851
3.66015625,1412.0,0.09331285953521729
3.654296875,1413.0,0.09336568415164948
3.650390625,1414.0,0.09341850876808167
3.646484375,1414.0,0.09347133338451385
3.642578125,1415.0,0.09352415800094604
3.638671875,1416.0,0.09357698261737823
3.634765625,1417.0,0.09362980723381042
3.630859375,1418.0,0.09368263185024261
3.626953125,1419.0,0.0937354564666748
3.623046875,1420.0,0.093788281083107
3.619140625,1421.0,0.09384110569953918
3.615234375,1422.0,0.09389393031597137
3.611328125,1423.0,0.09394675493240356
3.607421875,1424.0,0.09399957954883575
3.603515625,1425.0,0.09405240416526794
3.6015625,1426.0,0.09410522878170013
3.59765625,1427.0,0.09415805339813232
3.59375,1428.0,0.09421087801456451
3.58984375,1429.0,0.0942637026309967
3.587890625,1430.0,0.0943165272474289
3.583984375,1431.0,0.09436935186386108
3.58203125,1432.0,0.09442217648029327
3.578125,1433.0,0.09447500109672546
3.57421875,1434.0,0.09452782571315765
3.572265625,1435.0,0.09458065032958984
3.5703125,1436.0,0.09463347494602203
3.56640625,1437.0,0.09468629956245422
3.564453125,1438.0,0.09473912417888641
3.5625,1439.0,0.0947919487953186
3.560546875,1440.0,0.0948447734117508
3.556640625,1441.0,0.09489759802818298
3.5546875,1442.0,0.09495042264461517
3.552734375,1443.0,0.09500324726104736
3.55078125,1444.0,0.09505607187747955
3.548828125,1444.0,0.09510889649391174
3.546875,1445.0,0.09516172111034393
3.544921875,1446.0,0.09521454572677612
3.54296875,1447.0,0.09526737034320831
3.541015625,1448.0,0.0953201949596405
3.5390625,1449.0,0.09537301957607269
3.537109375,1450.0,0.09542584419250488
3.53515625,1451.0,0.09547866880893707
3.533203125,1452.0,0.09553149342536926
3.53125,1453.0,0.09558431804180145
3.529296875,1454.0,0.09563714265823364
3.52734375,1455.0,0.09568996727466583
3.525390625,1456.0,0.09574279189109802
3.525390625,1457.0,0.09579561650753021
3.5234375,1458.0,0.0958484411239624
3.521484375,1459.0,0.09590126574039459
3.51953125,1460.0,0.09595409035682678
3.51953125,1461.0,0.09600691497325897
3.517578125,1462.0,0.09605973958969116
3.517578125,1463.0,0.09611256420612335
3.515625,1464.0,0.09616538882255554
3.513671875,1465.0,0.09621821343898773
3.513671875,1466.0,0.09627103805541992
3.51171875,1467.0,0.09632386267185211
3.509765625,1468.0,0.0963766872882843
3.5078125,1469.0,0.09642951190471649
3.505859375,1470.0,0.09648233652114868
3.50390625,1471.0,0.09653516113758087
3.501953125,1472.0,0.09658798575401306
3.501953125,1473.0,0.09664081037044525
3.5,1474.0,0.09669363498687744
3.498046875,1475.0,0.09674645960330963
3.49609375,1476.0,0.09679928421974182
3.49609375,1476.0,0.09685210883617401
3.494140625,1477.0,0.0969049334526062
3.4921875,1478.0,0.09695775806903839
3.490234375,1479.0,0.09701058268547058
3.48828125,1480.0,0.09706340730190277
3.486328125,1481.0,0.09711623191833496
3.484375,1482.0,0.09716905653476715
3.484375,1483.0,0.09722188115119934
3.482421875,1484.0,0.09727470576763153
3.48046875,1485.0,0.09732753038406372
3.478515625,1486.0,0.09738035500049591
3.4765625,1487.0,0.0974331796169281
3.474609375,1488.0,0.09748600423336029
3.470703125,1489.0,0.09753882884979248
3.46875,1490.0,0.09759165346622467
3.466796875,1491.0,0.09764447808265686
3.462890625,1492.0,0.09769730269908905
3.4609375,1493.0,0.09775012731552124
3.458984375,1494.0,0.09780295193195343
3.455078125,1495.0,0.09785577654838562
3.453125,1496.0,0.09790860116481781
3.451171875,1497.0,0.09796142578125
3.447265625,1498.0,0.09801425039768219
3.4453125,1499.0,0.09806707501411438
3.44140625,1500.0,0.09811989963054657
3.439453125,1501.0,0.09817272424697876
3.435546875,1502.0,0.09822554886341095
3.43359375,1503.0,0.09827837347984314
3.4296875,1504.0,0.09833119809627533
3.427734375,1505.0,0.09838402271270752
3.423828125,1506.0,0.09843684732913971
3.421875,1507.0,0.0984896719455719
3.41796875,1508.0,0.09854249656200409
3.416015625,1509.0,0.09859532117843628
3.412109375,1510.0,0.09864814579486847
3.408203125,1511.0,0.09870097041130066
3.404296875,1512.0,0.09875379502773285
3.40234375,1512.0,0.09880661964416504
3.3984375,1513.0,0.09885944426059723
3.39453125,1514.0,0.09891226887702942
3.392578125,1515.0,0.09896509349346161
3.388671875,1516.0,0.0990179181098938
3.38671875,1517.0,0.09907074272632599
3.3828125,1518.0,0.09912356734275818
3.380859375,1519.0,0.09917639195919037
3.37890625,1520.0,0.09922921657562256
3.375,1521.0,0.09928204119205475
3.373046875,1522.0,0.09933486580848694
3.37109375,1523.0,0.09938769042491913
3.369140625,1524.0,0.09944051504135132
3.365234375,1525.0,0.09949333965778351
3.36328125,1526.0,0.0995461642742157
3.361328125,1527.0,0.09959898889064789
3.359375,1528.0,0.09965181350708008
3.357421875,1529.0,0.09970463812351227
3.353515625,1530.0,0.09975746273994446
3.3515625,1531.0,0.09981028735637665
3.349609375,1532.0,0.09986311197280884
3.34765625,1533.0,0.09991593658924103
3.345703125,1534.0,0.09996876120567322
3.34375,1535.0,0.10002158582210541
3.341796875,1536.0,0.1000744104385376
3.33984375,1537.0,0.10012723505496979
3.33984375,1538.0,0.10018005967140198
3.33984375,1539.0,0.10023288428783417
3.337890625,1540.0,0.10028570890426636
3.337890625,1541.0,0.10033853352069855
3.337890625,1542.0,0.10039135813713074
3.337890625,1543.0,0.10044418275356293
3.3359375,1544.0,0.10049700736999512
3.3359375,1545.0,0.10054983198642731
3.3359375,1546.0,0.1006026566028595
3.3359375,1547.0,0.10065548121929169
3.3359375,1548.0,0.10070830583572388
3.3359375,1549.0,0.10076113045215607
3.3359375,1550.0,0.10081395506858826
3.3359375,1551.0,0.10086677968502045
3.3359375,1552.0,0.10091960430145264
3.3359375,1553.0,0.10097242891788483
3.3359375,1553.0,0.10102525353431702
3.3359375,1554.0,0.1010780781507492
3.3359375,1555.0,0.1011309027671814
3.337890625,1556.0,0.10118372738361359
3.337890625,1557.0,0.10123655200004578
3.33984375,1558.0,0.10128937661647797
3.33984375,1559.0,0.10134220123291016
3.341796875,1560.0,0.10139502584934235
3.34375,1561.0,0.10144785046577454
3.345703125,1562.0,0.10150067508220673
3.34765625,1563.0,0.10155349969863892
3.349609375,1564.0,0.1016063243150711
3.3515625,1565.0,0.1016591489315033
3.353515625,1566.0,0.10171197354793549
3.35546875,1567.0,0.10176479816436768
3.357421875,1568.0,0.10181762278079987
3.359375,1569.0,0.10187044739723206
3.361328125,1570.0,0.10192327201366425
3.365234375,1571.0,0.10197609663009644
3.3671875,1572.0,0.10202892124652863
3.3671875,1573.0,0.10208174586296082
3.369140625,1574.0,0.102134570479393
3.37109375,1575.0,0.1021873950958252
3.373046875,1576.0,0.10224021971225739
3.375,1577.0,0.10229304432868958
3.376953125,1578.0,0.10234586894512177
3.380859375,1579.0,0.10239869356155396
3.3828125,1580.0,0.10245151817798615
3.384765625,1581.0,0.10250434279441833
3.388671875,1582.0,0.10255716741085052
3.390625,1583.0,0.10260999202728271
3.39453125,1584.0,0.1026628166437149
3.396484375,1585.0,0.1027156412601471
3.400390625,1586.0,0.10276846587657928
3.40234375,1587.0,0.10282129049301147
3.40625,1588.0,0.10287411510944366
3.408203125,1589.0,0.10292693972587585
3.412109375,1590.0,0.10297976434230804
3.4140625,1591.0,0.10303258895874023
3.416015625,1592.0,0.10308541357517242
3.419921875,1593.0,0.10313823819160461
3.421875,1594.0,0.1031910628080368
3.42578125,1595.0,0.103243887424469
3.427734375,1596.0,0.10329671204090118
3.431640625,1597.0,0.10334953665733337
3.43359375,1598.0,0.10340236127376556
3.435546875,1599.0,0.10345518589019775
3.439453125,1600.0,0.10350801050662994
3.44140625,1601.0,0.10356083512306213
3.4453125,1601.0,0.10361365973949432
3.44921875,1602.0,0.10366648435592651
3.453125,1603.0,0.1037193089723587
3.455078125,1604.0,0.1037721335887909
3.458984375,1605.0,0.10382495820522308
3.462890625,1606.0,0.10387778282165527
3.466796875,1607.0,0.10393060743808746
3.46875,1608.0,0.10398343205451965
3.47265625,1609.0,0.10403625667095184
3.4765625,1610.0,0.10408908128738403
3.478515625,1611.0,0.10414190590381622
3.482421875,1612.0,0.10419473052024841
3.486328125,1613.0,0.1042475551366806
3.48828125,1614.0,0.10430037975311279
3.4921875,1615.0,0.10435320436954498
3.49609375,1616.0,0.10440602898597717
3.498046875,1617.0,0.10445885360240936
3.501953125,1618.0,0.10451167821884155
3.50390625,1619.0,0.10456450283527374
3.5078125,1620.0,0.10461732745170593
3.51171875,1621.0,0.10467015206813812
3.513671875,1622.0,0.10472297668457031
3.517578125,1623.0,0.1047758013010025
3.521484375,1624.0,0.10482862591743469
3.525390625,1625.0,0.10488145053386688
3.529296875,1626.0,0.10493427515029907
3.533203125,1627.0,0.10498709976673126
3.537109375,1628.0,0.10503992438316345
3.541015625,1629.0,0.10509274899959564
3.544921875,1630.0,0.10514557361602783
3.548828125,1631.0,0.10519839823246002
3.552734375,1632.0,0.10525122284889221
3.5546875,1633.0,0.1053040474653244
3.55859375,1634.0,0.10535687208175659
3.5625,1635.0,0.10540969669818878
3.564453125,1636.0,0.10546252131462097
3.568359375,1637.0,0.10551534593105316
3.5703125,1638.0,0.10556817054748535
3.572265625,1639.0,0.10562099516391754
3.576171875,1640.0,0.10567381978034973
3.578125,1641.0,0.10572664439678192
3.580078125,1642.0,0.10577946901321411
3.583984375,1643.0,0.1058322936296463
3.5859375,1644.0,0.10588511824607849
3.587890625,1645.0,0.10593794286251068
3.591796875,1646.0,0.10599076747894287
3.59375,1647.0,0.10604359209537506
3.59765625,1648.0,0.10609641671180725
3.599609375,1649.0,0.10614924132823944
3.6015625,1650.0,0.10620206594467163
3.60546875,1651.0,0.10625489056110382
3.607421875,1652.0,0.10630771517753601
3.609375,1653.0,0.1063605397939682
3.61328125,1654.0,0.10641336441040039
3.615234375,1655.0,0.10646618902683258
3.6171875,1656.0,0.10651901364326477
3.62109375,1657.0,0.10657183825969696
3.623046875,1658.0,0.10662466287612915
3.625,1659.0,0.10667748749256134
3.626953125,1660.0,0.10673031210899353
3.62890625,1661.0,0.10678313672542572
3.630859375,1661.0,0.10683596134185791
3.6328125,1662.0,0.1068887859582901
3.634765625,1663.0,0.10694161057472229
3.63671875,1664.0,0.10699443519115448
3.638671875,1665.0,0.10704725980758667
3.640625,1666.0,0.10710008442401886
3.642578125,1667.0,0.10715290904045105
3.642578125,1668.0,0.10720573365688324
3.64453125,1669.0,0.10725855827331543
3.646484375,1670.0,0.10731138288974762
3.6484375,1671.0,0.10736420750617981
3.650390625,1672.0,0.107417032122612
3.65234375,1673.0,0.10746985673904419
3.654296875,1674.0,0.10752268135547638
3.65625,1675.0,0.10757550597190857
3.658203125,1676.0,0.10762833058834076
3.66015625,1677.0,0.10768115520477295
3.662109375,1678.0,0.10773397982120514
3.6640625,1679.0,0.10778680443763733
3.666015625,1680.0,0.10783962905406952
3.66796875,1681.0,0.10789245367050171
3.669921875,1682.0,0.1079452782869339
3.671875,1683.0,0.10799810290336609
3.673828125,1684.0,0.10805092751979828
3.67578125,1685.0,0.10810375213623047
3.677734375,1686.0,0.10815657675266266
3.6796875,1687.0,0.10820940136909485
3.681640625,1688.0,0.10826222598552704
3.685546875,1689.0,0.10831505060195923
3.6875,1690.0,0.10836787521839142
3.689453125,1691.0,0.10842069983482361
3.69140625,1692.0,0.1084735244512558
3.693359375,1693.0,0.10852634906768799
3.6953125,1694.0,0.10857917368412018
3.697265625,1695.0,0.10863199830055237
3.69921875,1696.0,0.10868482291698456
3.701171875,1697.0,0.10873764753341675
3.703125,1698.0,0.10879047214984894
3.705078125,1699.0,0.10884329676628113
3.70703125,1700.0,0.10889612138271332
3.708984375,1701.0,0.10894894599914551
3.7109375,1702.0,0.1090017706155777
3.712890625,1703.0,0.10905459523200989
3.71484375,1704.0,0.10910741984844208
3.716796875,1705.0,0.10916024446487427
3.71875,1706.0,0.10921306908130646
3.72265625,1707.0,0.10926589369773865
3.724609375,1708.0,0.10931871831417084
3.7265625,1709.0,0.10937154293060303
3.73046875,1710.0,0.10942436754703522
3.732421875,1711.0,0.10947719216346741
3.734375,1712.0,0.1095300167798996
3.73828125,1713.0,0.10958284139633179
3.740234375,1714.0,0.10963566601276398
3.7421875,1715.0,0.10968849062919617
3.744140625,1716.0,0.10974131524562836
3.74609375,1717.0,0.10979413986206055
3.75,1718.0,0.10984696447849274
3.751953125,1719.0,0.10989978909492493
3.75390625,1720.0,0.10995261371135712
3.7578125,1721.0,0.1100054383277893
3.759765625,1722.0,0.1100582629442215
3.76171875,1723.0,0.11011108756065369
3.763671875,1724.0,0.11016391217708588
3.767578125,1725.0,0.11021673679351807
3.76953125,1726.0,0.11026956140995026
3.771484375,1727.0,0.11032238602638245
3.775390625,1728.0,0.11037521064281464
3.77734375,1729.0,0.11042803525924683
3.78125,1730.0,0.11048085987567902
3.78515625,1731.0,0.1105336844921112
3.787109375,1732.0,0.1105865091085434
3.791015625,1733.0,0.11063933372497559
3.794921875,1734.0,0.11069215834140778
3.796875,1735.0,0.11074498295783997
3.80078125,1736.0,0.11079780757427216
3.8046875,1737.0,0.11085063219070435
3.806640625,1738.0,0.11090345680713654
3.810546875,1739.0,0.11095628142356873
3.8125,1740.0,0.11100910604000092
3.81640625,1741.0,0.1110619306564331
3.8203125,1742.0,0.1111147552728653
3.822265625,1743.0,0.11116757988929749
3.826171875,1744.0,0.11122040450572968
3.830078125,1745.0,0.11127322912216187
3.833984375,1745.0,0.11132605373859406
3.8359375,1746.0,0.11137887835502625
3.83984375,1747.0,0.11143170297145844
3.84375,1748.0,0.11148452758789062
3.84765625,1749.0,0.11153735220432281
3.8515625,1750.0,0.111590176820755
3.85546875,1751.0,0.1116430014371872
3.859375,1752.0,0.11169582605361938
3.86328125,1753.0,0.11174865067005157
3.8671875,1754.0,0.11180147528648376
3.87109375,1755.0,0.11185429990291595
3.875,1756.0,0.11190712451934814
3.87890625,1757.0,0.11195994913578033
3.8828125,1758.0,0.11201277375221252
3.884765625,1759.0,0.11206559836864471
3.888671875,1760.0,0.1121184229850769
3.892578125,1761.0,0.1121712476015091
3.89453125,1762.0,0.11222407221794128
3.8984375,1763.0,0.11227689683437347
3.90234375,1764.0,0.11232972145080566
3.904296875,1765.0,0.11238254606723785
3.908203125,1766.0,0.11243537068367004
3.912109375,1767.0,0.11248819530010223
3.916015625,1768.0,0.11254101991653442
3.91796875,1769.0,0.11259384453296661
3.921875,1770.0,0.1126466691493988
3.92578125,1771.0,0.112699493765831
3.927734375,1772.0,0.11275231838226318
3.931640625,1773.0,0.11280514299869537
3.93359375,1774.0,0.11285796761512756
3.9375,1775.0,0.11291079223155975
3.94140625,1776.0,0.11296361684799194
3.943359375,1777.0,0.11301644146442413
3.9453125,1778.0,0.11306926608085632
3.94921875,1779.0,0.11312209069728851
3.951171875,1780.0,0.1131749153137207
3.953125,1781.0,0.1132277399301529
3.955078125,1782.0,0.11328056454658508
3.95703125,1783.0,0.11333338916301727
3.958984375,1784.0,0.11338621377944946
3.9609375,1785.0,0.11343903839588165
3.96484375,1786.0,0.11349186301231384
3.966796875,1787.0,0.11354468762874603
3.96875,1788.0,0.11359751224517822
3.970703125,1789.0,0.11365033686161041
3.97265625,1790.0,0.1137031614780426
3.974609375,1791.0,0.11375598609447479
3.9765625,1792.0,0.11380881071090698
3.9765625,1793.0,0.11386163532733917
3.978515625,1794.0,0.11391445994377136
3.98046875,1795.0,0.11396728456020355
3.982421875,1796.0,0.11402010917663574
3.984375,1797.0,0.11407293379306793
3.984375,1798.0,0.11412575840950012
3.986328125,1799.0,0.11417858302593231
3.98828125,1800.0,0.1142314076423645
3.98828125,1801.0,0.11428423225879669
3.990234375,1802.0,0.11433705687522888
3.990234375,1803.0,0.11438988149166107
3.990234375,1804.0,0.11444270610809326
3.9921875,1805.0,0.11449553072452545
3.9921875,1806.0,0.11454835534095764
3.9921875,1807.0,0.11460117995738983
3.994140625,1808.0,0.11465400457382202
3.994140625,1809.0,0.11470682919025421
3.994140625,1810.0,0.1147596538066864
3.99609375,1811.0,0.11481247842311859
3.99609375,1812.0,0.11486530303955078
3.99609375,1813.0,0.11491812765598297
3.998046875,1814.0,0.11497095227241516
3.998046875,1815.0,0.11502377688884735
3.998046875,1816.0,0.11507660150527954
4.0,1817.0,0.11512942612171173
4.0,1818.0,0.11518225073814392
4.0,1819.0,0.11523507535457611
4.0,1820.0,0.1152878999710083
4.0,1821.0,0.11534072458744049
4.0,1822.0,0.11539354920387268
4.0,1823.0,0.11544637382030487
4.0,1824.0,0.11549919843673706
4.0,1825.0,0.11555202305316925
4.0,1826.0,0.11560484766960144
4.0,1827.0,0.11565767228603363
4.0,1828.0,0.11571049690246582
4.0,1829.0,0.11576332151889801
4.0,1830.0,0.1158161461353302
4.0,1831.0,0.11586897075176239
4.0,1832.0,0.11592179536819458
4.0,1833.0,0.11597461998462677
4.0,1834.0,0.11602744460105896
4.0,1835.0,0.11608026921749115
4.0,1836.0,0.11613309383392334
4.0,1837.0,0.11618591845035553
4.0,1838.0,0.11623874306678772
4.0,1839.0,0.11629156768321991
4.0,1840.0,0.1163443922996521
4.0,1841.0,0.11639721691608429
4.0,1842.0,0.11645004153251648
4.0,1843.0,0.11650286614894867
4.0,1844.0,0.11655569076538086
4.0,1845.0,0.11660851538181305
4.0,1846.0,0.11666133999824524
4.0,1847.0,0.11671416461467743
4.0,1848.0,0.11676698923110962
4.0,1849.0,0.11681981384754181
4.0,1850.0,0.116872638463974
4.0,1851.0,0.11692546308040619
4.0,1852.0,0.11697828769683838
4.0,1853.0,0.11703111231327057
4.0,1854.0,0.11708393692970276
4.0,1855.0,0.11713676154613495
4.0,1856.0,0.11718958616256714
4.0,1857.0,0.11724241077899933
4.0,1858.0,0.11729523539543152
4.0,1859.0,0.11734806001186371
4.0,1860.0,0.1174008846282959
4.0,1861.0,0.11745370924472809
4.0,1862.0,0.11750653386116028
4.00390625,1863.0,0.11755935847759247
4.00390625,1864.0,0.11761218309402466
4.00390625,1865.0,0.11766500771045685
4.00390625,1866.0,0.11771783232688904
4.00390625,1867.0,0.11777065694332123
4.00390625,1868.0,0.11782348155975342
4.00390625,1869.0,0.11787630617618561
4.00390625,1870.0,0.1179291307926178
4.00390625,1871.0,0.11798195540904999
4.00390625,1872.0,0.11803478002548218
4.00390625,1873.0,0.11808760464191437
4.00390625,1874.0,0.11814042925834656
4.00390625,1875.0,0.11819325387477875
4.00390625,1876.0,0.11824607849121094
4.00390625,1877.0,0.11829890310764313
4.00390625,1878.0,0.11835172772407532
4.00390625,1879.0,0.11840455234050751
4.00390625,1880.0,0.1184573769569397
4.00390625,1881.0,0.11851020157337189
4.00390625,1882.0,0.11856302618980408
4.00390625,1883.0,0.11861585080623627
4.00390625,1884.0,0.11866867542266846
4.00390625,1885.0,0.11872150003910065
4.00390625,1886.0,0.11877432465553284
4.00390625,1887.0,0.11882714927196503
4.00390625,1888.0,0.11887997388839722
4.00390625,1889.0,0.1189327985048294
4.00390625,1890.0,0.1189856231212616
4.00390625,1891.0,0.11903844773769379
4.00390625,1892.0,0.11909127235412598
4.00390625,1893.0,0.11914409697055817
4.00390625,1894.0,0.11919692158699036
4.00390625,1895.0,0.11924974620342255
4.00390625,1896.0,0.11930257081985474
4.00390625,1897.0,0.11935539543628693
4.00390625,1898.0,0.11940822005271912
4.00390625,1899.0,0.1194610446691513
4.00390625,1900.0,0.1195138692855835
4.00390625,1901.0,0.11956669390201569
4.00390625,1902.0,0.11961951851844788
4.00390625,1903.0,0.11967234313488007
4.00390625,1904.0,0.11972516775131226
4.00390625,1905.0,0.11977799236774445
4.00390625,1906.0,0.11983081698417664
4.00390625,1907.0,0.11988364160060883
4.00390625,1908.0,0.11993646621704102
4.00390625,1909.0,0.1199892908334732
4.00390625,1910.0,0.1200421154499054
4.00390625,1911.0,0.12009494006633759
4.0,1912.0,0.12014776468276978
4.0,1913.0,0.12020058929920197
4.0,1914.0,0.12025341391563416
3.998046875,1915.0,0.12030623853206635
3.998046875,1916.0,0.12035906314849854
3.99609375,1917.0,0.12041188776493073
3.994140625,1918.0,0.12046471238136292
3.994140625,1919.0,0.1205175369977951
3.9921875,1920.0,0.1205703616142273
3.990234375,1921.0,0.12062318623065948
3.98828125,1922.0,0.12067601084709167
3.986328125,1923.0,0.12072883546352386
3.986328125,1924.0,0.12078166007995605
3.984375,1925.0,0.12083448469638824
3.982421875,1926.0,0.12088730931282043
3.98046875,1927.0,0.12094013392925262
3.978515625,1928.0,0.12099295854568481
3.9765625,1929.0,0.121045783162117
3.974609375,1930.0,0.1210986077785492
3.97265625,1931.0,0.12115143239498138
3.970703125,1932.0,0.12120425701141357
3.96875,1933.0,0.12125708162784576
3.96484375,1934.0,0.12130990624427795
3.962890625,1935.0,0.12136273086071014
3.958984375,1936.0,0.12141555547714233
3.95703125,1937.0,0.12146838009357452
3.953125,1938.0,0.12152120471000671
3.951171875,1939.0,0.1215740293264389
3.947265625,1940.0,0.1216268539428711
3.943359375,1941.0,0.12167967855930328
3.94140625,1942.0,0.12173250317573547
3.9375,1943.0,0.12178532779216766
3.93359375,1944.0,0.12183815240859985
3.9296875,1945.0,0.12189097702503204
3.927734375,1946.0,0.12194380164146423
3.923828125,1947.0,0.12199662625789642
3.919921875,1948.0,0.12204945087432861
3.916015625,1949.0,0.1221022754907608
3.9140625,1950.0,0.122155100107193
3.91015625,1951.0,0.12220792472362518
3.90625,1952.0,0.12226074934005737
3.904296875,1953.0,0.12231357395648956
3.900390625,1954.0,0.12236639857292175
3.896484375,1955.0,0.12241922318935394
3.892578125,1956.0,0.12247204780578613
3.888671875,1957.0,0.12252487242221832
3.884765625,1958.0,0.12257769703865051
3.8828125,1959.0,0.1226305216550827
3.87890625,1960.0,0.12268334627151489
3.875,1961.0,0.12273617088794708
3.87109375,1962.0,0.12278899550437927
3.8671875,1963.0,0.12284182012081146
3.86328125,1964.0,0.12289464473724365
3.859375,1965.0,0.12294746935367584
3.857421875,1966.0,0.12300029397010803
3.853515625,1967.0,0.12305311858654022
3.849609375,1968.0,0.12310594320297241
3.84765625,1969.0,0.1231587678194046
3.84375,1970.0,0.12321159243583679
3.83984375,1971.0,0.12326441705226898
3.837890625,1972.0,0.12331724166870117
3.833984375,1973.0,0.12337006628513336
3.83203125,1974.0,0.12342289090156555
3.828125,1975.0,0.12347571551799774
3.826171875,1976.0,0.12352854013442993
3.822265625,1977.0,0.12358136475086212
3.818359375,1978.0,0.12363418936729431
3.81640625,1979.0,0.1236870139837265
3.8125,1980.0,0.12373983860015869
3.80859375,1981.0,0.12379266321659088
3.806640625,1982.0,0.12384548783302307
3.802734375,1983.0,0.12389831244945526
3.80078125,1984.0,0.12395113706588745
3.798828125,1985.0,0.12400396168231964
3.794921875,1986.0,0.12405678629875183
3.79296875,1987.0,0.12410961091518402
3.791015625,1988.0,0.12416243553161621
3.787109375,1989.0,0.1242152601480484
3.78515625,1990.0,0.12426808476448059
3.783203125,1991.0,0.12432090938091278
3.78125,1992.0,0.12437373399734497
3.77734375,1993.0,0.12442655861377716
3.775390625,1994.0,0.12447938323020935
3.7734375,1995.0,0.12453220784664154
3.771484375,1996.0,0.12458503246307373
3.76953125,1997.0,0.12463785707950592
3.767578125,1998.0,0.12469068169593811
3.765625,1999.0,0.1247435063123703
3.76171875,2000.0,0.12479633092880249
3.759765625,2001.0,0.12484915554523468
3.7578125,2002.0,0.12490198016166687
3.755859375,2003.0,0.12495480477809906
3.751953125,2004.0,0.12500762939453125
3.75,2005.0,0.12506045401096344
3.748046875,2006.0,0.12511327862739563
3.74609375,2007.0,0.12516610324382782
3.744140625,2008.0,0.12521892786026
3.7421875,2009.0,0.1252717524766922
3.740234375,2010.0,0.1253245770931244
3.73828125,2011.0,0.12537740170955658
3.736328125,2012.0,0.12543022632598877
3.734375,2013.0,0.12548305094242096
3.732421875,2014.0,0.12553587555885315
3.73046875,2015.0,0.12558870017528534
3.73046875,2016.0,0.12564152479171753
3.728515625,2017.0,0.12569434940814972
3.7265625,2018.0,0.1257471740245819
3.724609375,2019.0,0.1257999986410141
3.72265625,2020.0,0.1258528232574463
3.720703125,2022.0,0.12590564787387848
3.71875,2023.0,0.12595847249031067
3.716796875,2024.0,0.12601129710674286
3.716796875,2025.0,0.12606412172317505
3.71484375,2026.0,0.12611694633960724
3.712890625,2027.0,0.12616977095603943
3.7109375,2028.0,0.12622259557247162
3.708984375,2029.0,0.1262754201889038
3.70703125,2030.0,0.126328244805336
3.705078125,2031.0,0.1263810694217682
3.703125,2032.0,0.12643389403820038
3.703125,2033.0,0.12648671865463257
3.701171875,2034.0,0.12653954327106476
3.69921875,2035.0,0.12659236788749695
3.697265625,2036.0,0.12664519250392914
3.6953125,2037.0,0.12669801712036133
3.693359375,2038.0,0.12675084173679352
3.69140625,2039.0,0.1268036663532257
3.69140625,2040.0,0.1268564909696579
3.689453125,2041.0,0.1269093155860901
3.6875,2042.0,0.12696214020252228
3.685546875,2043.0,0.12701496481895447
3.68359375,2044.0,0.12706778943538666
3.681640625,2045.0,0.12712061405181885
3.6796875,2046.0,0.12717343866825104
3.677734375,2047.0,0.12722626328468323
3.67578125,2048.0,0.12727908790111542
3.673828125,2048.0,0.1273319125175476
3.671875,2050.0,0.1273847371339798
3.669921875,2050.0,0.127437561750412
3.66796875,2052.0,0.12749038636684418
3.666015625,2052.0,0.12754321098327637
3.6640625,2054.0,0.12759603559970856
3.662109375,2054.0,0.12764886021614075
3.66015625,2056.0,0.12770168483257294
3.658203125,2056.0,0.12775450944900513
3.65625,2058.0,0.12780733406543732
3.654296875,2058.0,0.1278601586818695
3.65234375,2060.0,0.1279129832983017
3.650390625,2060.0,0.1279658079147339
3.6484375,2062.0,0.12801863253116608
3.646484375,2062.0,0.12807145714759827
3.64453125,2064.0,0.12812428176403046
3.642578125,2064.0,0.12817710638046265
3.638671875,2066.0,0.12822993099689484
3.63671875,2066.0,0.12828275561332703
3.634765625,2068.0,0.12833558022975922
3.6328125,2068.0,0.1283884048461914
3.62890625,2070.0,0.1284412294626236
3.626953125,2070.0,0.1284940540790558
3.625,2072.0,0.12854687869548798
3.62109375,2072.0,0.12859970331192017
3.619140625,2074.0,0.12865252792835236
3.615234375,2074.0,0.12870535254478455
3.61328125,2076.0,0.12875817716121674
3.611328125,2076.0,0.12881100177764893
3.607421875,2078.0,0.12886382639408112
3.60546875,2078.0,0.1289166510105133
3.6015625,2080.0,0.1289694756269455
3.599609375,2080.0,0.12902230024337769
3.595703125,2082.0,0.12907512485980988
3.59375,2082.0,0.12912794947624207
3.58984375,2084.0,0.12918077409267426
3.587890625,2084.0,0.12923359870910645
3.5859375,2086.0,0.12928642332553864
3.58203125,2086.0,0.12933924794197083
3.580078125,2088.0,0.12939207255840302
3.576171875,2088.0,0.1294448971748352
3.572265625,2090.0,0.1294977217912674
3.5703125,2090.0,0.12955054640769958
3.56640625,2092.0,0.12960337102413177
3.564453125,2092.0,0.12965619564056396
3.560546875,2094.0,0.12970902025699615
3.55859375,2094.0,0.12976184487342834
3.5546875,2096.0,0.12981466948986053
3.552734375,2096.0,0.12986749410629272
3.548828125,2098.0,0.12992031872272491
3.544921875,2098.0,0.1299731433391571
3.54296875,2100.0,0.1300259679555893
3.5390625,2100.0,0.13007879257202148
3.537109375,2102.0,0.13013161718845367
3.533203125,2102.0,0.13018444180488586
3.53125,2104.0,0.13023726642131805
3.529296875,2104.0,0.13029009103775024
3.525390625,2106.0,0.13034291565418243
3.5234375,2106.0,0.13039574027061462
3.51953125,2108.0,0.13044856488704681
3.517578125,2110.0,0.130501389503479
3.513671875,2110.0,0.1305542141199112
3.51171875,2112.0,0.13060703873634338
3.5078125,2112.0,0.13065986335277557
3.505859375,2114.0,0.13071268796920776
3.501953125,2114.0,0.13076551258563995
3.498046875,2116.0,0.13081833720207214
3.49609375,2116.0,0.13087116181850433
3.4921875,2118.0,0.13092398643493652
3.490234375,2118.0,0.1309768110513687
3.48828125,2120.0,0.1310296356678009
3.484375,2120.0,0.1310824602842331
3.482421875,2122.0,0.13113528490066528
3.478515625,2122.0,0.13118810951709747
3.4765625,2124.0,0.13124093413352966
3.47265625,2124.0,0.13129375874996185
3.470703125,2126.0,0.13134658336639404
3.46875,2126.0,0.13139940798282623
3.46484375,2128.0,0.13145223259925842
3.462890625,2128.0,0.1315050572156906
3.4609375,2130.0,0.1315578818321228
3.45703125,2130.0,0.131610706448555
3.455078125,2132.0,0.13166353106498718
3.451171875,2132.0,0.13171635568141937
3.44921875,2134.0,0.13176918029785156
3.447265625,2134.0,0.13182200491428375
3.443359375,2136.0,0.13187482953071594
3.44140625,2136.0,0.13192765414714813
3.439453125,2138.0,0.13198047876358032
3.435546875,2138.0,0.1320333033800125
3.43359375,2140.0,0.1320861279964447
3.431640625,2140.0,0.1321389526128769
3.427734375,2142.0,0.13219177722930908
3.42578125,2142.0,0.13224460184574127
3.423828125,2144.0,0.13229742646217346
3.421875,2144.0,0.13235025107860565
3.419921875,2146.0,0.13240307569503784
3.41796875,2146.0,0.13245590031147003
3.4140625,2148.0,0.13250872492790222
3.412109375,2148.0,0.1325615495443344
3.41015625,2150.0,0.1326143741607666
3.408203125,2150.0,0.1326671987771988
3.40625,2152.0,0.13272002339363098
3.404296875,2152.0,0.13277284801006317
3.40234375,2154.0,0.13282567262649536
3.400390625,2154.0,0.13287849724292755
3.3984375,2156.0,0.13293132185935974
3.396484375,2156.0,0.13298414647579193
3.39453125,2158.0,0.13303697109222412
3.392578125,2158.0,0.1330897957086563
3.390625,2160.0,0.1331426203250885
3.388671875,2160.0,0.1331954449415207
3.38671875,2162.0,0.13324826955795288
3.384765625,2162.0,0.13330109417438507
3.384765625,2164.0,0.13335391879081726
3.3828125,2164.0,0.13340674340724945
3.380859375,2166.0,0.13345956802368164
3.37890625,2166.0,0.13351239264011383
3.37890625,2168.0,0.13356521725654602
3.376953125,2168.0,0.1336180418729782
3.376953125,2170.0,0.1336708664894104
3.375,2170.0,0.1337236911058426
3.375,2172.0,0.13377651572227478
3.373046875,2172.0,0.13382934033870697
3.373046875,2174.0,0.13388216495513916
3.37109375,2176.0,0.13393498957157135
3.37109375,2176.0,0.13398781418800354
3.37109375,2178.0,0.13404063880443573
3.369140625,2178.0,0.13409346342086792
3.369140625,2180.0,0.1341462880373001
3.369140625,2180.0,0.1341991126537323
3.369140625,2182.0,0.1342519372701645
3.369140625,2182.0,0.13430476188659668
3.369140625,2184.0,0.13435758650302887
3.369140625,2184.0,0.13441041111946106
3.369140625,2186.0,0.13446323573589325
3.369140625,2186.0,0.13451606035232544
3.369140625,2188.0,0.13456888496875763
3.369140625,2188.0,0.13462170958518982
3.369140625,2190.0,0.134674534201622
3.369140625,2190.0,0.1347273588180542
3.37109375,2192.0,0.1347801834344864
3.37109375,2192.0,0.13483300805091858
3.37109375,2194.0,0.13488583266735077
3.373046875,2194.0,0.13493865728378296
3.373046875,2196.0,0.13499148190021515
3.373046875,2196.0,0.13504430651664734
3.375,2198.0,0.13509713113307953
3.375,2198.0,0.13514995574951172
3.376953125,2200.0,0.1352027803659439
3.376953125,2200.0,0.1352556049823761
3.37890625,2202.0,0.1353084295988083
3.37890625,2202.0,0.13536125421524048
3.380859375,2204.0,0.13541407883167267
3.3828125,2204.0,0.13546690344810486
3.3828125,2206.0,0.13551972806453705
3.384765625,2206.0,0.13557255268096924
3.38671875,2208.0,0.13562537729740143
3.388671875,2208.0,0.13567820191383362
3.390625,2210.0,0.1357310265302658
3.392578125,2210.0,0.135783851146698
3.39453125,2212.0,0.1358366757631302
3.39453125,2212.0,0.13588950037956238
3.396484375,2214.0,0.13594232499599457
3.3984375,2214.0,0.13599514961242676
3.400390625,2216.0,0.13604797422885895
3.40234375,2216.0,0.13610079884529114
3.404296875,2218.0,0.13615362346172333
3.40625,2218.0,0.13620644807815552
3.408203125,2220.0,0.1362592726945877
3.408203125,2220.0,0.1363120973110199
3.41015625,2222.0,0.1363649219274521
3.412109375,2222.0,0.13641774654388428
3.412109375,2224.0,0.13647057116031647
3.4140625,2224.0,0.13652339577674866
3.416015625,2226.0,0.13657622039318085
3.41796875,2228.0,0.13662904500961304
3.419921875,2228.0,0.13668186962604523
3.421875,2230.0,0.13673469424247742
3.423828125,2230.0,0.1367875188589096
3.423828125,2232.0,0.1368403434753418
3.42578125,2232.0,0.136893168091774
3.427734375,2234.0,0.13694599270820618
3.4296875,2234.0,0.13699881732463837
3.431640625,2236.0,0.13705164194107056
3.43359375,2236.0,0.13710446655750275
3.435546875,2238.0,0.13715729117393494
3.435546875,2238.0,0.13721011579036713
3.4375,2240.0,0.13726294040679932
3.439453125,2240.0,0.1373157650232315
3.44140625,2242.0,0.1373685896396637
3.44140625,2242.0,0.1374214142560959
3.443359375,2244.0,0.13747423887252808
3.4453125,2244.0,0.13752706348896027
3.4453125,2246.0,0.13757988810539246
3.447265625,2246.0,0.13763271272182465
3.44921875,2248.0,0.13768553733825684
3.44921875,2248.0,0.13773836195468903
3.451171875,2250.0,0.13779118657112122
3.453125,2250.0,0.1378440111875534
3.455078125,2252.0,0.1378968358039856
3.455078125,2252.0,0.13794966042041779
3.45703125,2254.0,0.13800248503684998
3.458984375,2254.0,0.13805530965328217
3.4609375,2256.0,0.13810813426971436
3.4609375,2256.0,0.13816095888614655
3.462890625,2258.0,0.13821378350257874
3.46484375,2258.0,0.13826660811901093
3.46484375,2260.0,0.13831943273544312
3.466796875,2260.0,0.1383722573518753
3.46875,2262.0,0.1384250819683075
3.46875,2262.0,0.13847790658473969
3.470703125,2264.0,0.13853073120117188
3.47265625,2264.0,0.13858355581760406
3.47265625,2266.0,0.13863638043403625
3.474609375,2266.0,0.13868920505046844
3.4765625,2268.0,0.13874202966690063
3.4765625,2268.0,0.13879485428333282
3.478515625,2270.0,0.13884767889976501
3.48046875,2270.0,0.1389005035161972
3.482421875,2272.0,0.1389533281326294
3.482421875,2272.0,0.13900615274906158
3.484375,2274.0,0.13905897736549377
3.486328125,2276.0,0.13911180198192596
3.48828125,2276.0,0.13916462659835815
3.490234375,2278.0,0.13921745121479034
3.490234375,2278.0,0.13927027583122253
3.4921875,2280.0,0.13932310044765472
3.494140625,2280.0,0.13937592506408691
3.49609375,2282.0,0.1394287496805191
3.49609375,2282.0,0.1394815742969513
3.498046875,2284.0,0.13953439891338348
3.5,2284.0,0.13958722352981567
3.501953125,2286.0,0.13964004814624786
3.501953125,2286.0,0.13969287276268005
3.50390625,2288.0,0.13974569737911224
3.505859375,2288.0,0.13979852199554443
3.5078125,2290.0,0.13985134661197662
3.5078125,2290.0,0.1399041712284088
3.509765625,2292.0,0.139956995844841
3.51171875,2292.0,0.1400098204612732
3.513671875,2294.0,0.14006264507770538
3.515625,2294.0,0.14011546969413757
3.517578125,2296.0,0.14016829431056976
3.51953125,2296.0,0.14022111892700195
3.521484375,2298.0,0.14027394354343414
3.5234375,2298.0,0.14032676815986633
3.5234375,2300.0,0.14037959277629852
3.525390625,2300.0,0.1404324173927307
3.52734375,2302.0,0.1404852420091629
3.529296875,2302.0,0.1405380666255951
3.53125,2304.0,0.14059089124202728
3.533203125,2304.0,0.14064371585845947
3.53515625,2306.0,0.14069654047489166
3.537109375,2306.0,0.14074936509132385
3.5390625,2308.0,0.14080218970775604
3.541015625,2308.0,0.14085501432418823
3.54296875,2310.0,0.14090783894062042
3.544921875,2310.0,0.1409606635570526
3.546875,2312.0,0.1410134881734848
3.548828125,2312.0,0.141066312789917
3.552734375,2314.0,0.14111913740634918
3.5546875,2314.0,0.14117196202278137
3.556640625,2316.0,0.14122478663921356
3.55859375,2318.0,0.14127761125564575
3.560546875,2318.0,0.14133043587207794
3.5625,2320.0,0.14138326048851013
3.56640625,2320.0,0.14143608510494232
3.568359375,2322.0,0.1414889097213745
3.5703125,2322.0,0.1415417343378067
3.57421875,2324.0,0.1415945589542389
3.576171875,2324.0,0.14164738357067108
3.578125,2326.0,0.14170020818710327
3.58203125,2326.0,0.14175303280353546
3.583984375,2328.0,0.14180585741996765
3.587890625,2328.0,0.14185868203639984
3.58984375,2330.0,0.14191150665283203
3.591796875,2330.0,0.14196433126926422
3.595703125,2332.0,0.1420171558856964
3.59765625,2332.0,0.1420699805021286
3.6015625,2334.0,0.1421228051185608
3.603515625,2334.0,0.14217562973499298
3.607421875,2336.0,0.14222845435142517
3.611328125,2336.0,0.14228127896785736
3.61328125,2338.0,0.14233410358428955
3.6171875,2338.0,0.14238692820072174
3.619140625,2340.0,0.14243975281715393
3.623046875,2340.0,0.14249257743358612
3.626953125,2342.0,0.1425454020500183
3.630859375,2342.0,0.1425982266664505
3.6328125,2344.0,0.1426510512828827
3.63671875,2344.0,0.14270387589931488
3.640625,2346.0,0.14275670051574707
3.64453125,2346.0,0.14280952513217926
3.646484375,2348.0,0.14286234974861145
3.650390625,2348.0,0.14291517436504364
3.654296875,2350.0,0.14296799898147583
3.658203125,2350.0,0.14302082359790802
3.662109375,2352.0,0.1430736482143402
3.666015625,2352.0,0.1431264728307724
3.66796875,2354.0,0.1431792974472046
3.671875,2356.0,0.14323212206363678
3.67578125,2356.0,0.14328494668006897
3.6796875,2358.0,0.14333777129650116
3.68359375,2358.0,0.14339059591293335
3.6875,2360.0,0.14344342052936554
3.689453125,2360.0,0.14349624514579773
3.693359375,2362.0,0.14354906976222992
3.697265625,2362.0,0.1436018943786621
3.701171875,2364.0,0.1436547189950943
3.705078125,2364.0,0.1437075436115265
3.70703125,2366.0,0.14376036822795868
3.7109375,2366.0,0.14381319284439087
3.71484375,2368.0,0.14386601746082306
3.71875,2368.0,0.14391884207725525
3.720703125,2370.0,0.14397166669368744
3.724609375,2370.0,0.14402449131011963
3.728515625,2372.0,0.14407731592655182
3.732421875,2372.0,0.144130140542984
3.734375,2374.0,0.1441829651594162
3.73828125,2374.0,0.1442357897758484
3.740234375,2376.0,0.14428861439228058
3.744140625,2376.0,0.14434143900871277
3.748046875,2378.0,0.14439426362514496
3.75,2378.0,0.14444708824157715
3.75390625,2380.0,0.14449991285800934
3.755859375,2380.0,0.14455273747444153
3.759765625,2382.0,0.14460556209087372
3.76171875,2382.0,0.1446583867073059
3.765625,2384.0,0.1447112113237381
3.767578125,2384.0,0.1447640359401703
3.771484375,2386.0,0.14481686055660248
3.7734375,2386.0,0.14486968517303467
3.775390625,2388.0,0.14492250978946686
3.779296875,2388.0,0.14497533440589905
3.78125,2390.0,0.14502815902233124
3.783203125,2390.0,0.14508098363876343
3.787109375,2392.0,0.14513380825519562
3.7890625,2394.0,0.1451866328716278
3.791015625,2394.0,0.14523945748806
3.79296875,2396.0,0.1452922821044922
3.796875,2396.0,0.14534510672092438
3.798828125,2398.0,0.14539793133735657
3.80078125,2398.0,0.14545075595378876
3.802734375,2400.0,0.14550358057022095
3.8046875,2400.0,0.14555640518665314
3.806640625,2402.0,0.14560922980308533
3.80859375,2402.0,0.14566205441951752
3.810546875,2404.0,0.1457148790359497
3.8125,2404.0,0.1457677036523819
3.814453125,2406.0,0.1458205282688141
3.81640625,2406.0,0.14587335288524628
3.818359375,2408.0,0.14592617750167847
3.8203125,2408.0,0.14597900211811066
3.822265625,2410.0,0.14603182673454285
3.82421875,2410.0,0.14608465135097504
3.826171875,2412.0,0.14613747596740723
3.828125,2412.0,0.14619030058383942
3.830078125,2414.0,0.1462431252002716
3.83203125,2414.0,0.1462959498167038
3.83203125,2416.0,0.146348774433136
3.833984375,2416.0,0.14640159904956818
3.8359375,2418.0,0.14645442366600037
3.837890625,2418.0,0.14650724828243256
3.83984375,2420.0,0.14656007289886475
3.83984375,2420.0,0.14661289751529694
3.841796875,2422.0,0.14666572213172913
3.84375,2422.0,0.14671854674816132
3.84375,2424.0,0.1467713713645935
3.845703125,2424.0,0.1468241959810257
3.84765625,2426.0,0.14687702059745789
3.84765625,2428.0,0.14692984521389008
3.849609375,2428.0,0.14698266983032227
3.8515625,2430.0,0.14703549444675446
3.853515625,2430.0,0.14708831906318665
3.853515625,2432.0,0.14714114367961884
3.85546875,2432.0,0.14719396829605103
3.857421875,2434.0,0.14724679291248322
3.859375,2434.0,0.1472996175289154
3.859375,2436.0,0.1473524421453476
3.861328125,2436.0,0.14740526676177979
3.86328125,2438.0,0.14745809137821198
3.86328125,2438.0,0.14751091599464417
3.865234375,2440.0,0.14756374061107635
3.8671875,2440.0,0.14761656522750854
3.8671875,2442.0,0.14766938984394073
3.869140625,2442.0,0.14772221446037292
3.87109375,2444.0,0.14777503907680511
3.87109375,2444.0,0.1478278636932373
3.873046875,2446.0,0.1478806883096695
3.875,2446.0,0.14793351292610168
3.875,2448.0,0.14798633754253387
3.876953125,2448.0,0.14803916215896606
3.87890625,2450.0,0.14809198677539825
3.880859375,2450.0,0.14814481139183044
3.880859375,2452.0,0.14819763600826263
3.8828125,2452.0,0.14825046062469482
3.884765625,2454.0,0.14830328524112701
3.88671875,2454.0,0.1483561098575592
3.888671875,2456.0,0.1484089344739914
3.888671875,2456.0,0.14846175909042358
3.890625,2458.0,0.14851458370685577
3.892578125,2458.0,0.14856740832328796
3.89453125,2460.0,0.14862023293972015
3.896484375,2462.0,0.14867305755615234
3.8984375,2462.0,0.14872588217258453
3.900390625,2464.0,0.14877870678901672
3.90234375,2464.0,0.1488315314054489
3.904296875,2466.0,0.1488843560218811
3.904296875,2466.0,0.1489371806383133
3.90625,2468.0,0.14899000525474548
3.908203125,2468.0,0.14904282987117767
3.91015625,2470.0,0.14909565448760986
3.912109375,2470.0,0.14914847910404205
3.9140625,2472.0,0.14920130372047424
3.916015625,2472.0,0.14925412833690643
3.919921875,2474.0,0.14930695295333862
3.921875,2474.0,0.1493597775697708
3.923828125,2476.0,0.149412602186203
3.92578125,2476.0,0.1494654268026352
3.927734375,2478.0,0.14951825141906738
3.9296875,2478.0,0.14957107603549957
3.931640625,2480.0,0.14962390065193176
3.93359375,2480.0,0.14967672526836395
3.935546875,2482.0,0.14972954988479614
3.9375,2482.0,0.14978237450122833
3.939453125,2484.0,0.14983519911766052
3.94140625,2484.0,0.1498880237340927
3.943359375,2486.0,0.1499408483505249
3.9453125,2486.0,0.1499936729669571
3.947265625,2488.0,0.15004649758338928
3.94921875,2488.0,0.15009932219982147
3.953125,2490.0,0.15015214681625366
3.955078125,2490.0,0.15020497143268585
3.95703125,2492.0,0.15025779604911804
3.958984375,2494.0,0.15031062066555023
3.9609375,2494.0,0.15036344528198242
3.962890625,2496.0,0.1504162698984146
3.96484375,2496.0,0.1504690945148468
3.96875,2498.0,0.150521919131279
3.970703125,2498.0,0.15057474374771118
3.97265625,2500.0,0.15062756836414337
3.974609375,2500.0,0.15068039298057556
3.9765625,2502.0,0.15073321759700775
3.98046875,2502.0,0.15078604221343994
3.982421875,2504.0,0.15083886682987213
3.984375,2504.0,0.15089169144630432
3.986328125,2506.0,0.1509445160627365
3.98828125,2506.0,0.1509973406791687
3.990234375,2508.0,0.1510501652956009
3.9921875,2508.0,0.15110298991203308
3.994140625,2510.0,0.15115581452846527
3.99609375,2510.0,0.15120863914489746
3.998046875,2512.0,0.15126146376132965
4.0,2512.0,0.15131428837776184
4.0,2514.0,0.15136711299419403
4.00390625,2514.0,0.15141993761062622
4.00390625,2516.0,0.1514727622270584
4.00390625,2516.0,0.1515255868434906
4.0078125,2518.0,0.1515784114599228
4.0078125,2518.0,0.15163123607635498
4.01171875,2520.0,0.15168406069278717
4.01171875,2520.0,0.15173688530921936
4.015625,2522.0,0.15178970992565155
4.015625,2524.0,0.15184253454208374
4.015625,2524.0,0.15189535915851593
4.01953125,2526.0,0.15194818377494812
4.01953125,2526.0,0.1520010083913803
4.01953125,2528.0,0.1520538330078125
4.0234375,2528.0,0.1521066576242447
4.0234375,2530.0,0.15215948224067688
4.0234375,2530.0,0.15221230685710907
4.02734375,2532.0,0.15226513147354126
4.02734375,2532.0,0.15231795608997345
4.02734375,2534.0,0.15237078070640564
4.02734375,2534.0,0.15242360532283783
4.03125,2536.0,0.15247642993927002
4.03125,2536.0,0.1525292545557022
4.03125,2538.0,0.1525820791721344
4.03125,2538.0,0.1526349037885666
4.03125,2540.0,0.15268772840499878
4.03125,2540.0,0.15274055302143097
4.03125,2542.0,0.15279337763786316
4.03515625,2542.0,0.15284620225429535
4.03515625,2544.0,0.15289902687072754
4.03515625,2544.0,0.15295185148715973
4.03515625,2546.0,0.15300467610359192
4.03515625,2546.0,0.1530575007200241
4.03515625,2548.0,0.1531103253364563
4.03515625,2548.0,0.1531631499528885
4.03515625,2550.0,0.15321597456932068
4.03515625,2552.0,0.15326879918575287
4.03515625,2552.0,0.15332162380218506
4.03515625,2554.0,0.15337444841861725
4.03515625,2554.0,0.15342727303504944
4.03515625,2556.0,0.15348009765148163
4.03515625,2556.0,0.15353292226791382
4.03515625,2558.0,0.153585746884346
4.03515625,2558.0,0.1536385715007782
4.03515625,2560.0,0.1536913961172104
4.03515625,2560.0,0.15374422073364258
4.03515625,2562.0,0.15379704535007477
4.03515625,2562.0,0.15384986996650696
4.03515625,2564.0,0.15390269458293915
4.03515625,2564.0,0.15395551919937134
4.03125,2566.0,0.15400834381580353
4.03125,2566.0,0.15406116843223572
4.03125,2568.0,0.1541139930486679
4.03125,2568.0,0.1541668176651001
4.03125,2570.0,0.1542196422815323
4.03125,2570.0,0.15427246689796448
4.03125,2572.0,0.15432529151439667
4.03125,2572.0,0.15437811613082886
4.02734375,2574.0,0.15443094074726105
4.02734375,2574.0,0.15448376536369324
4.02734375,2576.0,0.15453658998012543
4.02734375,2576.0,0.15458941459655762
4.02734375,2578.0,0.1546422392129898
4.0234375,2580.0,0.154695063829422
4.0234375,2580.0,0.1547478884458542
4.0234375,2582.0,0.15480071306228638
4.0234375,2582.0,0.15485353767871857
4.0234375,2584.0,0.15490636229515076
4.01953125,2584.0,0.15495918691158295
4.01953125,2586.0,0.15501201152801514
4.01953125,2586.0,0.15506483614444733
4.01953125,2588.0,0.15511766076087952
4.015625,2588.0,0.1551704853773117
4.015625,2590.0,0.1552233099937439
4.015625,2590.0,0.1552761346101761
4.015625,2592.0,0.15532895922660828
4.01171875,2592.0,0.15538178384304047
4.01171875,2594.0,0.15543460845947266
4.01171875,2594.0,0.15548743307590485
4.01171875,2596.0,0.15554025769233704
4.0078125,2596.0,0.15559308230876923
4.0078125,2598.0,0.15564590692520142
4.0078125,2598.0,0.1556987315416336
4.00390625,2600.0,0.1557515561580658
4.00390625,2600.0,0.15580438077449799
4.00390625,2602.0,0.15585720539093018
4.0,2602.0,0.15591003000736237
4.0,2604.0,0.15596285462379456
4.0,2604.0,0.15601567924022675
3.998046875,2606.0,0.15606850385665894
3.998046875,2608.0,0.15612132847309113
3.99609375,2608.0,0.15617415308952332
3.994140625,2610.0,0.1562269777059555
3.9921875,2610.0,0.1562798023223877
3.9921875,2612.0,0.15633262693881989
3.990234375,2612.0,0.15638545155525208
3.98828125,2614.0,0.15643827617168427
3.986328125,2614.0,0.15649110078811646
3.986328125,2616.0,0.15654392540454865
3.984375,2616.0,0.15659675002098083
3.982421875,2618.0,0.15664957463741302
3.98046875,2618.0,0.15670239925384521
3.98046875,2620.0,0.1567552238702774
3.978515625,2620.0,0.1568080484867096
3.9765625,2622.0,0.15686087310314178
3.974609375,2622.0,0.15691369771957397
3.974609375,2624.0,0.15696652233600616
3.97265625,2624.0,0.15701934695243835
3.970703125,2626.0,0.15707217156887054
3.96875,2626.0,0.15712499618530273
3.966796875,2628.0,0.15717782080173492
3.96484375,2628.0,0.15723064541816711
3.962890625,2630.0,0.1572834700345993
3.9609375,2630.0,0.1573362946510315
3.958984375,2632.0,0.15738911926746368
3.958984375,2634.0,0.15744194388389587
3.95703125,2634.0,0.15749476850032806
3.955078125,2636.0,0.15754759311676025
3.953125,2636.0,0.15760041773319244
3.951171875,2638.0,0.15765324234962463
3.94921875,2638.0,0.15770606696605682
3.947265625,2640.0,0.157758891582489
3.947265625,2640.0,0.1578117161989212
3.9453125,2642.0,0.1578645408153534
3.943359375,2642.0,0.15791736543178558
3.94140625,2644.0,0.15797019004821777
3.939453125,2644.0,0.15802301466464996
3.939453125,2646.0,0.15807583928108215
3.9375,2646.0,0.15812866389751434
3.935546875,2648.0,0.15818148851394653
3.93359375,2648.0,0.15823431313037872
3.931640625,2650.0,0.1582871377468109
3.931640625,2650.0,0.1583399623632431
3.9296875,2652.0,0.1583927869796753
3.927734375,2652.0,0.15844561159610748
3.92578125,2654.0,0.15849843621253967
3.923828125,2654.0,0.15855126082897186
3.923828125,2656.0,0.15860408544540405
3.921875,2658.0,0.15865691006183624
3.919921875,2658.0,0.15870973467826843
3.91796875,2660.0,0.15876255929470062
3.91796875,2660.0,0.1588153839111328
3.916015625,2662.0,0.158868208527565
3.9140625,2662.0,0.1589210331439972
3.912109375,2664.0,0.15897385776042938
3.912109375,2664.0,0.15902668237686157
3.91015625,2666.0,0.15907950699329376
3.908203125,2666.0,0.15913233160972595
3.908203125,2668.0,0.15918515622615814
3.90625,2668.0,0.15923798084259033
3.904296875,2670.0,0.15929080545902252
3.904296875,2670.0,0.1593436300754547
3.90234375,2672.0,0.1593964546918869
3.900390625,2672.0,0.1594492793083191
3.8984375,2674.0,0.15950210392475128
3.8984375,2674.0,0.15955492854118347
3.896484375,2676.0,0.15960775315761566
3.89453125,2676.0,0.15966057777404785
3.89453125,2678.0,0.15971340239048004
3.892578125,2678.0,0.15976622700691223
3.890625,2680.0,0.15981905162334442
3.890625,2682.0,0.1598718762397766
3.888671875,2682.0,0.1599247008562088
3.88671875,2684.0,0.159977525472641
3.88671875,2684.0,0.16003035008907318
3.884765625,2686.0,0.16008317470550537
3.8828125,2686.0,0.16013599932193756
3.8828125,2688.0,0.16018882393836975
3.880859375,2688.0,0.16024164855480194
3.87890625,2690.0,0.16029447317123413
3.87890625,2690.0,0.16034729778766632
3.876953125,2692.0,0.1604001224040985
3.875,2692.0,0.1604529470205307
3.875,2694.0,0.1605057716369629
3.873046875,2694.0,0.16055859625339508
3.87109375,2696.0,0.16061142086982727
3.87109375,2696.0,0.16066424548625946
3.869140625,2698.0,0.16071707010269165
3.8671875,2698.0,0.16076989471912384
3.865234375,2700.0,0.16082271933555603
3.865234375,2700.0,0.16087554395198822
3.86328125,2702.0,0.1609283685684204
3.861328125,2702.0,0.1609811931848526
3.861328125,2704.0,0.1610340178012848
3.859375,2706.0,0.16108684241771698
3.857421875,2706.0,0.16113966703414917
3.857421875,2708.0,0.16119249165058136
3.85546875,2708.0,0.16124531626701355
3.853515625,2710.0,0.16129814088344574
3.853515625,2710.0,0.16135096549987793
3.8515625,2712.0,0.16140379011631012
3.849609375,2712.0,0.1614566147327423
3.84765625,2714.0,0.1615094393491745
3.84765625,2714.0,0.1615622639656067
3.845703125,2716.0,0.16161508858203888
3.84375,2716.0,0.16166791319847107
3.841796875,2718.0,0.16172073781490326
3.841796875,2718.0,0.16177356243133545
3.83984375,2720.0,0.16182638704776764
3.837890625,2720.0,0.16187921166419983
3.8359375,2722.0,0.16193203628063202
3.833984375,2722.0,0.1619848608970642
3.83203125,2724.0,0.1620376855134964
3.83203125,2724.0,0.1620905101299286
3.830078125,2726.0,0.16214333474636078
3.828125,2726.0,0.16219615936279297
3.826171875,2728.0,0.16224898397922516
3.82421875,2730.0,0.16230180859565735
3.822265625,2730.0,0.16235463321208954
3.8203125,2732.0,0.16240745782852173
3.818359375,2732.0,0.16246028244495392
3.818359375,2734.0,0.1625131070613861
3.81640625,2734.0,0.1625659316778183
3.814453125,2736.0,0.1626187562942505
3.8125,2736.0,0.16267158091068268
3.810546875,2738.0,0.16272440552711487
3.80859375,2738.0,0.16277723014354706
3.806640625,2740.0,0.16283005475997925
3.802734375,2740.0,0.16288287937641144
3.80078125,2742.0,0.16293570399284363
3.798828125,2742.0,0.16298852860927582
3.796875,2744.0,0.163041353225708
3.794921875,2744.0,0.1630941778421402
3.79296875,2746.0,0.1631470024585724
3.7890625,2746.0,0.16319982707500458
3.787109375,2748.0,0.16325265169143677
3.78515625,2748.0,0.16330547630786896
3.783203125,2750.0,0.16335830092430115
3.78125,2750.0,0.16341112554073334
3.77734375,2752.0,0.16346395015716553
3.775390625,2754.0,0.16351677477359772
3.7734375,2754.0,0.1635695993900299
3.771484375,2756.0,0.1636224240064621
3.767578125,2756.0,0.1636752486228943
3.765625,2758.0,0.16372807323932648
3.763671875,2758.0,0.16378089785575867
3.76171875,2760.0,0.16383372247219086
3.7578125,2760.0,0.16388654708862305
3.755859375,2762.0,0.16393937170505524
3.75390625,2762.0,0.16399219632148743
3.75,2764.0,0.16404502093791962
3.748046875,2764.0,0.1640978455543518
3.744140625,2766.0,0.164150670170784
3.7421875,2766.0,0.1642034947872162
3.740234375,2768.0,0.16425631940364838
3.736328125,2768.0,0.16430914402008057
3.734375,2770.0,0.16436196863651276
3.73046875,2770.0,0.16441479325294495
3.728515625,2772.0,0.16446761786937714
3.724609375,2772.0,0.16452044248580933
3.72265625,2774.0,0.16457326710224152
3.720703125,2776.0,0.1646260917186737
3.716796875,2776.0,0.1646789163351059
3.71484375,2778.0,0.16473174095153809
3.7109375,2778.0,0.16478456556797028
3.708984375,2780.0,0.16483739018440247
3.705078125,2780.0,0.16489021480083466
3.701171875,2782.0,0.16494303941726685
3.69921875,2782.0,0.16499586403369904
3.6953125,2784.0,0.16504868865013123
3.693359375,2784.0,0.16510151326656342
3.689453125,2786.0,0.1651543378829956
3.6875,2786.0,0.1652071624994278
3.68359375,2788.0,0.16525998711585999
3.681640625,2788.0,0.16531281173229218
3.677734375,2790.0,0.16536563634872437
3.67578125,2790.0,0.16541846096515656
3.671875,2792.0,0.16547128558158875
3.669921875,2792.0,0.16552411019802094
3.666015625,2794.0,0.16557693481445312
3.6640625,2794.0,0.16562975943088531
3.66015625,2796.0,0.1656825840473175
3.658203125,2798.0,0.1657354086637497
3.65625,2798.0,0.16578823328018188
3.65234375,2800.0,0.16584105789661407
3.650390625,2800.0,0.16589388251304626
3.646484375,2802.0,0.16594670712947845
3.64453125,2802.0,0.16599953174591064
3.640625,2804.0,0.16605235636234283
3.638671875,2804.0,0.16610518097877502
3.634765625,2806.0,0.16615800559520721
3.6328125,2806.0,0.1662108302116394
3.62890625,2808.0,0.1662636548280716
3.626953125,2808.0,0.16631647944450378
3.625,2810.0,0.16636930406093597
3.62109375,2810.0,0.16642212867736816
3.619140625,2812.0,0.16647495329380035
3.615234375,2812.0,0.16652777791023254
3.61328125,2814.0,0.16658060252666473
3.611328125,2814.0,0.16663342714309692
3.607421875,2816.0,0.1666862517595291
3.60546875,2816.0,0.1667390763759613
3.603515625,2818.0,0.1667919009923935
3.599609375,2820.0,0.16684472560882568
3.59765625,2820.0,0.16689755022525787
3.595703125,2822.0,0.16695037484169006
3.59375,2822.0,0.16700319945812225
3.591796875,2824.0,0.16705602407455444
3.587890625,2824.0,0.16710884869098663
3.5859375,2826.0,0.16716167330741882
3.583984375,2826.0,0.167214497923851
3.58203125,2828.0,0.1672673225402832
3.580078125,2828.0,0.1673201471567154
3.578125,2830.0,0.16737297177314758
3.576171875,2830.0,0.16742579638957977
3.57421875,2832.0,0.16747862100601196
3.5703125,2832.0,0.16753144562244415
3.568359375,2834.0,0.16758427023887634
3.56640625,2834.0,0.16763709485530853
3.564453125,2836.0,0.16768991947174072
3.5625,2836.0,0.1677427440881729
3.560546875,2838.0,0.1677955687046051
3.560546875,2838.0,0.1678483933210373
3.55859375,2840.0,0.16790121793746948
3.556640625,2842.0,0.16795404255390167
3.5546875,2842.0,0.16800686717033386
3.552734375,2844.0,0.16805969178676605
3.55078125,2844.0,0.16811251640319824
3.548828125,2846.0,0.16816534101963043
3.546875,2846.0,0.16821816563606262
3.546875,2848.0,0.1682709902524948
3.544921875,2848.0,0.168323814868927
3.54296875,2850.0,0.1683766394853592
3.541015625,2850.0,0.16842946410179138
3.541015625,2852.0,0.16848228871822357
3.5390625,2852.0,0.16853511333465576
3.537109375,2854.0,0.16858793795108795
3.53515625,2854.0,0.16864076256752014
3.53515625,2856.0,0.16869358718395233
3.533203125,2856.0,0.16874641180038452
3.53125,2858.0,0.1687992364168167
3.53125,2858.0,0.1688520610332489
3.529296875,2860.0,0.1689048856496811
3.529296875,2860.0,0.16895771026611328
3.52734375,2862.0,0.16901053488254547
3.525390625,2864.0,0.16906335949897766
3.525390625,2864.0,0.16911618411540985
3.5234375,2866.0,0.16916900873184204
3.5234375,2866.0,0.16922183334827423
3.521484375,2868.0,0.16927465796470642
3.521484375,2868.0,0.1693274825811386
3.51953125,2870.0,0.1693803071975708
3.51953125,2870.0,0.169433131814003
3.517578125,2872.0,0.16948595643043518
3.515625,2872.0,0.16953878104686737
3.515625,2874.0,0.16959160566329956
3.513671875,2874.0,0.16964443027973175
3.513671875,2876.0,0.16969725489616394
3.51171875,2876.0,0.16975007951259613
3.51171875,2878.0,0.16980290412902832
3.509765625,2878.0,0.1698557287454605
3.509765625,2880.0,0.1699085533618927
3.5078125,2880.0,0.1699613779783249
3.5078125,2882.0,0.17001420259475708
3.505859375,2884.0,0.17006702721118927
3.50390625,2884.0,0.17011985182762146
3.50390625,2886.0,0.17017267644405365
3.501953125,2886.0,0.17022550106048584
3.501953125,2888.0,0.17027832567691803
3.5,2888.0,0.17033115029335022
3.5,2890.0,0.1703839749097824
3.498046875,2890.0,0.1704367995262146
3.498046875,2892.0,0.1704896241426468
3.49609375,2892.0,0.17054244875907898
3.49609375,2894.0,0.17059527337551117
3.494140625,2894.0,0.17064809799194336
3.4921875,2896.0,0.17070092260837555
3.4921875,2896.0,0.17075374722480774
3.490234375,2898.0,0.17080657184123993
3.48828125,2898.0,0.17085939645767212
3.48828125,2900.0,0.1709122210741043
3.486328125,2900.0,0.1709650456905365
3.484375,2902.0,0.1710178703069687
3.484375,2904.0,0.17107069492340088
3.482421875,2904.0,0.17112351953983307
3.48046875,2906.0,0.17117634415626526
3.48046875,2906.0,0.17122916877269745
3.478515625,2908.0,0.17128199338912964
3.4765625,2908.0,0.17133481800556183
3.4765625,2910.0,0.17138764262199402
3.474609375,2910.0,0.1714404672384262
3.47265625,2912.0,0.1714932918548584
3.470703125,2912.0,0.1715461164712906
3.470703125,2914.0,0.17159894108772278
3.46875,2914.0,0.17165176570415497
3.466796875,2916.0,0.17170459032058716
3.466796875,2916.0,0.17175741493701935
3.46484375,2918.0,0.17181023955345154
3.462890625,2918.0,0.17186306416988373
3.4609375,2920.0,0.17191588878631592
3.4609375,2920.0,0.1719687134027481
3.458984375,2922.0,0.1720215380191803
3.45703125,2924.0,0.1720743626356125
3.455078125,2924.0,0.17212718725204468
3.453125,2926.0,0.17218001186847687
3.453125,2926.0,0.17223283648490906
3.451171875,2928.0,0.17228566110134125
3.44921875,2928.0,0.17233848571777344
3.447265625,2930.0,0.17239131033420563
3.4453125,2930.0,0.17244413495063782
3.4453125,2932.0,0.17249695956707
3.443359375,2932.0,0.1725497841835022
3.44140625,2934.0,0.1726026087999344
3.439453125,2934.0,0.17265543341636658
3.4375,2936.0,0.17270825803279877
3.4375,2936.0,0.17276108264923096
3.435546875,2938.0,0.17281390726566315
3.43359375,2938.0,0.17286673188209534
3.431640625,2940.0,0.17291955649852753
3.431640625,2940.0,0.17297238111495972
3.4296875,2942.0,0.1730252057313919
3.427734375,2944.0,0.1730780303478241
3.42578125,2944.0,0.1731308549642563
3.42578125,2946.0,0.17318367958068848
3.423828125,2946.0,0.17323650419712067
3.421875,2948.0,0.17328932881355286
3.419921875,2948.0,0.17334215342998505
3.419921875,2950.0,0.17339497804641724
3.41796875,2950.0,0.17344780266284943
3.41796875,2952.0,0.17350062727928162
3.416015625,2952.0,0.1735534518957138
3.4140625,2954.0,0.173606276512146
3.4140625,2954.0,0.17365910112857819
3.412109375,2956.0,0.17371192574501038
3.412109375,2956.0,0.17376475036144257
3.41015625,2958.0,0.17381757497787476
3.41015625,2958.0,0.17387039959430695
3.408203125,2960.0,0.17392322421073914
3.408203125,2960.0,0.17397604882717133
3.40625,2962.0,0.17402887344360352
3.40625,2964.0,0.1740816980600357
3.404296875,2964.0,0.1741345226764679
3.404296875,2966.0,0.17418734729290009
3.404296875,2966.0,0.17424017190933228
3.40234375,2968.0,0.17429299652576447
3.40234375,2968.0,0.17434582114219666
3.40234375,2970.0,0.17439864575862885
3.400390625,2970.0,0.17445147037506104
3.400390625,2972.0,0.17450429499149323
3.400390625,2972.0,0.17455711960792542
3.400390625,2974.0,0.1746099442243576
3.3984375,2974.0,0.1746627688407898
3.3984375,2976.0,0.17471559345722198
3.3984375,2976.0,0.17476841807365417
3.3984375,2978.0,0.17482124269008636
3.3984375,2978.0,0.17487406730651855
3.3984375,2980.0,0.17492689192295074
3.3984375,2982.0,0.17497971653938293
3.3984375,2982.0,0.17503254115581512
3.3984375,2984.0,0.17508536577224731
3.3984375,2984.0,0.1751381903886795
3.3984375,2986.0,0.1751910150051117
3.400390625,2986.0,0.17524383962154388
3.400390625,2988.0,0.17529666423797607
3.400390625,2988.0,0.17534948885440826
3.400390625,2990.0,0.17540231347084045
3.400390625,2990.0,0.17545513808727264
3.400390625,2992.0,0.17550796270370483
3.40234375,2992.0,0.17556078732013702
3.40234375,2994.0,0.1756136119365692
3.40234375,2994.0,0.1756664365530014
3.40234375,2996.0,0.1757192611694336
3.404296875,2996.0,0.17577208578586578
3.404296875,2998.0,0.17582491040229797
3.404296875,2998.0,0.17587773501873016
3.40625,3000.0,0.17593055963516235
3.40625,3002.0,0.17598338425159454
3.40625,3002.0,0.17603620886802673
3.408203125,3004.0,0.17608903348445892
3.408203125,3004.0,0.1761418581008911
3.408203125,3006.0,0.1761946827173233
3.41015625,3006.0,0.1762475073337555
3.41015625,3008.0,0.17630033195018768
3.412109375,3008.0,0.17635315656661987
3.412109375,3010.0,0.17640598118305206
3.4140625,3010.0,0.17645880579948425
3.4140625,3012.0,0.17651163041591644
3.4140625,3012.0,0.17656445503234863
3.416015625,3014.0,0.17661727964878082
3.416015625,3014.0,0.176670104265213
3.41796875,3016.0,0.1767229288816452
3.41796875,3016.0,0.1767757534980774
3.419921875,3018.0,0.17682857811450958
3.421875,3020.0,0.17688140273094177
3.421875,3020.0,0.17693422734737396
3.423828125,3022.0,0.17698705196380615
3.423828125,3022.0,0.17703987658023834
3.42578125,3024.0,0.17709270119667053
3.42578125,3024.0,0.17714552581310272
3.427734375,3026.0,0.1771983504295349
3.4296875,3026.0,0.1772511750459671
3.4296875,3028.0,0.1773039996623993
3.431640625,3028.0,0.17735682427883148
3.431640625,3030.0,0.17740964889526367
3.43359375,3030.0,0.17746247351169586
3.435546875,3032.0,0.17751529812812805
3.435546875,3032.0,0.17756812274456024
3.4375,3034.0,0.17762094736099243
3.439453125,3034.0,0.17767377197742462
3.439453125,3036.0,0.1777265965938568
3.44140625,3038.0,0.177779421210289
3.443359375,3038.0,0.1778322458267212
3.4453125,3040.0,0.17788507044315338
3.4453125,3040.0,0.17793789505958557
3.447265625,3042.0,0.17799071967601776
3.44921875,3042.0,0.17804354429244995
3.451171875,3044.0,0.17809636890888214
3.451171875,3044.0,0.17814919352531433
3.453125,3046.0,0.17820201814174652
3.455078125,3046.0,0.1782548427581787
3.455078125,3048.0,0.1783076673746109
3.45703125,3048.0,0.1783604919910431
3.458984375,3050.0,0.17841331660747528
3.4609375,3050.0,0.17846614122390747
3.462890625,3052.0,0.17851896584033966
3.462890625,3052.0,0.17857179045677185
3.46484375,3054.0,0.17862461507320404
3.466796875,3054.0,0.17867743968963623
3.46875,3056.0,0.17873026430606842
3.470703125,3058.0,0.1787830889225006
3.47265625,3058.0,0.1788359135389328
3.47265625,3060.0,0.178888738155365
3.474609375,3060.0,0.17894156277179718
3.4765625,3062.0,0.17899438738822937
3.478515625,3062.0,0.17904721200466156
3.48046875,3064.0,0.17910003662109375
3.482421875,3064.0,0.17915286123752594
3.484375,3066.0,0.17920568585395813
3.486328125,3066.0,0.17925851047039032
3.48828125,3068.0,0.1793113350868225
3.48828125,3068.0,0.1793641597032547
3.490234375,3070.0,0.1794169843196869
3.4921875,3070.0,0.17946980893611908
3.494140625,3072.0,0.17952263355255127
3.49609375,3072.0,0.17957545816898346
3.498046875,3074.0,0.17962828278541565
3.5,3076.0,0.17968110740184784
3.501953125,3076.0,0.17973393201828003
3.501953125,3078.0,0.17978675663471222
3.50390625,3078.0,0.1798395812511444
3.505859375,3080.0,0.1798924058675766
3.5078125,3080.0,0.1799452304840088
3.509765625,3082.0,0.17999805510044098
3.51171875,3082.0,0.18005087971687317
3.513671875,3084.0,0.18010370433330536
3.515625,3084.0,0.18015652894973755
3.517578125,3086.0,0.18020935356616974
3.51953125,3086.0,0.18026217818260193
3.51953125,3088.0,0.18031500279903412
3.521484375,3088.0,0.1803678274154663
3.5234375,3090.0,0.1804206520318985
3.525390625,3090.0,0.1804734766483307
3.52734375,3092.0,0.18052630126476288
3.529296875,3094.0,0.18057912588119507
3.53125,3094.0,0.18063195049762726
3.533203125,3096.0,0.18068477511405945
3.53515625,3096.0,0.18073759973049164
3.537109375,3098.0,0.18079042434692383
3.5390625,3098.0,0.18084324896335602
3.541015625,3100.0,0.1808960735797882
3.54296875,3100.0,0.1809488981962204
3.544921875,3102.0,0.1810017228126526
3.546875,3102.0,0.18105454742908478
3.548828125,3104.0,0.18110737204551697
3.55078125,3104.0,0.18116019666194916
3.552734375,3106.0,0.18121302127838135
3.5546875,3106.0,0.18126584589481354
3.556640625,3108.0,0.18131867051124573
3.55859375,3110.0,0.18137149512767792
3.560546875,3110.0,0.1814243197441101
3.5625,3112.0,0.1814771443605423
3.564453125,3112.0,0.1815299689769745
3.56640625,3114.0,0.18158279359340668
3.568359375,3114.0,0.18163561820983887
3.5703125,3116.0,0.18168844282627106
3.572265625,3116.0,0.18174126744270325
3.57421875,3118.0,0.18179409205913544
3.576171875,3118.0,0.18184691667556763
3.578125,3120.0,0.18189974129199982
3.580078125,3120.0,0.181952565908432
3.58203125,3122.0,0.1820053905248642
3.583984375,3122.0,0.1820582151412964
3.5859375,3124.0,0.18211103975772858
3.587890625,3124.0,0.18216386437416077
3.58984375,3126.0,0.18221668899059296
3.591796875,3128.0,0.18226951360702515
3.59375,3128.0,0.18232233822345734
3.595703125,3130.0,0.18237516283988953
3.59765625,3130.0,0.18242798745632172
3.6015625,3132.0,0.1824808120727539
3.603515625,3132.0,0.1825336366891861
3.60546875,3134.0,0.1825864613056183
3.607421875,3134.0,0.18263928592205048
3.609375,3136.0,0.18269211053848267
3.611328125,3136.0,0.18274493515491486
3.61328125,3138.0,0.18279775977134705
3.615234375,3138.0,0.18285058438777924
3.6171875,3140.0,0.18290340900421143
3.619140625,3140.0,0.18295623362064362
3.62109375,3142.0,0.1830090582370758
3.625,3142.0,0.183061882853508
3.626953125,3144.0,0.18311470746994019
3.62890625,3146.0,0.18316753208637238
3.630859375,3146.0,0.18322035670280457
3.6328125,3148.0,0.18327318131923676
3.634765625,3148.0,0.18332600593566895
3.63671875,3150.0,0.18337883055210114
3.638671875,3150.0,0.18343165516853333
3.640625,3152.0,0.18348447978496552
3.64453125,3152.0,0.1835373044013977
3.646484375,3154.0,0.1835901290178299
3.6484375,3154.0,0.18364295363426208
3.650390625,3156.0,0.18369577825069427
3.65234375,3156.0,0.18374860286712646
3.654296875,3158.0,0.18380142748355865
3.658203125,3158.0,0.18385425209999084
3.66015625,3160.0,0.18390707671642303
3.662109375,3162.0,0.18395990133285522
3.6640625,3162.0,0.18401272594928741
3.666015625,3164.0,0.1840655505657196
3.669921875,3164.0,0.1841183751821518
3.671875,3166.0,0.18417119979858398
3.673828125,3166.0,0.18422402441501617
3.67578125,3168.0,0.18427684903144836
3.677734375,3168.0,0.18432967364788055
3.681640625,3170.0,0.18438249826431274
3.68359375,3170.0,0.18443532288074493
3.685546875,3172.0,0.18448814749717712
3.6875,3172.0,0.18454097211360931
3.69140625,3174.0,0.1845937967300415
3.693359375,3174.0,0.1846466213464737
3.6953125,3176.0,0.18469944596290588
3.69921875,3176.0,0.18475227057933807
3.701171875,3178.0,0.18480509519577026
3.703125,3180.0,0.18485791981220245
3.705078125,3180.0,0.18491074442863464
3.708984375,3182.0,0.18496356904506683
3.7109375,3182.0,0.18501639366149902
3.712890625,3184.0,0.1850692182779312
3.716796875,3184.0,0.1851220428943634
3.71875,3186.0,0.1851748675107956
3.720703125,3186.0,0.18522769212722778
3.724609375,3188.0,0.18528051674365997
3.7265625,3188.0,0.18533334136009216
3.73046875,3190.0,0.18538616597652435
3.732421875,3190.0,0.18543899059295654
3.734375,3192.0,0.18549181520938873
3.73828125,3192.0,0.18554463982582092
3.740234375,3194.0,0.1855974644422531
3.744140625,3196.0,0.1856502890586853
3.74609375,3196.0,0.1857031136751175
3.75,3198.0,0.18575593829154968
3.751953125,3198.0,0.18580876290798187
3.75390625,3200.0,0.18586158752441406
3.7578125,3200.0,0.18591441214084625
3.759765625,3202.0,0.18596723675727844
3.763671875,3202.0,0.18602006137371063
3.765625,3204.0,0.18607288599014282
3.767578125,3204.0,0.186125710606575
3.771484375,3206.0,0.1861785352230072
3.7734375,3206.0,0.1862313598394394
3.77734375,3208.0,0.18628418445587158
3.779296875,3208.0,0.18633700907230377
3.78125,3210.0,0.18638983368873596
3.78515625,3210.0,0.18644265830516815
3.787109375,3212.0,0.18649548292160034
3.791015625,3214.0,0.18654830753803253
3.79296875,3214.0,0.18660113215446472
3.796875,3216.0,0.1866539567708969
3.798828125,3216.0,0.1867067813873291
3.802734375,3218.0,0.1867596060037613
3.8046875,3218.0,0.18681243062019348
3.806640625,3220.0,0.18686525523662567
3.810546875,3220.0,0.18691807985305786
3.8125,3222.0,0.18697090446949005
3.81640625,3222.0,0.18702372908592224
3.818359375,3224.0,0.18707655370235443
3.822265625,3224.0,0.18712937831878662
3.82421875,3226.0,0.1871822029352188
3.826171875,3226.0,0.187235027551651
3.830078125,3228.0,0.1872878521680832
3.83203125,3230.0,0.18734067678451538
3.833984375,3230.0,0.18739350140094757
3.837890625,3232.0,0.18744632601737976
3.83984375,3232.0,0.18749915063381195
3.841796875,3234.0,0.18755197525024414
3.845703125,3234.0,0.18760479986667633
3.84765625,3236.0,0.18765762448310852
3.849609375,3236.0,0.1877104490995407
3.853515625,3238.0,0.1877632737159729
3.85546875,3238.0,0.1878160983324051
3.857421875,3240.0,0.18786892294883728
3.861328125,3240.0,0.18792174756526947
3.86328125,3242.0,0.18797457218170166
3.865234375,3242.0,0.18802739679813385
3.869140625,3244.0,0.18808022141456604
3.87109375,3246.0,0.18813304603099823
3.873046875,3246.0,0.18818587064743042
3.875,3248.0,0.1882386952638626
3.87890625,3248.0,0.1882915198802948
3.880859375,3250.0,0.188344344496727
3.8828125,3250.0,0.18839716911315918
3.884765625,3252.0,0.18844999372959137
3.888671875,3252.0,0.18850281834602356
3.890625,3254.0,0.18855564296245575
3.892578125,3254.0,0.18860846757888794
3.89453125,3256.0,0.18866129219532013
3.8984375,3256.0,0.18871411681175232
3.900390625,3258.0,0.1887669414281845
3.90234375,3258.0,0.1888197660446167
3.904296875,3260.0,0.1888725906610489
3.90625,3260.0,0.18892541527748108
3.91015625,3262.0,0.18897823989391327
3.912109375,3264.0,0.18903106451034546
3.9140625,3264.0,0.18908388912677765
3.916015625,3266.0,0.18913671374320984
3.91796875,3266.0,0.18918953835964203
3.921875,3268.0,0.18924236297607422
3.923828125,3268.0,0.1892951875925064
3.92578125,3270.0,0.1893480122089386
3.927734375,3270.0,0.1894008368253708
3.9296875,3272.0,0.18945366144180298
3.931640625,3272.0,0.18950648605823517
3.93359375,3274.0,0.18955931067466736
3.935546875,3274.0,0.18961213529109955
3.9375,3276.0,0.18966495990753174
3.939453125,3276.0,0.18971778452396393
3.94140625,3278.0,0.18977060914039612
3.943359375,3280.0,0.1898234337568283
3.9453125,3280.0,0.1898762583732605
3.947265625,3282.0,0.1899290829896927
3.94921875,3282.0,0.18998190760612488
3.951171875,3284.0,0.19003473222255707
3.953125,3284.0,0.19008755683898926
3.955078125,3286.0,0.19014038145542145
3.95703125,3286.0,0.19019320607185364
3.958984375,3288.0,0.19024603068828583
3.9609375,3288.0,0.19029885530471802
3.9609375,3290.0,0.1903516799211502
3.962890625,3290.0,0.1904045045375824
3.96484375,3292.0,0.1904573291540146
3.966796875,3292.0,0.19051015377044678
3.96875,3294.0,0.19056297838687897
3.96875,3296.0,0.19061580300331116
3.970703125,3296.0,0.19066862761974335
3.97265625,3298.0,0.19072145223617554
3.974609375,3298.0,0.19077427685260773
3.974609375,3300.0,0.19082710146903992
3.9765625,3300.0,0.1908799260854721
3.978515625,3302.0,0.1909327507019043
3.978515625,3302.0,0.1909855753183365
3.98046875,3304.0,0.19103839993476868
3.982421875,3304.0,0.19109122455120087
3.982421875,3306.0,0.19114404916763306
3.984375,3306.0,0.19119687378406525
3.984375,3308.0,0.19124969840049744
3.986328125,3308.0,0.19130252301692963
3.986328125,3310.0,0.19135534763336182
3.98828125,3312.0,0.191408172249794
3.98828125,3312.0,0.1914609968662262
3.990234375,3314.0,0.1915138214826584
3.990234375,3314.0,0.19156664609909058
3.9921875,3316.0,0.19161947071552277
3.9921875,3316.0,0.19167229533195496
3.9921875,3318.0,0.19172511994838715
3.994140625,3318.0,0.19177794456481934
3.994140625,3320.0,0.19183076918125153
3.994140625,3320.0,0.19188359379768372
3.99609375,3322.0,0.1919364184141159
3.99609375,3322.0,0.1919892430305481
3.99609375,3324.0,0.19204206764698029
3.998046875,3324.0,0.19209489226341248
3.998046875,3326.0,0.19214771687984467
3.998046875,3328.0,0.19220054149627686
3.998046875,3328.0,0.19225336611270905
4.0,3330.0,0.19230619072914124
4.0,3330.0,0.19235901534557343
4.0,3332.0,0.19241183996200562
4.0,3332.0,0.1924646645784378
4.0,3334.0,0.19251748919487
4.0,3334.0,0.19257031381130219
4.0,3336.0,0.19262313842773438
4.0,3336.0,0.19267596304416656
4.0,3338.0,0.19272878766059875
4.0,3338.0,0.19278161227703094
4.0,3340.0,0.19283443689346313
4.0,3342.0,0.19288726150989532
4.0,3342.0,0.19294008612632751
4.0,3344.0,0.1929929107427597
4.0,3344.0,0.1930457353591919
4.0,3346.0,0.19309855997562408
4.0,3346.0,0.19315138459205627
4.0,3348.0,0.19320420920848846
4.0,3348.0,0.19325703382492065
4.0,3350.0,0.19330985844135284
4.0,3350.0,0.19336268305778503
4.0,3352.0,0.19341550767421722
4.0,3352.0,0.19346833229064941
4.0,3354.0,0.1935211569070816
4.0,3354.0,0.1935739815235138
4.0,3356.0,0.19362680613994598
4.0,3358.0,0.19367963075637817
4.0,3358.0,0.19373245537281036
4.0,3360.0,0.19378527998924255
4.0,3360.0,0.19383810460567474
4.0,3362.0,0.19389092922210693
4.0,3362.0,0.19394375383853912
4.0,3364.0,0.1939965784549713
4.0,3364.0,0.1940494030714035
4.0,3366.0,0.1941022276878357
4.0,3366.0,0.19415505230426788
4.00390625,3368.0,0.19420787692070007
4.00390625,3368.0,0.19426070153713226
4.00390625,3370.0,0.19431352615356445
4.00390625,3370.0,0.19436635076999664
4.00390625,3372.0,0.19441917538642883
4.00390625,3374.0,0.19447200000286102
4.00390625,3374.0,0.1945248246192932
4.00390625,3376.0,0.1945776492357254
4.00390625,3376.0,0.1946304738521576
4.00390625,3378.0,0.19468329846858978
4.00390625,3378.0,0.19473612308502197
4.00390625,3380.0,0.19478894770145416
4.00390625,3380.0,0.19484177231788635
4.00390625,3382.0,0.19489459693431854
4.00390625,3382.0,0.19494742155075073
4.00390625,3384.0,0.19500024616718292
4.00390625,3384.0,0.1950530707836151
4.0078125,3386.0,0.1951058954000473
4.0078125,3386.0,0.1951587200164795
4.0078125,3388.0,0.19521154463291168
4.0078125,3390.0,0.19526436924934387
4.0078125,3390.0,0.19531719386577606
4.0078125,3392.0,0.19537001848220825
4.0078125,3392.0,0.19542284309864044
4.0078125,3394.0,0.19547566771507263
4.0078125,3394.0,0.19552849233150482
4.0078125,3396.0,0.195581316947937
4.0078125,3396.0,0.1956341415643692
4.01171875,3398.0,0.1956869661808014
4.01171875,3398.0,0.19573979079723358
4.01171875,3400.0,0.19579261541366577
4.01171875,3400.0,0.19584544003009796
4.01171875,3402.0,0.19589826464653015
4.01171875,3404.0,0.19595108926296234
4.01171875,3404.0,0.19600391387939453
4.01171875,3406.0,0.19605673849582672
4.01171875,3406.0,0.1961095631122589
4.015625,3408.0,0.1961623877286911
4.015625,3408.0,0.1962152123451233
4.015625,3410.0,0.19626803696155548
4.015625,3410.0,0.19632086157798767
4.015625,3412.0,0.19637368619441986
4.015625,3412.0,0.19642651081085205
4.015625,3414.0,0.19647933542728424
4.015625,3414.0,0.19653216004371643
4.015625,3416.0,0.19658498466014862
4.015625,3416.0,0.1966378092765808
4.015625,3418.0,0.196690633893013
4.01953125,3420.0,0.1967434585094452
4.01953125,3420.0,0.19679628312587738
4.01953125,3422.0,0.19684910774230957
4.01953125,3422.0,0.19690193235874176
4.01953125,3424.0,0.19695475697517395
4.01953125,3424.0,0.19700758159160614
4.01953125,3426.0,0.19706040620803833
4.01953125,3426.0,0.19711323082447052
4.01953125,3428.0,0.1971660554409027
4.01953125,3428.0,0.1972188800573349
4.01953125,3430.0,0.1972717046737671
4.01953125,3430.0,0.19732452929019928
4.01953125,3432.0,0.19737735390663147
4.01953125,3432.0,0.19743017852306366
4.01953125,3434.0,0.19748300313949585
4.01953125,3436.0,0.19753582775592804
4.01953125,3436.0,0.19758865237236023
4.01953125,3438.0,0.19764147698879242
4.01953125,3438.0,0.1976943016052246
4.01953125,3440.0,0.1977471262216568
4.01953125,3440.0,0.197799950838089
4.01953125,3442.0,0.19785277545452118
4.015625,3442.0,0.19790560007095337
4.015625,3444.0,0.19795842468738556
4.015625,3444.0,0.19801124930381775
4.015625,3446.0,0.19806407392024994
4.015625,3446.0,0.19811689853668213
4.015625,3448.0,0.19816972315311432
4.015625,3450.0,0.1982225477695465
4.015625,3450.0,0.1982753723859787
4.015625,3452.0,0.1983281970024109
4.015625,3452.0,0.19838102161884308
4.01171875,3454.0,0.19843384623527527
4.01171875,3454.0,0.19848667085170746
4.01171875,3456.0,0.19853949546813965
4.01171875,3456.0,0.19859232008457184
4.01171875,3458.0,0.19864514470100403
4.01171875,3458.0,0.19869796931743622
4.0078125,3460.0,0.1987507939338684
4.0078125,3460.0,0.1988036185503006
4.0078125,3462.0,0.1988564431667328
4.0078125,3464.0,0.19890926778316498
4.0078125,3464.0,0.19896209239959717
4.0078125,3466.0,0.19901491701602936
4.00390625,3466.0,0.19906774163246155
4.00390625,3468.0,0.19912056624889374
4.00390625,3468.0,0.19917339086532593
4.00390625,3470.0,0.19922621548175812
4.0,3470.0,0.1992790400981903
4.0,3472.0,0.1993318647146225
4.0,3472.0,0.1993846893310547
4.0,3474.0,0.19943751394748688
3.998046875,3474.0,0.19949033856391907
3.998046875,3476.0,0.19954316318035126
3.99609375,3476.0,0.19959598779678345
3.99609375,3478.0,0.19964881241321564
3.994140625,3480.0,0.19970163702964783
3.994140625,3480.0,0.19975446164608002
3.9921875,3482.0,0.1998072862625122
3.9921875,3482.0,0.1998601108789444
3.990234375,3484.0,0.1999129354953766
3.990234375,3484.0,0.19996576011180878
3.98828125,3486.0,0.20001858472824097
3.986328125,3486.0,0.20007140934467316
3.986328125,3488.0,0.20012423396110535
3.984375,3488.0,0.20017705857753754
3.982421875,3490.0,0.20022988319396973
3.982421875,3490.0,0.20028270781040192
3.98046875,3492.0,0.2003355324268341
3.98046875,3494.0,0.2003883570432663
3.978515625,3494.0,0.2004411816596985
3.9765625,3496.0,0.20049400627613068
3.9765625,3496.0,0.20054683089256287
3.974609375,3498.0,0.20059965550899506
3.974609375,3498.0,0.20065248012542725
3.97265625,3500.0,0.20070530474185944
3.970703125,3500.0,0.20075812935829163
3.970703125,3502.0,0.20081095397472382
3.96875,3502.0,0.200863778591156
3.96875,3504.0,0.2009166032075882
3.966796875,3504.0,0.20096942782402039
3.96484375,3506.0,0.20102225244045258
3.96484375,3508.0,0.20107507705688477
3.962890625,3508.0,0.20112790167331696
3.9609375,3510.0,0.20118072628974915
3.9609375,3510.0,0.20123355090618134
3.958984375,3512.0,0.20128637552261353
3.958984375,3512.0,0.20133920013904572
3.95703125,3514.0,0.2013920247554779
3.955078125,3514.0,0.2014448493719101
3.955078125,3516.0,0.20149767398834229
3.953125,3516.0,0.20155049860477448
3.951171875,3518.0,0.20160332322120667
3.951171875,3518.0,0.20165614783763885
3.94921875,3520.0,0.20170897245407104
3.94921875,3520.0,0.20176179707050323
3.947265625,3522.0,0.20181462168693542
3.9453125,3524.0,0.20186744630336761
3.9453125,3524.0,0.2019202709197998
3.943359375,3526.0,0.201973095536232
3.943359375,3526.0,0.20202592015266418
3.94140625,3528.0,0.20207874476909637
3.939453125,3528.0,0.20213156938552856
3.939453125,3530.0,0.20218439400196075
3.9375,3530.0,0.20223721861839294
3.9375,3532.0,0.20229004323482513
3.935546875,3532.0,0.20234286785125732
3.935546875,3534.0,0.20239569246768951
3.93359375,3534.0,0.2024485170841217
3.931640625,3536.0,0.2025013417005539
3.931640625,3538.0,0.20255416631698608
3.9296875,3538.0,0.20260699093341827
3.9296875,3540.0,0.20265981554985046
3.927734375,3540.0,0.20271264016628265
3.927734375,3542.0,0.20276546478271484
3.92578125,3542.0,0.20281828939914703
3.923828125,3544.0,0.20287111401557922
3.923828125,3544.0,0.2029239386320114
3.921875,3546.0,0.2029767632484436
3.921875,3546.0,0.2030295878648758
3.919921875,3548.0,0.20308241248130798
3.91796875,3548.0,0.20313523709774017
3.91796875,3550.0,0.20318806171417236
3.916015625,3552.0,0.20324088633060455
3.916015625,3552.0,0.20329371094703674
3.9140625,3554.0,0.20334653556346893
3.912109375,3554.0,0.20339936017990112
3.912109375,3556.0,0.2034521847963333
3.91015625,3556.0,0.2035050094127655
3.908203125,3558.0,0.2035578340291977
3.908203125,3558.0,0.20361065864562988
3.90625,3560.0,0.20366348326206207
3.904296875,3560.0,0.20371630787849426
3.904296875,3562.0,0.20376913249492645
3.90234375,3562.0,0.20382195711135864
3.900390625,3564.0,0.20387478172779083
3.900390625,3566.0,0.20392760634422302
3.8984375,3566.0,0.2039804309606552
3.896484375,3568.0,0.2040332555770874
3.896484375,3568.0,0.2040860801935196
3.89453125,3570.0,0.20413890480995178
3.892578125,3570.0,0.20419172942638397
3.892578125,3572.0,0.20424455404281616
3.890625,3572.0,0.20429737865924835
3.888671875,3574.0,0.20435020327568054
3.88671875,3574.0,0.20440302789211273
3.88671875,3576.0,0.20445585250854492
3.884765625,3576.0,0.2045086771249771
3.8828125,3578.0,0.2045615017414093
3.880859375,3580.0,0.2046143263578415
3.880859375,3580.0,0.20466715097427368
3.87890625,3582.0,0.20471997559070587
3.876953125,3582.0,0.20477280020713806
3.875,3584.0,0.20482562482357025
3.875,3584.0,0.20487844944000244
3.873046875,3586.0,0.20493127405643463
3.87109375,3586.0,0.20498409867286682
3.869140625,3588.0,0.205036923289299
3.8671875,3588.0,0.2050897479057312
3.8671875,3590.0,0.2051425725221634
3.865234375,3590.0,0.20519539713859558
3.86328125,3592.0,0.20524822175502777
3.861328125,3594.0,0.20530104637145996
3.861328125,3594.0,0.20535387098789215
3.859375,3596.0,0.20540669560432434
3.857421875,3596.0,0.20545952022075653
3.85546875,3598.0,0.20551234483718872
3.853515625,3598.0,0.2055651694536209
3.853515625,3600.0,0.2056179940700531
3.8515625,3600.0,0.2056708186864853
3.849609375,3602.0,0.20572364330291748
3.84765625,3602.0,0.20577646791934967
3.845703125,3604.0,0.20582929253578186
3.845703125,3604.0,0.20588211715221405
3.84375,3606.0,0.20593494176864624
3.841796875,3608.0,0.20598776638507843
3.83984375,3608.0,0.20604059100151062
3.837890625,3610.0,0.2060934156179428
3.8359375,3610.0,0.206146240234375
3.8359375,3612.0,0.2061990648508072
3.833984375,3612.0,0.20625188946723938
3.83203125,3614.0,0.20630471408367157
3.830078125,3614.0,0.20635753870010376
3.828125,3616.0,0.20641036331653595
3.826171875,3616.0,0.20646318793296814
3.826171875,3618.0,0.20651601254940033
3.82421875,3618.0,0.20656883716583252
3.822265625,3620.0,0.2066216617822647
3.8203125,3622.0,0.2066744863986969
3.818359375,3622.0,0.2067273110151291
3.81640625,3624.0,0.20678013563156128
3.814453125,3624.0,0.20683296024799347
3.8125,3626.0,0.20688578486442566
3.8125,3626.0,0.20693860948085785
3.810546875,3628.0,0.20699143409729004
3.80859375,3628.0,0.20704425871372223
3.806640625,3630.0,0.20709708333015442
3.8046875,3630.0,0.2071499079465866
3.802734375,3632.0,0.2072027325630188
3.80078125,3632.0,0.207255557179451
3.798828125,3634.0,0.20730838179588318
3.796875,3636.0,0.20736120641231537
3.794921875,3636.0,0.20741403102874756
3.79296875,3638.0,0.20746685564517975
3.791015625,3638.0,0.20751968026161194
3.7890625,3640.0,0.20757250487804413
3.787109375,3640.0,0.20762532949447632
3.78515625,3642.0,0.2076781541109085
3.783203125,3642.0,0.2077309787273407
3.78125,3644.0,0.2077838033437729
3.779296875,3644.0,0.20783662796020508
3.77734375,3646.0,0.20788945257663727
3.775390625,3646.0,0.20794227719306946
3.7734375,3648.0,0.20799510180950165
3.771484375,3650.0,0.20804792642593384
3.767578125,3650.0,0.20810075104236603
3.765625,3652.0,0.20815357565879822
3.763671875,3652.0,0.2082064002752304
3.76171875,3654.0,0.2082592248916626
3.759765625,3654.0,0.2083120495080948
3.7578125,3656.0,0.20836487412452698
3.755859375,3656.0,0.20841769874095917
3.75390625,3658.0,0.20847052335739136
3.751953125,3658.0,0.20852334797382355
3.75,3660.0,0.20857617259025574
3.748046875,3660.0,0.20862899720668793
3.74609375,3662.0,0.20868182182312012
3.7421875,3664.0,0.2087346464395523
3.740234375,3664.0,0.2087874710559845
3.73828125,3666.0,0.2088402956724167
3.736328125,3666.0,0.20889312028884888
3.734375,3668.0,0.20894594490528107
3.732421875,3668.0,0.20899876952171326
3.73046875,3670.0,0.20905159413814545
3.728515625,3670.0,0.20910441875457764
3.724609375,3672.0,0.20915724337100983
3.72265625,3672.0,0.20921006798744202
3.720703125,3674.0,0.2092628926038742
3.71875,3674.0,0.2093157172203064
3.716796875,3676.0,0.2093685418367386
3.71484375,3678.0,0.20942136645317078
3.712890625,3678.0,0.20947419106960297
3.7109375,3680.0,0.20952701568603516
3.708984375,3680.0,0.20957984030246735
3.70703125,3682.0,0.20963266491889954
3.703125,3682.0,0.20968548953533173
3.701171875,3684.0,0.20973831415176392
3.69921875,3684.0,0.2097911387681961
3.697265625,3686.0,0.2098439633846283
3.6953125,3686.0,0.20989678800106049
3.693359375,3688.0,0.20994961261749268
3.69140625,3688.0,0.21000243723392487
3.689453125,3690.0,0.21005526185035706
3.6875,3692.0,0.21010808646678925
3.685546875,3692.0,0.21016091108322144
3.68359375,3694.0,0.21021373569965363
3.681640625,3694.0,0.21026656031608582
3.6796875,3696.0,0.210319384932518
3.677734375,3696.0,0.2103722095489502
3.67578125,3698.0,0.21042503416538239
3.673828125,3698.0,0.21047785878181458
3.671875,3700.0,0.21053068339824677
3.669921875,3700.0,0.21058350801467896
3.66796875,3702.0,0.21063633263111115
3.666015625,3704.0,0.21068915724754333
3.6640625,3704.0,0.21074198186397552
3.662109375,3706.0,0.21079480648040771
3.66015625,3706.0,0.2108476310968399
3.65625,3708.0,0.2109004557132721
3.654296875,3708.0,0.21095328032970428
3.65234375,3710.0,0.21100610494613647
3.650390625,3710.0,0.21105892956256866
3.6484375,3712.0,0.21111175417900085
3.646484375,3712.0,0.21116457879543304
3.64453125,3714.0,0.21121740341186523
3.642578125,3714.0,0.21127022802829742
3.640625,3716.0,0.21132305264472961
3.638671875,3718.0,0.2113758772611618
3.63671875,3718.0,0.211428701877594
3.634765625,3720.0,0.21148152649402618
3.6328125,3720.0,0.21153435111045837
3.630859375,3722.0,0.21158717572689056
3.62890625,3722.0,0.21164000034332275
3.626953125,3724.0,0.21169282495975494
3.625,3724.0,0.21174564957618713
3.623046875,3726.0,0.21179847419261932
3.62109375,3726.0,0.2118512988090515
3.619140625,3728.0,0.2119041234254837
3.6171875,3728.0,0.2119569480419159
3.615234375,3730.0,0.21200977265834808
3.61328125,3732.0,0.21206259727478027
3.611328125,3732.0,0.21211542189121246
3.609375,3734.0,0.21216824650764465
3.607421875,3734.0,0.21222107112407684
3.60546875,3736.0,0.21227389574050903
3.603515625,3736.0,0.21232672035694122
3.6015625,3738.0,0.2123795449733734
3.599609375,3738.0,0.2124323695898056
3.59765625,3740.0,0.2124851942062378
3.595703125,3740.0,0.21253801882266998
3.59375,3742.0,0.21259084343910217
3.591796875,3742.0,0.21264366805553436
3.58984375,3744.0,0.21269649267196655
3.587890625,3746.0,0.21274931728839874
3.587890625,3746.0,0.21280214190483093
3.5859375,3748.0,0.21285496652126312
3.583984375,3748.0,0.2129077911376953
3.58203125,3750.0,0.2129606157541275
3.580078125,3750.0,0.2130134403705597
3.578125,3752.0,0.21306626498699188
3.576171875,3752.0,0.21311908960342407
3.57421875,3754.0,0.21317191421985626
3.572265625,3754.0,0.21322473883628845
3.572265625,3756.0,0.21327756345272064
3.5703125,3758.0,0.21333038806915283
3.568359375,3758.0,0.21338321268558502
3.56640625,3760.0,0.2134360373020172
3.564453125,3760.0,0.2134888619184494
3.5625,3762.0,0.2135416865348816
3.5625,3762.0,0.21359451115131378
3.560546875,3764.0,0.21364733576774597
3.55859375,3764.0,0.21370016038417816
3.556640625,3766.0,0.21375298500061035
3.556640625,3766.0,0.21380580961704254
3.5546875,3768.0,0.21385863423347473
3.552734375,3768.0,0.21391145884990692
3.55078125,3770.0,0.2139642834663391
3.55078125,3772.0,0.2140171080827713
3.548828125,3772.0,0.2140699326992035
3.546875,3774.0,0.21412275731563568
3.544921875,3774.0,0.21417558193206787
3.544921875,3776.0,0.21422840654850006
3.54296875,3776.0,0.21428123116493225
3.541015625,3778.0,0.21433405578136444
3.541015625,3778.0,0.21438688039779663
3.5390625,3780.0,0.21443970501422882
3.5390625,3780.0,0.214492529630661
3.537109375,3782.0,0.2145453542470932
3.53515625,3782.0,0.2145981788635254
3.53515625,3784.0,0.21465100347995758
3.533203125,3786.0,0.21470382809638977
3.533203125,3786.0,0.21475665271282196
3.53125,3788.0,0.21480947732925415
3.53125,3788.0,0.21486230194568634
3.529296875,3790.0,0.21491512656211853
3.529296875,3790.0,0.21496795117855072
3.52734375,3792.0,0.2150207757949829
3.52734375,3792.0,0.2150736004114151
3.525390625,3794.0,0.2151264250278473
3.525390625,3794.0,0.21517924964427948
3.5234375,3796.0,0.21523207426071167
3.5234375,3798.0,0.21528489887714386
3.521484375,3798.0,0.21533772349357605
3.521484375,3800.0,0.21539054811000824
3.51953125,3800.0,0.21544337272644043
3.51953125,3802.0,0.21549619734287262
3.51953125,3802.0,0.2155490219593048
3.517578125,3804.0,0.215601846575737
3.517578125,3804.0,0.2156546711921692
3.515625,3806.0,0.21570749580860138
3.515625,3806.0,0.21576032042503357
3.515625,3808.0,0.21581314504146576
3.513671875,3808.0,0.21586596965789795
3.513671875,3810.0,0.21591879427433014
3.513671875,3812.0,0.21597161889076233
3.51171875,3812.0,0.21602444350719452
3.51171875,3814.0,0.2160772681236267
3.51171875,3814.0,0.2161300927400589
3.509765625,3816.0,0.2161829173564911
3.509765625,3816.0,0.21623574197292328
3.509765625,3818.0,0.21628856658935547
3.509765625,3818.0,0.21634139120578766
3.5078125,3820.0,0.21639421582221985
3.5078125,3820.0,0.21644704043865204
3.5078125,3822.0,0.21649986505508423
3.5078125,3824.0,0.21655268967151642
3.505859375,3824.0,0.2166055142879486
3.505859375,3826.0,0.2166583389043808
3.505859375,3826.0,0.216711163520813
3.505859375,3828.0,0.21676398813724518
3.505859375,3828.0,0.21681681275367737
3.50390625,3830.0,0.21686963737010956
3.50390625,3830.0,0.21692246198654175
3.50390625,3832.0,0.21697528660297394
3.50390625,3832.0,0.21702811121940613
3.50390625,3834.0,0.21708093583583832
3.501953125,3834.0,0.2171337604522705
3.501953125,3836.0,0.2171865850687027
3.501953125,3838.0,0.2172394096851349
3.501953125,3838.0,0.21729223430156708
3.501953125,3840.0,0.21734505891799927
3.501953125,3840.0,0.21739788353443146
3.5,3842.0,0.21745070815086365
3.5,3842.0,0.21750353276729584
3.5,3844.0,0.21755635738372803
3.5,3844.0,0.21760918200016022
3.5,3846.0,0.2176620066165924
3.5,3846.0,0.2177148312330246
3.5,3848.0,0.2177676558494568
3.498046875,3850.0,0.21782048046588898
3.498046875,3850.0,0.21787330508232117
3.498046875,3852.0,0.21792612969875336
3.498046875,3852.0,0.21797895431518555
3.498046875,3854.0,0.21803177893161774
3.498046875,3854.0,0.21808460354804993
3.498046875,3856.0,0.21813742816448212
3.498046875,3856.0,0.2181902527809143
3.49609375,3858.0,0.2182430773973465
3.49609375,3858.0,0.2182959020137787
3.49609375,3860.0,0.21834872663021088
3.49609375,3860.0,0.21840155124664307
3.49609375,3862.0,0.21845437586307526
3.49609375,3864.0,0.21850720047950745
3.49609375,3864.0,0.21856002509593964
3.494140625,3866.0,0.21861284971237183
3.494140625,3866.0,0.21866567432880402
3.494140625,3868.0,0.2187184989452362
3.494140625,3868.0,0.2187713235616684
3.494140625,3870.0,0.21882414817810059
3.494140625,3870.0,0.21887697279453278
3.4921875,3872.0,0.21892979741096497
3.4921875,3872.0,0.21898262202739716
3.4921875,3874.0,0.21903544664382935
3.4921875,3876.0,0.21908827126026154
3.4921875,3876.0,0.21914109587669373
3.490234375,3878.0,0.21919392049312592
3.490234375,3878.0,0.2192467451095581
3.490234375,3880.0,0.2192995697259903
3.490234375,3880.0,0.21935239434242249
3.490234375,3882.0,0.21940521895885468
3.48828125,3882.0,0.21945804357528687
3.48828125,3884.0,0.21951086819171906
3.48828125,3884.0,0.21956369280815125
3.48828125,3886.0,0.21961651742458344
3.48828125,3886.0,0.21966934204101562
3.486328125,3888.0,0.21972216665744781
3.486328125,3890.0,0.21977499127388
3.486328125,3890.0,0.2198278158903122
3.486328125,3892.0,0.21988064050674438
3.486328125,3892.0,0.21993346512317657
3.484375,3894.0,0.21998628973960876
3.484375,3894.0,0.22003911435604095
3.484375,3896.0,0.22009193897247314
3.484375,3896.0,0.22014476358890533
3.484375,3898.0,0.22019758820533752
3.482421875,3898.0,0.22025041282176971
3.482421875,3900.0,0.2203032374382019
3.482421875,3902.0,0.2203560620546341
3.482421875,3902.0,0.22040888667106628
3.48046875,3904.0,0.22046171128749847
3.48046875,3904.0,0.22051453590393066
3.48046875,3906.0,0.22056736052036285
3.48046875,3906.0,0.22062018513679504
3.478515625,3908.0,0.22067300975322723
3.478515625,3908.0,0.22072583436965942
3.478515625,3910.0,0.2207786589860916
3.478515625,3910.0,0.2208314836025238
3.4765625,3912.0,0.220884308218956
3.4765625,3914.0,0.22093713283538818
3.4765625,3914.0,0.22098995745182037
3.4765625,3916.0,0.22104278206825256
3.474609375,3916.0,0.22109560668468475
3.474609375,3918.0,0.22114843130111694
3.474609375,3918.0,0.22120125591754913
3.474609375,3920.0,0.22125408053398132
3.474609375,3920.0,0.2213069051504135
3.47265625,3922.0,0.2213597297668457
3.47265625,3922.0,0.2214125543832779
3.47265625,3924.0,0.22146537899971008
3.47265625,3924.0,0.22151820361614227
3.470703125,3926.0,0.22157102823257446
3.470703125,3928.0,0.22162385284900665
3.470703125,3928.0,0.22167667746543884
3.470703125,3930.0,0.22172950208187103
3.470703125,3930.0,0.22178232669830322
3.470703125,3932.0,0.2218351513147354
3.46875,3932.0,0.2218879759311676
3.46875,3934.0,0.2219408005475998
3.46875,3934.0,0.22199362516403198
3.46875,3936.0,0.22204644978046417
3.46875,3936.0,0.22209927439689636
3.46875,3938.0,0.22215209901332855
3.46875,3940.0,0.22220492362976074
3.46875,3940.0,0.22225774824619293
3.46875,3942.0,0.22231057286262512
3.46875,3942.0,0.2223633974790573
3.46875,3944.0,0.2224162220954895
3.46875,3944.0,0.2224690467119217
3.46875,3946.0,0.22252187132835388
3.46875,3946.0,0.22257469594478607
3.46875,3948.0,0.22262752056121826
3.46875,3948.0,0.22268034517765045
3.46875,3950.0,0.22273316979408264
3.46875,3952.0,0.22278599441051483
3.46875,3952.0,0.22283881902694702
3.46875,3954.0,0.2228916436433792
3.46875,3954.0,0.2229444682598114
3.46875,3956.0,0.2229972928762436
3.46875,3956.0,0.22305011749267578
3.470703125,3958.0,0.22310294210910797
3.470703125,3958.0,0.22315576672554016
3.470703125,3960.0,0.22320859134197235
3.470703125,3960.0,0.22326141595840454
3.470703125,3962.0,0.22331424057483673
3.47265625,3962.0,0.22336706519126892
3.47265625,3964.0,0.2234198898077011
3.47265625,3966.0,0.2234727144241333
3.47265625,3966.0,0.2235255390405655
3.474609375,3968.0,0.22357836365699768
3.474609375,3968.0,0.22363118827342987
3.474609375,3970.0,0.22368401288986206
3.4765625,3970.0,0.22373683750629425
3.4765625,3972.0,0.22378966212272644
3.4765625,3972.0,0.22384248673915863
3.478515625,3974.0,0.22389531135559082
3.478515625,3974.0,0.223948135972023
3.478515625,3976.0,0.2240009605884552
3.48046875,3978.0,0.2240537852048874
3.48046875,3978.0,0.22410660982131958
3.48046875,3980.0,0.22415943443775177
3.482421875,3980.0,0.22421225905418396
3.482421875,3982.0,0.22426508367061615
3.484375,3982.0,0.22431790828704834
3.484375,3984.0,0.22437073290348053
3.486328125,3984.0,0.22442355751991272
3.486328125,3986.0,0.2244763821363449
3.48828125,3986.0,0.2245292067527771
3.48828125,3988.0,0.2245820313692093
3.48828125,3990.0,0.22463485598564148
3.490234375,3990.0,0.22468768060207367
3.490234375,3992.0,0.22474050521850586
3.4921875,3992.0,0.22479332983493805
3.4921875,3994.0,0.22484615445137024
3.494140625,3994.0,0.22489897906780243
3.494140625,3996.0,0.22495180368423462
3.49609375,3996.0,0.2250046283006668
3.49609375,3998.0,0.225057452917099
3.498046875,3998.0,0.2251102775335312
3.498046875,4000.0,0.22516310214996338
3.5,4002.0,0.22521592676639557
3.501953125,4002.0,0.22526875138282776
3.501953125,4004.0,0.22532157599925995
3.50390625,4004.0,0.22537440061569214
3.50390625,4006.0,0.22542722523212433
3.505859375,4006.0,0.22548004984855652
3.5078125,4008.0,0.2255328744649887
3.5078125,4008.0,0.2255856990814209
3.509765625,4010.0,0.2256385236978531
3.509765625,4010.0,0.22569134831428528
3.51171875,4012.0,0.22574417293071747
3.513671875,4014.0,0.22579699754714966
3.513671875,4014.0,0.22584982216358185
3.515625,4016.0,0.22590264678001404
3.517578125,4016.0,0.22595547139644623
3.517578125,4018.0,0.22600829601287842
3.51953125,4018.0,0.2260611206293106
3.521484375,4020.0,0.2261139452457428
3.521484375,4020.0,0.226166769862175
3.5234375,4022.0,0.22621959447860718
3.525390625,4022.0,0.22627241909503937
3.52734375,4024.0,0.22632524371147156
3.52734375,4024.0,0.22637806832790375
3.529296875,4026.0,0.22643089294433594
3.53125,4028.0,0.22648371756076813
3.533203125,4028.0,0.22653654217720032
3.533203125,4030.0,0.2265893667936325
3.53515625,4030.0,0.2266421914100647
3.537109375,4032.0,0.2266950160264969
3.5390625,4032.0,0.22674784064292908
3.541015625,4034.0,0.22680066525936127
3.541015625,4034.0,0.22685348987579346
3.54296875,4036.0,0.22690631449222565
3.544921875,4036.0,0.22695913910865784
3.546875,4038.0,0.22701196372509003
3.548828125,4040.0,0.22706478834152222
3.548828125,4040.0,0.2271176129579544
3.55078125,4042.0,0.2271704375743866
3.552734375,4042.0,0.2272232621908188
3.5546875,4044.0,0.22727608680725098
3.556640625,4044.0,0.22732891142368317
3.55859375,4046.0,0.22738173604011536
3.560546875,4046.0,0.22743456065654755
3.560546875,4048.0,0.22748738527297974
3.5625,4048.0,0.22754020988941193
3.564453125,4050.0,0.22759303450584412
3.56640625,4052.0,0.2276458591222763
3.568359375,4052.0,0.2276986837387085
3.5703125,4054.0,0.22775150835514069
3.572265625,4054.0,0.22780433297157288
3.57421875,4056.0,0.22785715758800507
3.57421875,4056.0,0.22790998220443726
3.576171875,4058.0,0.22796280682086945
3.578125,4058.0,0.22801563143730164
3.580078125,4060.0,0.22806845605373383
3.58203125,4060.0,0.22812128067016602
3.583984375,4062.0,0.2281741052865982
3.5859375,4064.0,0.2282269299030304
3.587890625,4064.0,0.22827975451946259
3.58984375,4066.0,0.22833257913589478
3.591796875,4066.0,0.22838540375232697
3.591796875,4068.0,0.22843822836875916
3.59375,4068.0,0.22849105298519135
3.595703125,4070.0,0.22854387760162354
3.59765625,4070.0,0.22859670221805573
3.599609375,4072.0,0.22864952683448792
3.6015625,4072.0,0.2287023514509201
3.603515625,4074.0,0.2287551760673523
3.60546875,4076.0,0.22880800068378448
3.607421875,4076.0,0.22886082530021667
3.609375,4078.0,0.22891364991664886
3.611328125,4078.0,0.22896647453308105
3.61328125,4080.0,0.22901929914951324
3.615234375,4080.0,0.22907212376594543
3.615234375,4082.0,0.22912494838237762
3.6171875,4082.0,0.22917777299880981
3.619140625,4084.0,0.229230597615242
3.62109375,4084.0,0.2292834222316742
3.623046875,4086.0,0.22933624684810638
3.625,4088.0,0.22938907146453857
3.626953125,4088.0,0.22944189608097076
3.62890625,4090.0,0.22949472069740295
3.630859375,4090.0,0.22954754531383514
3.6328125,4092.0,0.22960036993026733
3.634765625,4092.0,0.22965319454669952
3.634765625,4094.0,0.2297060191631317
3.63671875,4094.0,0.2297588437795639
3.638671875,4096.0,0.2298116683959961
3.640625,4096.0,0.22986449301242828
3.642578125,4096.0,0.22991731762886047
3.64453125,4100.0,0.22997014224529266
3.646484375,4100.0,0.23002296686172485
3.6484375,4100.0,0.23007579147815704
3.650390625,4100.0,0.23012861609458923
3.65234375,4104.0,0.23018144071102142
3.654296875,4104.0,0.2302342653274536
3.65625,4104.0,0.2302870899438858
3.658203125,4104.0,0.230339914560318
3.66015625,4108.0,0.23039273917675018
3.662109375,4108.0,0.23044556379318237
3.6640625,4108.0,0.23049838840961456
3.666015625,4112.0,0.23055121302604675
3.66796875,4112.0,0.23060403764247894
3.669921875,4112.0,0.23065686225891113
3.671875,4112.0,0.23070968687534332
3.673828125,4116.0,0.2307625114917755
3.67578125,4116.0,0.2308153361082077
3.6796875,4116.0,0.2308681607246399
3.681640625,4116.0,0.23092098534107208
3.68359375,4120.0,0.23097380995750427
3.685546875,4120.0,0.23102663457393646
3.6875,4120.0,0.23107945919036865
3.689453125,4124.0,0.23113228380680084
3.69140625,4124.0,0.23118510842323303
3.693359375,4124.0,0.23123793303966522
3.6953125,4124.0,0.2312907576560974
3.697265625,4128.0,0.2313435822725296
3.69921875,4128.0,0.2313964068889618
3.701171875,4128.0,0.23144923150539398
3.703125,4128.0,0.23150205612182617
3.70703125,4132.0,0.23155488073825836
3.708984375,4132.0,0.23160770535469055
3.7109375,4132.0,0.23166052997112274
3.712890625,4136.0,0.23171335458755493
3.71484375,4136.0,0.23176617920398712
3.716796875,4136.0,0.2318190038204193
3.71875,4136.0,0.2318718284368515
3.720703125,4140.0,0.2319246530532837
3.724609375,4140.0,0.23197747766971588
3.7265625,4140.0,0.23203030228614807
3.728515625,4140.0,0.23208312690258026
3.73046875,4144.0,0.23213595151901245
3.732421875,4144.0,0.23218877613544464
3.734375,4144.0,0.23224160075187683
3.736328125,4148.0,0.23229442536830902
3.73828125,4148.0,0.2323472499847412
3.740234375,4148.0,0.2324000746011734
3.7421875,4148.0,0.2324528992176056
3.74609375,4152.0,0.23250572383403778
3.748046875,4152.0,0.23255854845046997
3.75,4152.0,0.23261137306690216
3.751953125,4152.0,0.23266419768333435
3.75390625,4156.0,0.23271702229976654
3.755859375,4156.0,0.23276984691619873
3.7578125,4156.0,0.23282267153263092
3.759765625,4160.0,0.2328754961490631
3.76171875,4160.0,0.2329283207654953
3.763671875,4160.0,0.2329811453819275
3.765625,4160.0,0.23303396999835968
3.767578125,4164.0,0.23308679461479187
3.76953125,4164.0,0.23313961923122406
3.771484375,4164.0,0.23319244384765625
3.7734375,4164.0,0.23324526846408844
3.775390625,4168.0,0.23329809308052063
3.77734375,4168.0,0.23335091769695282
3.779296875,4168.0,0.233403742313385
3.78125,4172.0,0.2334565669298172
3.783203125,4172.0,0.2335093915462494
3.78515625,4172.0,0.23356221616268158
3.787109375,4172.0,0.23361504077911377
3.7890625,4176.0,0.23366786539554596
3.791015625,4176.0,0.23372069001197815
3.79296875,4176.0,0.23377351462841034
3.794921875,4176.0,0.23382633924484253
3.796875,4180.0,0.23387916386127472
3.798828125,4180.0,0.2339319884777069
3.80078125,4180.0,0.2339848130941391
3.802734375,4184.0,0.2340376377105713
3.8046875,4184.0,0.23409046232700348
3.806640625,4184.0,0.23414328694343567
3.80859375,4184.0,0.23419611155986786
3.810546875,4188.0,0.23424893617630005
3.8125,4188.0,0.23430176079273224
3.814453125,4188.0,0.23435458540916443
3.81640625,4188.0,0.23440741002559662
3.818359375,4192.0,0.2344602346420288
3.8203125,4192.0,0.234513059258461
3.822265625,4192.0,0.2345658838748932
3.82421875,4196.0,0.23461870849132538
3.826171875,4196.0,0.23467153310775757
3.828125,4196.0,0.23472435772418976
3.830078125,4196.0,0.23477718234062195
3.83203125,4200.0,0.23483000695705414
3.833984375,4200.0,0.23488283157348633
3.8359375,4200.0,0.23493565618991852
3.837890625,4200.0,0.2349884808063507
3.83984375,4204.0,0.2350413054227829
3.841796875,4204.0,0.2350941300392151
3.84375,4204.0,0.23514695465564728
3.845703125,4208.0,0.23519977927207947
3.84765625,4208.0,0.23525260388851166
3.849609375,4208.0,0.23530542850494385
3.8515625,4208.0,0.23535825312137604
3.853515625,4212.0,0.23541107773780823
3.85546875,4212.0,0.23546390235424042
3.857421875,4212.0,0.2355167269706726
3.857421875,4212.0,0.2355695515871048
3.859375,4216.0,0.235622376203537
3.861328125,4216.0,0.23567520081996918
3.86328125,4216.0,0.23572802543640137
3.865234375,4220.0,0.23578085005283356
3.8671875,4220.0,0.23583367466926575
3.869140625,4220.0,0.23588649928569794
3.87109375,4220.0,0.23593932390213013
3.873046875,4224.0,0.23599214851856232
3.875,4224.0,0.2360449731349945
3.876953125,4224.0,0.2360977977514267
3.87890625,4224.0,0.2361506223678589
3.880859375,4228.0,0.23620344698429108
3.8828125,4228.0,0.23625627160072327
3.8828125,4228.0,0.23630909621715546
3.884765625,4232.0,0.23636192083358765
3.88671875,4232.0,0.23641474545001984
3.888671875,4232.0,0.23646757006645203
3.890625,4232.0,0.23652039468288422
3.892578125,4236.0,0.2365732192993164
3.89453125,4236.0,0.2366260439157486
3.896484375,4236.0,0.2366788685321808
3.8984375,4236.0,0.23673169314861298
3.8984375,4240.0,0.23678451776504517
3.900390625,4240.0,0.23683734238147736
3.90234375,4240.0,0.23689016699790955
3.904296875,4244.0,0.23694299161434174
3.90625,4244.0,0.23699581623077393
3.908203125,4244.0,0.23704864084720612
3.908203125,4244.0,0.2371014654636383
3.91015625,4248.0,0.2371542900800705
3.912109375,4248.0,0.23720711469650269
3.9140625,4248.0,0.23725993931293488
3.916015625,4252.0,0.23731276392936707
3.916015625,4252.0,0.23736558854579926
3.91796875,4252.0,0.23741841316223145
3.919921875,4252.0,0.23747123777866364
3.921875,4256.0,0.23752406239509583
3.921875,4256.0,0.23757688701152802
3.923828125,4256.0,0.2376297116279602
3.92578125,4256.0,0.2376825362443924
3.927734375,4260.0,0.23773536086082458
3.927734375,4260.0,0.23778818547725677
3.9296875,4260.0,0.23784101009368896
3.931640625,4264.0,0.23789383471012115
3.93359375,4264.0,0.23794665932655334
3.93359375,4264.0,0.23799948394298553
3.935546875,4264.0,0.23805230855941772
3.9375,4268.0,0.23810513317584991
3.9375,4268.0,0.2381579577922821
3.939453125,4268.0,0.2382107824087143
3.94140625,4268.0,0.23826360702514648
3.943359375,4272.0,0.23831643164157867
3.943359375,4272.0,0.23836925625801086
3.9453125,4272.0,0.23842208087444305
3.947265625,4276.0,0.23847490549087524
3.947265625,4276.0,0.23852773010730743
3.94921875,4276.0,0.23858055472373962
3.951171875,4276.0,0.23863337934017181
3.951171875,4280.0,0.238686203956604
3.953125,4280.0,0.2387390285730362
3.953125,4280.0,0.23879185318946838
3.955078125,4280.0,0.23884467780590057
3.95703125,4284.0,0.23889750242233276
3.95703125,4284.0,0.23895032703876495
3.958984375,4284.0,0.23900315165519714
3.958984375,4288.0,0.23905597627162933
3.9609375,4288.0,0.23910880088806152
3.9609375,4288.0,0.2391616255044937
3.962890625,4288.0,0.2392144501209259
3.962890625,4292.0,0.2392672747373581
3.96484375,4292.0,0.23932009935379028
3.966796875,4292.0,0.23937292397022247
3.966796875,4292.0,0.23942574858665466
3.96875,4296.0,0.23947857320308685
3.96875,4296.0,0.23953139781951904
3.970703125,4296.0,0.23958422243595123
3.970703125,4300.0,0.23963704705238342
3.97265625,4300.0,0.2396898716688156
3.97265625,4300.0,0.2397426962852478
3.974609375,4300.0,0.23979552090168
3.974609375,4304.0,0.23984834551811218
3.9765625,4304.0,0.23990117013454437
3.9765625,4304.0,0.23995399475097656
3.978515625,4304.0,0.24000681936740875
3.978515625,4308.0,0.24005964398384094
3.98046875,4308.0,0.24011246860027313
3.98046875,4308.0,0.24016529321670532
3.982421875,4312.0,0.2402181178331375
3.982421875,4312.0,0.2402709424495697
3.984375,4312.0,0.2403237670660019
3.984375,4312.0,0.24037659168243408
3.984375,4316.0,0.24042941629886627
3.986328125,4316.0,0.24048224091529846
3.986328125,4316.0,0.24053506553173065
3.98828125,4316.0,0.24058789014816284
3.98828125,4320.0,0.24064071476459503
3.990234375,4320.0,0.24069353938102722
3.990234375,4320.0,0.2407463639974594
3.990234375,4324.0,0.2407991886138916
3.9921875,4324.0,0.2408520132303238
3.9921875,4324.0,0.24090483784675598
3.994140625,4324.0,0.24095766246318817
3.994140625,4328.0,0.24101048707962036
3.994140625,4328.0,0.24106331169605255
3.99609375,4328.0,0.24111613631248474
3.99609375,4328.0,0.24116896092891693
3.99609375,4332.0,0.24122178554534912
3.998046875,4332.0,0.2412746101617813
3.998046875,4332.0,0.2413274347782135
3.998046875,4336.0,0.2413802593946457
4.0,4336.0,0.24143308401107788
4.0,4336.0,0.24148590862751007
4.0,4336.0,0.24153873324394226
4.0,4340.0,0.24159155786037445
4.0,4340.0,0.24164438247680664
4.0,4340.0,0.24169720709323883
4.0,4340.0,0.24175003170967102
4.0,4344.0,0.2418028563261032
4.00390625,4344.0,0.2418556809425354
4.00390625,4344.0,0.2419085055589676
4.00390625,4348.0,0.24196133017539978
4.00390625,4348.0,0.24201415479183197
4.00390625,4348.0,0.24206697940826416
4.00390625,4348.0,0.24211980402469635
4.00390625,4352.0,0.24217262864112854
4.00390625,4352.0,0.24222545325756073
4.00390625,4352.0,0.24227827787399292
4.00390625,4356.0,0.2423311024904251
4.00390625,4356.0,0.2423839271068573
4.0078125,4356.0,0.2424367517232895
4.0078125,4356.0,0.24248957633972168
4.0078125,4360.0,0.24254240095615387
4.0078125,4360.0,0.24259522557258606
4.0078125,4360.0,0.24264805018901825
4.0078125,4360.0,0.24270087480545044
4.0078125,4364.0,0.24275369942188263
4.0078125,4364.0,0.24280652403831482
4.0078125,4364.0,0.242859348654747
4.0078125,4368.0,0.2429121732711792
4.0078125,4368.0,0.2429649978876114
4.0078125,4368.0,0.24301782250404358
4.0078125,4368.0,0.24307064712047577
4.0078125,4372.0,0.24312347173690796
4.0078125,4372.0,0.24317629635334015
4.0078125,4372.0,0.24322912096977234
4.0078125,4372.0,0.24328194558620453
4.0078125,4376.0,0.24333477020263672
4.0078125,4376.0,0.2433875948190689
4.01171875,4376.0,0.2434404194355011
4.01171875,4380.0,0.2434932440519333
4.01171875,4380.0,0.24354606866836548
4.01171875,4380.0,0.24359889328479767
4.01171875,4380.0,0.24365171790122986
4.01171875,4384.0,0.24370454251766205
4.01171875,4384.0,0.24375736713409424
4.01171875,4384.0,0.24381019175052643
4.01171875,4384.0,0.24386301636695862
4.01171875,4388.0,0.2439158409833908
4.01171875,4388.0,0.243968665599823
4.01171875,4388.0,0.2440214902162552
4.01171875,4392.0,0.24407431483268738
4.01171875,4392.0,0.24412713944911957
4.01171875,4392.0,0.24417996406555176
4.01171875,4392.0,0.24423278868198395
4.01171875,4396.0,0.24428561329841614
4.01171875,4396.0,0.24433843791484833
4.01171875,4396.0,0.24439126253128052
4.01171875,4396.0,0.2444440871477127
4.015625,4400.0,0.2444969117641449
4.015625,4400.0,0.2445497363805771
4.015625,4400.0,0.24460256099700928
4.015625,4404.0,0.24465538561344147
4.015625,4404.0,0.24470821022987366
4.015625,4404.0,0.24476103484630585
4.015625,4404.0,0.24481385946273804
4.015625,4408.0,0.24486668407917023
4.015625,4408.0,0.24491950869560242
4.015625,4408.0,0.2449723333120346
4.015625,4408.0,0.2450251579284668
4.015625,4412.0,0.245077982544899
4.01953125,4412.0,0.24513080716133118
4.01953125,4412.0,0.24518363177776337
4.01953125,4416.0,0.24523645639419556
4.01953125,4416.0,0.24528928101062775
4.01953125,4416.0,0.24534210562705994
4.01953125,4416.0,0.24539493024349213
4.01953125,4420.0,0.24544775485992432
4.01953125,4420.0,0.2455005794763565
4.01953125,4420.0,0.2455534040927887
4.01953125,4424.0,0.2456062287092209
4.0234375,4424.0,0.24565905332565308
4.0234375,4424.0,0.24571187794208527
4.0234375,4424.0,0.24576470255851746
4.0234375,4428.0,0.24581752717494965
4.0234375,4428.0,0.24587035179138184
4.0234375,4428.0,0.24592317640781403
4.0234375,4428.0,0.24597600102424622
4.0234375,4432.0,0.2460288256406784
4.0234375,4432.0,0.2460816502571106
4.02734375,4432.0,0.24613447487354279
4.02734375,4436.0,0.24618729948997498
4.02734375,4436.0,0.24624012410640717
4.02734375,4436.0,0.24629294872283936
4.02734375,4436.0,0.24634577333927155
4.02734375,4440.0,0.24639859795570374
4.02734375,4440.0,0.24645142257213593
4.02734375,4440.0,0.24650424718856812
4.02734375,4440.0,0.2465570718050003
4.03125,4444.0,0.2466098964214325
4.03125,4444.0,0.24666272103786469
4.03125,4444.0,0.24671554565429688
4.03125,4448.0,0.24676837027072906
4.03125,4448.0,0.24682119488716125
4.03125,4448.0,0.24687401950359344
4.03125,4448.0,0.24692684412002563
4.03125,4452.0,0.24697966873645782
4.03125,4452.0,0.24703249335289001
4.03125,4452.0,0.2470853179693222
4.03125,4452.0,0.2471381425857544
4.03515625,4456.0,0.24719096720218658
4.03515625,4456.0,0.24724379181861877
4.03515625,4456.0,0.24729661643505096
4.03515625,4460.0,0.24734944105148315
4.03515625,4460.0,0.24740226566791534
4.03515625,4460.0,0.24745509028434753
4.03515625,4460.0,0.24750791490077972
4.03515625,4464.0,0.24756073951721191
4.03515625,4464.0,0.2476135641336441
4.03515625,4464.0,0.2476663887500763
4.03515625,4464.0,0.24771921336650848
4.03515625,4468.0,0.24777203798294067
4.0390625,4468.0,0.24782486259937286
4.0390625,4468.0,0.24787768721580505
4.0390625,4472.0,0.24793051183223724
4.0390625,4472.0,0.24798333644866943
4.0390625,4472.0,0.24803616106510162
4.0390625,4472.0,0.2480889856815338
4.0390625,4476.0,0.248141810297966
4.0390625,4476.0,0.2481946349143982
4.0390625,4476.0,0.24824745953083038
4.0390625,4480.0,0.24830028414726257
4.0390625,4480.0,0.24835310876369476
4.0390625,4480.0,0.24840593338012695
4.0390625,4480.0,0.24845875799655914
4.0390625,4484.0,0.24851158261299133
4.0390625,4484.0,0.24856440722942352
4.0390625,4484.0,0.2486172318458557
4.0390625,4484.0,0.2486700564622879
4.0390625,4488.0,0.2487228810787201
4.0390625,4488.0,0.24877570569515228
4.0390625,4488.0,0.24882853031158447
4.0390625,4492.0,0.24888135492801666
4.0390625,4492.0,0.24893417954444885
4.0390625,4492.0,0.24898700416088104
4.0390625,4492.0,0.24903982877731323
4.0390625,4496.0,0.24909265339374542
4.0390625,4496.0,0.2491454780101776
4.0390625,4496.0,0.2491983026266098
4.0390625,4496.0,0.249251127243042
4.0390625,4500.0,0.24930395185947418
4.0390625,4500.0,0.24935677647590637
4.0390625,4500.0,0.24940960109233856
4.0390625,4504.0,0.24946242570877075
4.0390625,4504.0,0.24951525032520294
4.0390625,4504.0,0.24956807494163513
4.0390625,4504.0,0.24962089955806732
4.0390625,4508.0,0.2496737241744995
4.03515625,4508.0,0.2497265487909317
4.03515625,4508.0,0.2497793734073639
4.03515625,4508.0,0.24983219802379608
4.03515625,4512.0,0.24988502264022827
4.03515625,4512.0,0.24993784725666046
4.03515625,4512.0,0.24999067187309265
4.03515625,4516.0,0.2500435709953308
4.03125,4516.0,0.25009647011756897
4.03125,4516.0,0.25014936923980713
4.03125,4516.0,0.2502022683620453
4.03125,4520.0,0.25025516748428345
4.03125,4520.0,0.2503080666065216
4.03125,4520.0,0.25036096572875977
4.02734375,4524.0,0.2504138648509979
4.02734375,4524.0,0.2504667639732361
4.02734375,4524.0,0.25051966309547424
4.02734375,4524.0,0.2505725622177124
4.02734375,4528.0,0.25062546133995056
4.02734375,4528.0,0.2506783604621887
4.0234375,4528.0,0.2507312595844269
4.0234375,4528.0,0.25078415870666504
4.0234375,4532.0,0.2508370578289032
4.0234375,4532.0,0.25088995695114136
4.01953125,4532.0,0.2509428560733795
4.01953125,4536.0,0.2509957551956177
4.01953125,4536.0,0.25104865431785583
4.01953125,4536.0,0.251101553440094
4.01953125,4536.0,0.25115445256233215
4.015625,4540.0,0.2512073516845703
4.015625,4540.0,0.25126025080680847
4.015625,4540.0,0.25131314992904663
4.015625,4540.0,0.2513660490512848
4.015625,4544.0,0.25141894817352295
4.01171875,4544.0,0.2514718472957611
4.01171875,4544.0,0.25152474641799927
4.01171875,4548.0,0.2515776455402374
4.01171875,4548.0,0.2516305446624756
4.0078125,4548.0,0.25168344378471375
4.0078125,4548.0,0.2517363429069519
4.0078125,4552.0,0.25178924202919006
4.0078125,4552.0,0.2518421411514282
4.0078125,4552.0,0.2518950402736664
4.00390625,4552.0,0.25194793939590454
4.00390625,4556.0,0.2520008385181427
4.00390625,4556.0,0.25205373764038086
4.00390625,4556.0,0.252106636762619
4.00390625,4560.0,0.2521595358848572
4.0,4560.0,0.25221243500709534
4.0,4560.0,0.2522653341293335
4.0,4560.0,0.25231823325157166
4.0,4564.0,0.2523711323738098
4.0,4564.0,0.252424031496048
3.998046875,4564.0,0.25247693061828613
3.998046875,4568.0,0.2525298297405243
3.99609375,4568.0,0.25258272886276245
3.99609375,4568.0,0.2526356279850006
3.99609375,4568.0,0.25268852710723877
3.994140625,4572.0,0.25274142622947693
3.994140625,4572.0,0.2527943253517151
3.9921875,4572.0,0.25284722447395325
3.9921875,4572.0,0.2529001235961914
3.990234375,4576.0,0.25295302271842957
3.990234375,4576.0,0.2530059218406677
3.98828125,4576.0,0.2530588209629059
3.98828125,4580.0,0.25311172008514404
3.986328125,4580.0,0.2531646192073822
3.986328125,4580.0,0.25321751832962036
3.986328125,4580.0,0.2532704174518585
3.984375,4584.0,0.2533233165740967
3.984375,4584.0,0.25337621569633484
3.982421875,4584.0,0.253429114818573
3.982421875,4584.0,0.25348201394081116
3.98046875,4588.0,0.2535349130630493
3.978515625,4588.0,0.2535878121852875
3.978515625,4588.0,0.25364071130752563
3.9765625,4592.0,0.2536936104297638
3.9765625,4592.0,0.25374650955200195
3.974609375,4592.0,0.2537994086742401
3.974609375,4592.0,0.25385230779647827
3.97265625,4596.0,0.25390520691871643
3.97265625,4596.0,0.2539581060409546
3.970703125,4596.0,0.25401100516319275
3.970703125,4600.0,0.2540639042854309
3.96875,4600.0,0.25411680340766907
3.96875,4600.0,0.2541697025299072
3.966796875,4600.0,0.2542226016521454
3.96484375,4604.0,0.25427550077438354
3.96484375,4604.0,0.2543283998966217
3.962890625,4604.0,0.25438129901885986
3.9609375,4604.0,0.254434198141098
3.9609375,4608.0,0.2544870972633362
3.958984375,4608.0,0.25453999638557434
3.958984375,4608.0,0.2545928955078125
3.95703125,4612.0,0.25464579463005066
3.955078125,4612.0,0.2546986937522888
3.955078125,4612.0,0.254751592874527
3.953125,4612.0,0.25480449199676514
3.951171875,4616.0,0.2548573911190033
3.951171875,4616.0,0.25491029024124146
3.94921875,4616.0,0.2549631893634796
3.947265625,4616.0,0.2550160884857178
3.947265625,4620.0,0.25506898760795593
3.9453125,4620.0,0.2551218867301941
3.943359375,4620.0,0.25517478585243225
3.943359375,4624.0,0.2552276849746704
3.94140625,4624.0,0.25528058409690857
3.939453125,4624.0,0.25533348321914673
3.9375,4624.0,0.2553863823413849
3.9375,4628.0,0.25543928146362305
3.935546875,4628.0,0.2554921805858612
3.93359375,4628.0,0.25554507970809937
3.931640625,4628.0,0.2555979788303375
3.931640625,4632.0,0.2556508779525757
3.9296875,4632.0,0.25570377707481384
3.927734375,4632.0,0.255756676197052
3.92578125,4636.0,0.25580957531929016
3.92578125,4636.0,0.2558624744415283
3.923828125,4636.0,0.2559153735637665
3.921875,4636.0,0.25596827268600464
3.919921875,4640.0,0.2560211718082428
3.91796875,4640.0,0.25607407093048096
3.91796875,4640.0,0.2561269700527191
3.916015625,4644.0,0.2561798691749573
3.9140625,4644.0,0.25623276829719543
3.912109375,4644.0,0.2562856674194336
3.91015625,4644.0,0.25633856654167175
3.908203125,4648.0,0.2563914656639099
3.908203125,4648.0,0.25644436478614807
3.90625,4648.0,0.25649726390838623
3.904296875,4648.0,0.2565501630306244
3.90234375,4652.0,0.25660306215286255
3.900390625,4652.0,0.2566559612751007
3.8984375,4652.0,0.25670886039733887
3.8984375,4656.0,0.256761759519577
3.896484375,4656.0,0.2568146586418152
3.89453125,4656.0,0.25686755776405334
3.892578125,4656.0,0.2569204568862915
3.890625,4660.0,0.25697335600852966
3.888671875,4660.0,0.2570262551307678
3.888671875,4660.0,0.257079154253006
3.88671875,4660.0,0.25713205337524414
3.884765625,4664.0,0.2571849524974823
3.8828125,4664.0,0.25723785161972046
3.880859375,4664.0,0.2572907507419586
3.87890625,4668.0,0.2573436498641968
3.876953125,4668.0,0.25739654898643494
3.876953125,4668.0,0.2574494481086731
3.875,4668.0,0.25750234723091125
3.873046875,4672.0,0.2575552463531494
3.87109375,4672.0,0.2576081454753876
3.869140625,4672.0,0.25766104459762573
3.8671875,4676.0,0.2577139437198639
3.8671875,4676.0,0.25776684284210205
3.865234375,4676.0,0.2578197419643402
3.86328125,4676.0,0.25787264108657837
3.861328125,4680.0,0.25792554020881653
3.859375,4680.0,0.2579784393310547
3.857421875,4680.0,0.25803133845329285
3.857421875,4680.0,0.258084237575531
3.85546875,4684.0,0.25813713669776917
3.853515625,4684.0,0.2581900358200073
3.8515625,4684.0,0.2582429349422455
3.849609375,4688.0,0.25829583406448364
3.84765625,4688.0,0.2583487331867218
3.84765625,4688.0,0.25840163230895996
3.845703125,4688.0,0.2584545314311981
3.84375,4692.0,0.2585074305534363
3.841796875,4692.0,0.25856032967567444
3.83984375,4692.0,0.2586132287979126
3.83984375,4692.0,0.25866612792015076
3.837890625,4696.0,0.2587190270423889
3.8359375,4696.0,0.2587719261646271
3.833984375,4696.0,0.25882482528686523
3.833984375,4700.0,0.2588777244091034
3.83203125,4700.0,0.25893062353134155
3.830078125,4700.0,0.2589835226535797
3.828125,4700.0,0.25903642177581787
3.826171875,4704.0,0.25908932089805603
3.826171875,4704.0,0.2591422200202942
3.82421875,4704.0,0.25919511914253235
3.822265625,4708.0,0.2592480182647705
3.8203125,4708.0,0.25930091738700867
3.818359375,4708.0,0.2593538165092468
3.818359375,4708.0,0.259406715631485
3.81640625,4712.0,0.25945961475372314
3.814453125,4712.0,0.2595125138759613
3.8125,4712.0,0.25956541299819946
3.810546875,4712.0,0.2596183121204376
3.810546875,4716.0,0.2596712112426758
3.80859375,4716.0,0.25972411036491394
3.806640625,4716.0,0.2597770094871521
3.8046875,4720.0,0.25982990860939026
3.802734375,4720.0,0.2598828077316284
3.802734375,4720.0,0.2599357068538666
3.80078125,4720.0,0.25998860597610474
3.798828125,4724.0,0.2600415050983429
3.796875,4724.0,0.26009440422058105
3.796875,4724.0,0.2601473033428192
3.794921875,4724.0,0.2602002024650574
3.79296875,4728.0,0.26025310158729553
3.791015625,4728.0,0.2603060007095337
3.791015625,4728.0,0.26035889983177185
3.7890625,4732.0,0.26041179895401
3.787109375,4732.0,0.26046469807624817
3.78515625,4732.0,0.26051759719848633
3.78515625,4732.0,0.2605704963207245
3.783203125,4736.0,0.26062339544296265
3.78125,4736.0,0.2606762945652008
3.78125,4736.0,0.26072919368743896
3.779296875,4740.0,0.2607820928096771
3.77734375,4740.0,0.2608349919319153
3.775390625,4740.0,0.26088789105415344
3.775390625,4740.0,0.2609407901763916
3.7734375,4744.0,0.26099368929862976
3.771484375,4744.0,0.2610465884208679
3.76953125,4744.0,0.2610994875431061
3.76953125,4744.0,0.26115238666534424
3.767578125,4748.0,0.2612052857875824
3.765625,4748.0,0.26125818490982056
3.765625,4748.0,0.2613110840320587
3.763671875,4752.0,0.2613639831542969
3.76171875,4752.0,0.26141688227653503
3.759765625,4752.0,0.2614697813987732
3.759765625,4752.0,0.26152268052101135
3.7578125,4756.0,0.2615755796432495
3.755859375,4756.0,0.26162847876548767
3.755859375,4756.0,0.26168137788772583
3.75390625,4760.0,0.261734277009964
3.751953125,4760.0,0.26178717613220215
3.751953125,4760.0,0.2618400752544403
3.75,4760.0,0.26189297437667847
3.748046875,4764.0,0.2619458734989166
3.748046875,4764.0,0.2619987726211548
3.74609375,4764.0,0.26205167174339294
3.744140625,4764.0,0.2621045708656311
3.744140625,4768.0,0.26215746998786926
3.7421875,4768.0,0.2622103691101074
3.7421875,4768.0,0.2622632682323456
3.740234375,4772.0,0.26231616735458374
3.73828125,4772.0,0.2623690664768219
3.73828125,4772.0,0.26242196559906006
3.736328125,4772.0,0.2624748647212982
3.736328125,4776.0,0.2625277638435364
3.734375,4776.0,0.26258066296577454
3.732421875,4776.0,0.2626335620880127
3.732421875,4776.0,0.26268646121025085
3.73046875,4780.0,0.262739360332489
3.73046875,4780.0,0.2627922594547272
3.728515625,4780.0,0.26284515857696533
3.7265625,4784.0,0.2628980576992035
3.7265625,4784.0,0.26295095682144165
3.724609375,4784.0,0.2630038559436798
3.724609375,4784.0,0.26305675506591797
3.72265625,4788.0,0.26310965418815613
3.720703125,4788.0,0.2631625533103943
3.720703125,4788.0,0.26321545243263245
3.71875,4792.0,0.2632683515548706
3.71875,4792.0,0.26332125067710876
3.716796875,4792.0,0.2633741497993469
3.71484375,4792.0,0.2634270489215851
3.71484375,4796.0,0.26347994804382324
3.712890625,4796.0,0.2635328471660614
3.7109375,4796.0,0.26358574628829956
3.7109375,4796.0,0.2636386454105377
3.708984375,4800.0,0.2636915445327759
3.70703125,4800.0,0.26374444365501404
3.70703125,4800.0,0.2637973427772522
3.705078125,4804.0,0.26385024189949036
3.705078125,4804.0,0.2639031410217285
3.703125,4804.0,0.2639560401439667
3.701171875,4804.0,0.26400893926620483
3.701171875,4808.0,0.264061838388443
3.69921875,4808.0,0.26411473751068115
3.697265625,4808.0,0.2641676366329193
3.697265625,4808.0,0.26422053575515747
3.6953125,4812.0,0.26427343487739563
3.693359375,4812.0,0.2643263339996338
3.693359375,4812.0,0.26437923312187195
3.69140625,4816.0,0.2644321322441101
3.689453125,4816.0,0.26448503136634827
3.689453125,4816.0,0.2645379304885864
3.6875,4816.0,0.2645908296108246
3.6875,4820.0,0.26464372873306274
3.685546875,4820.0,0.2646966278553009
3.68359375,4820.0,0.26474952697753906
3.68359375,4824.0,0.2648024260997772
3.681640625,4824.0,0.2648553252220154
3.681640625,4824.0,0.26490822434425354
3.6796875,4824.0,0.2649611234664917
3.677734375,4828.0,0.26501402258872986
3.677734375,4828.0,0.265066921710968
3.67578125,4828.0,0.2651198208332062
3.67578125,4828.0,0.26517271995544434
3.673828125,4832.0,0.2652256190776825
3.673828125,4832.0,0.26527851819992065
3.671875,4832.0,0.2653314173221588
3.671875,4836.0,0.265384316444397
3.669921875,4836.0,0.26543721556663513
3.669921875,4836.0,0.2654901146888733
3.66796875,4836.0,0.26554301381111145
3.66796875,4840.0,0.2655959129333496
3.666015625,4840.0,0.26564881205558777
3.666015625,4840.0,0.2657017111778259
3.6640625,4844.0,0.2657546103000641
3.6640625,4844.0,0.26580750942230225
3.662109375,4844.0,0.2658604085445404
3.662109375,4844.0,0.26591330766677856
3.66015625,4848.0,0.2659662067890167
3.66015625,4848.0,0.2660191059112549
3.658203125,4848.0,0.26607200503349304
3.658203125,4848.0,0.2661249041557312
3.65625,4852.0,0.26617780327796936
3.65625,4852.0,0.2662307024002075
3.654296875,4852.0,0.2662836015224457
3.654296875,4856.0,0.26633650064468384
3.65234375,4856.0,0.266389399766922
3.65234375,4856.0,0.26644229888916016
3.650390625,4856.0,0.2664951980113983
3.650390625,4860.0,0.2665480971336365
3.650390625,4860.0,0.26660099625587463
3.6484375,4860.0,0.2666538953781128
3.6484375,4860.0,0.26670679450035095
3.646484375,4864.0,0.2667596936225891
3.646484375,4864.0,0.26681259274482727
3.646484375,4864.0,0.26686549186706543
3.64453125,4868.0,0.2669183909893036
3.64453125,4868.0,0.26697129011154175
3.64453125,4868.0,0.2670241892337799
3.642578125,4868.0,0.26707708835601807
3.642578125,4872.0,0.2671299874782562
3.640625,4872.0,0.2671828866004944
3.640625,4872.0,0.26723578572273254
3.640625,4876.0,0.2672886848449707
3.638671875,4876.0,0.26734158396720886
3.638671875,4876.0,0.267394483089447
3.638671875,4876.0,0.2674473822116852
3.63671875,4880.0,0.26750028133392334
3.63671875,4880.0,0.2675531804561615
3.63671875,4880.0,0.26760607957839966
3.634765625,4880.0,0.2676589787006378
3.634765625,4884.0,0.267711877822876
3.634765625,4884.0,0.26776477694511414
3.6328125,4884.0,0.2678176760673523
3.6328125,4888.0,0.26787057518959045
3.6328125,4888.0,0.2679234743118286
3.630859375,4888.0,0.2679763734340668
3.630859375,4888.0,0.26802927255630493
3.630859375,4892.0,0.2680821716785431
3.630859375,4892.0,0.26813507080078125
3.62890625,4892.0,0.2681879699230194
3.62890625,4896.0,0.26824086904525757
3.62890625,4896.0,0.2682937681674957
3.626953125,4896.0,0.2683466672897339
3.626953125,4896.0,0.26839956641197205
3.626953125,4900.0,0.2684524655342102
3.625,4900.0,0.26850536465644836
3.625,4900.0,0.2685582637786865
3.625,4900.0,0.2686111629009247
3.623046875,4904.0,0.26866406202316284
3.623046875,4904.0,0.268716961145401
3.62109375,4904.0,0.26876986026763916
3.62109375,4908.0,0.2688227593898773
3.62109375,4908.0,0.2688756585121155
3.619140625,4908.0,0.26892855763435364
3.619140625,4908.0,0.2689814567565918
3.6171875,4912.0,0.26903435587882996
3.6171875,4912.0,0.2690872550010681
3.615234375,4912.0,0.2691401541233063
3.615234375,4912.0,0.26919305324554443
3.615234375,4916.0,0.2692459523677826
3.61328125,4916.0,0.26929885149002075
3.61328125,4916.0,0.2693517506122589
3.611328125,4920.0,0.26940464973449707
3.611328125,4920.0,0.26945754885673523
3.611328125,4920.0,0.2695104479789734
3.609375,4920.0,0.26956334710121155
3.609375,4924.0,0.2696162462234497
3.607421875,4924.0,0.26966914534568787
3.607421875,4924.0,0.269722044467926
3.607421875,4928.0,0.2697749435901642
3.60546875,4928.0,0.26982784271240234
3.60546875,4928.0,0.2698807418346405
3.603515625,4928.0,0.26993364095687866
3.603515625,4932.0,0.2699865400791168
3.603515625,4932.0,0.270039439201355
3.6015625,4932.0,0.27009233832359314
3.6015625,4932.0,0.2701452374458313
3.6015625,4936.0,0.27019813656806946
3.599609375,4936.0,0.2702510356903076
3.599609375,4936.0,0.2703039348125458
3.599609375,4940.0,0.27035683393478394
3.59765625,4940.0,0.2704097330570221
3.59765625,4940.0,0.27046263217926025
3.59765625,4940.0,0.2705155313014984
3.595703125,4944.0,0.2705684304237366
3.595703125,4944.0,0.27062132954597473
3.595703125,4944.0,0.2706742286682129
3.595703125,4948.0,0.27072712779045105
3.59375,4948.0,0.2707800269126892
3.59375,4948.0,0.27083292603492737
3.59375,4948.0,0.2708858251571655
3.59375,4952.0,0.2709387242794037
3.591796875,4952.0,0.27099162340164185
3.591796875,4952.0,0.27104452252388
3.591796875,4952.0,0.27109742164611816
3.591796875,4956.0,0.2711503207683563
3.58984375,4956.0,0.2712032198905945
3.58984375,4956.0,0.27125611901283264
3.58984375,4960.0,0.2713090181350708
3.58984375,4960.0,0.27136191725730896
3.58984375,4960.0,0.2714148163795471
3.587890625,4960.0,0.2714677155017853
3.587890625,4964.0,0.27152061462402344
3.587890625,4964.0,0.2715735137462616
3.587890625,4964.0,0.27162641286849976
3.5859375,4968.0,0.2716793119907379
3.5859375,4968.0,0.2717322111129761
3.5859375,4968.0,0.27178511023521423
3.5859375,4968.0,0.2718380093574524
3.5859375,4972.0,0.27189090847969055
3.583984375,4972.0,0.2719438076019287
3.583984375,4972.0,0.27199670672416687
3.583984375,4972.0,0.27204960584640503
3.58203125,4976.0,0.2721025049686432
3.58203125,4976.0,0.27215540409088135
3.58203125,4976.0,0.2722083032131195
3.58203125,4980.0,0.27226120233535767
3.580078125,4980.0,0.2723141014575958
3.580078125,4980.0,0.272367000579834
3.580078125,4980.0,0.27241989970207214
3.580078125,4984.0,0.2724727988243103
3.578125,4984.0,0.27252569794654846
3.578125,4984.0,0.2725785970687866
3.578125,4984.0,0.2726314961910248
3.576171875,4988.0,0.27268439531326294
3.576171875,4988.0,0.2727372944355011
3.576171875,4988.0,0.27279019355773926
3.576171875,4992.0,0.2728430926799774
3.57421875,4992.0,0.2728959918022156
3.57421875,4992.0,0.27294889092445374
3.57421875,4992.0,0.2730017900466919
3.57421875,4996.0,0.27305468916893005
3.572265625,4996.0,0.2731075882911682
3.572265625,4996.0,0.27316048741340637
3.572265625,5000.0,0.27321338653564453
3.572265625,5000.0,0.2732662856578827
3.5703125,5000.0,0.27331918478012085
3.5703125,5000.0,0.273372083902359
3.5703125,5004.0,0.27342498302459717
3.5703125,5004.0,0.2734778821468353
3.568359375,5004.0,0.2735307812690735
3.568359375,5004.0,0.27358368039131165
3.568359375,5008.0,0.2736365795135498
3.56640625,5008.0,0.27368947863578796
3.56640625,5008.0,0.2737423777580261
3.56640625,5012.0,0.2737952768802643
3.56640625,5012.0,0.27384817600250244
3.564453125,5012.0,0.2739010751247406
3.564453125,5012.0,0.27395397424697876
3.564453125,5016.0,0.2740068733692169
3.564453125,5016.0,0.2740597724914551
3.5625,5016.0,0.27411267161369324
3.5625,5020.0,0.2741655707359314
3.5625,5020.0,0.27421846985816956
3.5625,5020.0,0.2742713689804077
3.560546875,5020.0,0.2743242681026459
3.560546875,5024.0,0.27437716722488403
3.560546875,5024.0,0.2744300663471222
3.560546875,5024.0,0.27448296546936035
3.560546875,5024.0,0.2745358645915985
3.55859375,5028.0,0.27458876371383667
3.55859375,5028.0,0.27464166283607483
3.55859375,5028.0,0.274694561958313
3.55859375,5032.0,0.27474746108055115
3.55859375,5032.0,0.2748003602027893
3.556640625,5032.0,0.27485325932502747
3.556640625,5032.0,0.2749061584472656
3.556640625,5036.0,0.2749590575695038
3.556640625,5036.0,0.27501195669174194
3.556640625,5036.0,0.2750648558139801
3.5546875,5040.0,0.27511775493621826
3.5546875,5040.0,0.2751706540584564
3.5546875,5040.0,0.2752235531806946
3.5546875,5040.0,0.27527645230293274
3.5546875,5044.0,0.2753293514251709
3.552734375,5044.0,0.27538225054740906
3.552734375,5044.0,0.2754351496696472
3.552734375,5044.0,0.2754880487918854
3.552734375,5048.0,0.27554094791412354
3.552734375,5048.0,0.2755938470363617
3.552734375,5048.0,0.27564674615859985
3.55078125,5052.0,0.275699645280838
3.55078125,5052.0,0.27575254440307617
3.55078125,5052.0,0.27580544352531433
3.55078125,5052.0,0.2758583426475525
3.55078125,5056.0,0.27591124176979065
3.55078125,5056.0,0.2759641408920288
3.548828125,5056.0,0.27601704001426697
3.548828125,5060.0,0.2760699391365051
3.548828125,5060.0,0.2761228382587433
3.548828125,5060.0,0.27617573738098145
3.548828125,5060.0,0.2762286365032196
3.548828125,5064.0,0.27628153562545776
3.548828125,5064.0,0.2763344347476959
3.546875,5064.0,0.2763873338699341
3.546875,5064.0,0.27644023299217224
3.546875,5068.0,0.2764931321144104
3.546875,5068.0,0.27654603123664856
3.546875,5068.0,0.2765989303588867
3.546875,5072.0,0.2766518294811249
3.546875,5072.0,0.27670472860336304
3.546875,5072.0,0.2767576277256012
3.546875,5072.0,0.27681052684783936
3.546875,5076.0,0.2768634259700775
3.546875,5076.0,0.2769163250923157
3.546875,5076.0,0.27696922421455383
3.546875,5080.0,0.277022123336792
3.546875,5080.0,0.27707502245903015
3.546875,5080.0,0.2771279215812683
3.546875,5080.0,0.27718082070350647
3.546875,5084.0,0.27723371982574463
3.546875,5084.0,0.2772866189479828
3.546875,5084.0,0.27733951807022095
3.546875,5084.0,0.2773924171924591
3.546875,5088.0,0.27744531631469727
3.546875,5088.0,0.2774982154369354
3.544921875,5088.0,0.2775511145591736
3.544921875,5092.0,0.27760401368141174
3.544921875,5092.0,0.2776569128036499
3.544921875,5092.0,0.27770981192588806
3.544921875,5092.0,0.2777627110481262
3.544921875,5096.0,0.2778156101703644
3.544921875,5096.0,0.27786850929260254
3.544921875,5096.0,0.2779214084148407
3.544921875,5100.0,0.27797430753707886
3.544921875,5100.0,0.278027206659317
3.544921875,5100.0,0.2780801057815552
3.546875,5100.0,0.27813300490379333
3.546875,5104.0,0.2781859040260315
3.546875,5104.0,0.27823880314826965
3.546875,5104.0,0.2782917022705078
3.546875,5104.0,0.27834460139274597
3.546875,5108.0,0.27839750051498413
3.546875,5108.0,0.2784503996372223
3.546875,5108.0,0.27850329875946045
3.546875,5112.0,0.2785561978816986
3.546875,5112.0,0.27860909700393677
3.546875,5112.0,0.2786619961261749
3.546875,5112.0,0.2787148952484131
3.546875,5116.0,0.27876779437065125
3.546875,5116.0,0.2788206934928894
3.546875,5116.0,0.27887359261512756
3.546875,5120.0,0.2789264917373657
3.546875,5120.0,0.2789793908596039
3.546875,5120.0,0.27903228998184204
3.546875,5120.0,0.2790851891040802
3.548828125,5124.0,0.27913808822631836
3.548828125,5124.0,0.2791909873485565
3.548828125,5124.0,0.2792438864707947
3.548828125,5124.0,0.27929678559303284
3.548828125,5128.0,0.279349684715271
3.548828125,5128.0,0.27940258383750916
3.55078125,5128.0,0.2794554829597473
3.55078125,5132.0,0.2795083820819855
3.55078125,5132.0,0.27956128120422363
3.55078125,5132.0,0.2796141803264618
3.55078125,5132.0,0.27966707944869995
3.552734375,5136.0,0.2797199785709381
3.552734375,5136.0,0.27977287769317627
3.552734375,5136.0,0.27982577681541443
3.552734375,5140.0,0.2798786759376526
3.5546875,5140.0,0.27993157505989075
3.5546875,5140.0,0.2799844741821289
3.5546875,5140.0,0.28003737330436707
3.5546875,5144.0,0.2800902724266052
3.556640625,5144.0,0.2801431715488434
3.556640625,5144.0,0.28019607067108154
3.556640625,5144.0,0.2802489697933197
3.55859375,5148.0,0.28030186891555786
3.55859375,5148.0,0.280354768037796
3.55859375,5148.0,0.2804076671600342
3.560546875,5152.0,0.28046056628227234
3.560546875,5152.0,0.2805134654045105
3.560546875,5152.0,0.28056636452674866
3.5625,5152.0,0.2806192636489868
3.5625,5156.0,0.280672162771225
3.5625,5156.0,0.28072506189346313
3.564453125,5156.0,0.2807779610157013
3.564453125,5160.0,0.28083086013793945
3.564453125,5160.0,0.2808837592601776
3.56640625,5160.0,0.28093665838241577
3.56640625,5160.0,0.28098955750465393
3.56640625,5164.0,0.2810424566268921
3.568359375,5164.0,0.28109535574913025
3.568359375,5164.0,0.2811482548713684
3.5703125,5164.0,0.28120115399360657
3.5703125,5168.0,0.2812540531158447
3.5703125,5168.0,0.2813069522380829
3.572265625,5168.0,0.28135985136032104
3.572265625,5172.0,0.2814127504825592
3.57421875,5172.0,0.28146564960479736
3.57421875,5172.0,0.2815185487270355
3.576171875,5172.0,0.2815714478492737
3.576171875,5176.0,0.28162434697151184
3.578125,5176.0,0.28167724609375
3.578125,5176.0,0.28173014521598816
3.580078125,5180.0,0.2817830443382263
3.580078125,5180.0,0.2818359434604645
3.58203125,5180.0,0.28188884258270264
3.58203125,5180.0,0.2819417417049408
3.583984375,5184.0,0.28199464082717896
3.583984375,5184.0,0.2820475399494171
3.5859375,5184.0,0.2821004390716553
3.5859375,5184.0,0.28215333819389343
3.587890625,5188.0,0.2822062373161316
3.587890625,5188.0,0.28225913643836975
3.58984375,5188.0,0.2823120355606079
3.591796875,5192.0,0.28236493468284607
3.591796875,5192.0,0.28241783380508423
3.59375,5192.0,0.2824707329273224
3.595703125,5192.0,0.28252363204956055
3.595703125,5196.0,0.2825765311717987
3.59765625,5196.0,0.28262943029403687
3.599609375,5196.0,0.282682329416275
3.599609375,5200.0,0.2827352285385132
3.6015625,5200.0,0.28278812766075134
3.603515625,5200.0,0.2828410267829895
3.60546875,5200.0,0.28289392590522766
3.60546875,5204.0,0.2829468250274658
3.607421875,5204.0,0.282999724149704
3.609375,5204.0,0.28305262327194214
3.609375,5204.0,0.2831055223941803
3.611328125,5208.0,0.28315842151641846
3.61328125,5208.0,0.2832113206386566
3.615234375,5208.0,0.2832642197608948
3.615234375,5212.0,0.28331711888313293
3.6171875,5212.0,0.2833700180053711
3.619140625,5212.0,0.28342291712760925
3.62109375,5212.0,0.2834758162498474
3.62109375,5216.0,0.28352871537208557
3.623046875,5216.0,0.28358161449432373
3.625,5216.0,0.2836345136165619
3.626953125,5220.0,0.28368741273880005
3.626953125,5220.0,0.2837403118610382
3.62890625,5220.0,0.28379321098327637
3.630859375,5220.0,0.2838461101055145
3.6328125,5224.0,0.2838990092277527
3.6328125,5224.0,0.28395190834999084
3.634765625,5224.0,0.284004807472229
3.63671875,5224.0,0.28405770659446716
3.638671875,5228.0,0.2841106057167053
3.640625,5228.0,0.2841635048389435
3.640625,5228.0,0.28421640396118164
3.642578125,5232.0,0.2842693030834198
3.64453125,5232.0,0.28432220220565796
3.646484375,5232.0,0.2843751013278961
3.646484375,5232.0,0.2844280004501343
3.6484375,5236.0,0.28448089957237244
3.650390625,5236.0,0.2845337986946106
3.65234375,5236.0,0.28458669781684875
3.65234375,5240.0,0.2846395969390869
3.654296875,5240.0,0.2846924960613251
3.65625,5240.0,0.28474539518356323
3.658203125,5240.0,0.2847982943058014
3.658203125,5244.0,0.28485119342803955
3.66015625,5244.0,0.2849040925502777
3.662109375,5244.0,0.28495699167251587
3.6640625,5248.0,0.28500989079475403
3.6640625,5248.0,0.2850627899169922
3.666015625,5248.0,0.28511568903923035
3.66796875,5248.0,0.2851685881614685
3.669921875,5252.0,0.28522148728370667
3.669921875,5252.0,0.2852743864059448
3.671875,5252.0,0.285327285528183
3.673828125,5252.0,0.28538018465042114
3.67578125,5256.0,0.2854330837726593
3.67578125,5256.0,0.28548598289489746
3.677734375,5256.0,0.2855388820171356
3.6796875,5260.0,0.2855917811393738
3.681640625,5260.0,0.28564468026161194
3.681640625,5260.0,0.2856975793838501
3.68359375,5260.0,0.28575047850608826
3.685546875,5264.0,0.2858033776283264
3.685546875,5264.0,0.2858562767505646
3.6875,5264.0,0.28590917587280273
3.689453125,5268.0,0.2859620749950409
3.689453125,5268.0,0.28601497411727905
3.69140625,5268.0,0.2860678732395172
3.693359375,5268.0,0.28612077236175537
3.693359375,5272.0,0.28617367148399353
3.6953125,5272.0,0.2862265706062317
3.697265625,5272.0,0.28627946972846985
3.697265625,5272.0,0.286332368850708
3.69921875,5276.0,0.28638526797294617
3.69921875,5276.0,0.2864381670951843
3.701171875,5276.0,0.2864910662174225
3.703125,5280.0,0.28654396533966064
3.703125,5280.0,0.2865968644618988
3.705078125,5280.0,0.28664976358413696
3.705078125,5280.0,0.2867026627063751
3.70703125,5284.0,0.2867555618286133
3.70703125,5284.0,0.28680846095085144
3.708984375,5284.0,0.2868613600730896
3.708984375,5288.0,0.28691425919532776
3.7109375,5288.0,0.2869671583175659
3.7109375,5288.0,0.2870200574398041
3.712890625,5288.0,0.28707295656204224
3.712890625,5292.0,0.2871258556842804
3.71484375,5292.0,0.28717875480651855
3.71484375,5292.0,0.2872316539287567
3.716796875,5292.0,0.2872845530509949
3.716796875,5296.0,0.28733745217323303
3.71875,5296.0,0.2873903512954712
3.720703125,5296.0,0.28744325041770935
3.720703125,5300.0,0.2874961495399475
3.72265625,5300.0,0.28754904866218567
3.72265625,5300.0,0.28760194778442383
3.724609375,5300.0,0.287654846906662
3.724609375,5304.0,0.28770774602890015
3.7265625,5304.0,0.2877606451511383
3.7265625,5304.0,0.28781354427337646
3.728515625,5308.0,0.2878664433956146
3.728515625,5308.0,0.2879193425178528
3.73046875,5308.0,0.28797224164009094
3.73046875,5308.0,0.2880251407623291
3.732421875,5312.0,0.28807803988456726
3.734375,5312.0,0.2881309390068054
3.734375,5312.0,0.2881838381290436
3.736328125,5312.0,0.28823673725128174
3.736328125,5316.0,0.2882896363735199
3.73828125,5316.0,0.28834253549575806
3.73828125,5316.0,0.2883954346179962
3.740234375,5320.0,0.2884483337402344
3.740234375,5320.0,0.28850123286247253
3.7421875,5320.0,0.2885541319847107
3.7421875,5320.0,0.28860703110694885
3.744140625,5324.0,0.288659930229187
3.74609375,5324.0,0.28871282935142517
3.74609375,5324.0,0.28876572847366333
3.748046875,5328.0,0.2888186275959015
3.748046875,5328.0,0.28887152671813965
3.75,5328.0,0.2889244258403778
3.75,5328.0,0.28897732496261597
3.751953125,5332.0,0.2890302240848541
3.75390625,5332.0,0.2890831232070923
3.75390625,5332.0,0.28913602232933044
3.755859375,5336.0,0.2891889214515686
3.755859375,5336.0,0.28924182057380676
3.7578125,5336.0,0.2892947196960449
3.7578125,5336.0,0.2893476188182831
3.759765625,5340.0,0.28940051794052124
3.759765625,5340.0,0.2894534170627594
3.76171875,5340.0,0.28950631618499756
3.763671875,5340.0,0.2895592153072357
3.763671875,5344.0,0.2896121144294739
3.765625,5344.0,0.28966501355171204
3.765625,5344.0,0.2897179126739502
3.767578125,5348.0,0.28977081179618835
3.767578125,5348.0,0.2898237109184265
3.76953125,5348.0,0.2898766100406647
3.76953125,5348.0,0.28992950916290283
3.771484375,5352.0,0.289982408285141
3.771484375,5352.0,0.29003530740737915
3.7734375,5352.0,0.2900882065296173
3.7734375,5356.0,0.29014110565185547
3.775390625,5356.0,0.29019400477409363
3.775390625,5356.0,0.2902469038963318
3.77734375,5356.0,0.29029980301856995
3.77734375,5360.0,0.2903527021408081
3.779296875,5360.0,0.29040560126304626
3.779296875,5360.0,0.2904585003852844
3.78125,5360.0,0.2905113995075226
3.78125,5364.0,0.29056429862976074
3.783203125,5364.0,0.2906171977519989
3.783203125,5364.0,0.29067009687423706
3.783203125,5368.0,0.2907229959964752
3.78515625,5368.0,0.2907758951187134
3.78515625,5368.0,0.29082879424095154
3.787109375,5368.0,0.2908816933631897
3.787109375,5372.0,0.29093459248542786
3.7890625,5372.0,0.290987491607666
3.7890625,5372.0,0.2910403907299042
3.7890625,5376.0,0.29109328985214233
3.791015625,5376.0,0.2911461889743805
3.791015625,5376.0,0.29119908809661865
3.79296875,5376.0,0.2912519872188568
3.79296875,5380.0,0.29130488634109497
3.794921875,5380.0,0.29135778546333313
3.794921875,5380.0,0.2914106845855713
3.796875,5380.0,0.29146358370780945
3.796875,5384.0,0.2915164828300476
3.798828125,5384.0,0.29156938195228577
3.798828125,5384.0,0.2916222810745239
3.80078125,5388.0,0.2916751801967621
3.80078125,5388.0,0.29172807931900024
3.802734375,5388.0,0.2917809784412384
3.802734375,5388.0,0.29183387756347656
3.8046875,5392.0,0.2918867766857147
3.8046875,5392.0,0.2919396758079529
3.806640625,5392.0,0.29199257493019104
3.806640625,5396.0,0.2920454740524292
3.80859375,5396.0,0.29209837317466736
3.80859375,5396.0,0.2921512722969055
3.810546875,5396.0,0.2922041714191437
3.8125,5400.0,0.29225707054138184
3.8125,5400.0,0.29230996966362
3.814453125,5400.0,0.29236286878585815
3.814453125,5404.0,0.2924157679080963
3.81640625,5404.0,0.2924686670303345
3.818359375,5404.0,0.29252156615257263
3.818359375,5404.0,0.2925744652748108
3.8203125,5408.0,0.29262736439704895
3.8203125,5408.0,0.2926802635192871
3.822265625,5408.0,0.29273316264152527
3.82421875,5408.0,0.2927860617637634
3.82421875,5412.0,0.2928389608860016
3.826171875,5412.0,0.29289186000823975
3.828125,5412.0,0.2929447591304779
3.828125,5416.0,0.29299765825271606
3.830078125,5416.0,0.2930505573749542
3.83203125,5416.0,0.2931034564971924
3.83203125,5416.0,0.29315635561943054
3.833984375,5420.0,0.2932092547416687
3.833984375,5420.0,0.29326215386390686
3.8359375,5420.0,0.293315052986145
3.837890625,5424.0,0.2933679521083832
3.837890625,5424.0,0.29342085123062134
3.83984375,5424.0,0.2934737503528595
3.841796875,5424.0,0.29352664947509766
3.841796875,5428.0,0.2935795485973358
3.84375,5428.0,0.293632447719574
3.845703125,5428.0,0.29368534684181213
3.845703125,5428.0,0.2937382459640503
3.84765625,5432.0,0.29379114508628845
3.849609375,5432.0,0.2938440442085266
3.8515625,5432.0,0.29389694333076477
3.8515625,5436.0,0.29394984245300293
3.853515625,5436.0,0.2940027415752411
3.85546875,5436.0,0.29405564069747925
3.85546875,5436.0,0.2941085398197174
3.857421875,5440.0,0.29416143894195557
3.859375,5440.0,0.2942143380641937
3.861328125,5440.0,0.2942672371864319
3.861328125,5444.0,0.29432013630867004
3.86328125,5444.0,0.2943730354309082
3.865234375,5444.0,0.29442593455314636
3.865234375,5444.0,0.2944788336753845
3.8671875,5448.0,0.2945317327976227
3.869140625,5448.0,0.29458463191986084
3.87109375,5448.0,0.294637531042099
3.87109375,5452.0,0.29469043016433716
3.873046875,5452.0,0.2947433292865753
3.875,5452.0,0.2947962284088135
3.875,5452.0,0.29484912753105164
3.876953125,5456.0,0.2949020266532898
3.87890625,5456.0,0.29495492577552795
3.880859375,5456.0,0.2950078248977661
3.880859375,5456.0,0.2950607240200043
3.8828125,5460.0,0.29511362314224243
3.884765625,5460.0,0.2951665222644806
3.884765625,5460.0,0.29521942138671875
3.88671875,5464.0,0.2952723205089569
3.888671875,5464.0,0.29532521963119507
3.890625,5464.0,0.2953781187534332
3.890625,5464.0,0.2954310178756714
3.892578125,5468.0,0.29548391699790955
3.89453125,5468.0,0.2955368161201477
3.89453125,5468.0,0.29558971524238586
3.896484375,5472.0,0.295642614364624
3.8984375,5472.0,0.2956955134868622
3.8984375,5472.0,0.29574841260910034
3.900390625,5472.0,0.2958013117313385
3.90234375,5476.0,0.29585421085357666
3.904296875,5476.0,0.2959071099758148
3.904296875,5476.0,0.295960009098053
3.90625,5476.0,0.29601290822029114
3.908203125,5480.0,0.2960658073425293
3.908203125,5480.0,0.29611870646476746
3.91015625,5480.0,0.2961716055870056
3.912109375,5484.0,0.2962245047092438
3.912109375,5484.0,0.29627740383148193
3.9140625,5484.0,0.2963303029537201
3.916015625,5484.0,0.29638320207595825
3.916015625,5488.0,0.2964361011981964
3.91796875,5488.0,0.29648900032043457
3.919921875,5488.0,0.29654189944267273
3.919921875,5492.0,0.2965947985649109
3.921875,5492.0,0.29664769768714905
3.923828125,5492.0,0.2967005968093872
3.923828125,5492.0,0.29675349593162537
3.92578125,5496.0,0.2968063950538635
3.927734375,5496.0,0.2968592941761017
3.927734375,5496.0,0.29691219329833984
3.9296875,5500.0,0.296965092420578
3.931640625,5500.0,0.29701799154281616
3.93359375,5500.0,0.2970708906650543
3.93359375,5500.0,0.2971237897872925
3.935546875,5504.0,0.29717668890953064
3.9375,5504.0,0.2972295880317688
3.9375,5504.0,0.29728248715400696
3.939453125,5504.0,0.2973353862762451
3.94140625,5508.0,0.2973882853984833
3.943359375,5508.0,0.29744118452072144
3.943359375,5508.0,0.2974940836429596
3.9453125,5512.0,0.29754698276519775
3.947265625,5512.0,0.2975998818874359
3.94921875,5512.0,0.2976527810096741
3.94921875,5512.0,0.29770568013191223
3.951171875,5516.0,0.2977585792541504
3.953125,5516.0,0.29781147837638855
3.955078125,5516.0,0.2978643774986267
3.955078125,5520.0,0.29791727662086487
3.95703125,5520.0,0.297970175743103
3.958984375,5520.0,0.2980230748653412
3.9609375,5520.0,0.29807597398757935
3.9609375,5524.0,0.2981288731098175
3.962890625,5524.0,0.29818177223205566
3.96484375,5524.0,0.2982346713542938
3.966796875,5524.0,0.298287570476532
3.966796875,5528.0,0.29834046959877014
3.96875,5528.0,0.2983933687210083
3.970703125,5528.0,0.29844626784324646
3.97265625,5532.0,0.2984991669654846
3.97265625,5532.0,0.2985520660877228
3.974609375,5532.0,0.29860496520996094
3.9765625,5532.0,0.2986578643321991
3.978515625,5536.0,0.29871076345443726
3.978515625,5536.0,0.2987636625766754
3.98046875,5536.0,0.2988165616989136
3.982421875,5540.0,0.29886946082115173
3.982421875,5540.0,0.2989223599433899
3.984375,5540.0,0.29897525906562805
3.986328125,5540.0,0.2990281581878662
3.98828125,5544.0,0.29908105731010437
3.98828125,5544.0,0.29913395643234253
3.990234375,5544.0,0.2991868555545807
3.9921875,5548.0,0.29923975467681885
3.994140625,5548.0,0.299292653799057
3.994140625,5548.0,0.29934555292129517
3.99609375,5548.0,0.2993984520435333
3.998046875,5552.0,0.2994513511657715
3.998046875,5552.0,0.29950425028800964
4.0,5552.0,0.2995571494102478
4.0,5552.0,0.29961004853248596
4.00390625,5556.0,0.2996629476547241
4.00390625,5556.0,0.2997158467769623
4.00390625,5556.0,0.29976874589920044
4.0078125,5560.0,0.2998216450214386
4.0078125,5560.0,0.29987454414367676
4.0078125,5560.0,0.2999274432659149
4.01171875,5560.0,0.2999803423881531
4.01171875,5564.0,0.30003324151039124
4.01171875,5564.0,0.3000861406326294
4.015625,5564.0,0.30013903975486755
4.015625,5568.0,0.3001919388771057
4.015625,5568.0,0.30024483799934387
4.01953125,5568.0,0.30029773712158203
4.01953125,5568.0,0.3003506362438202
4.01953125,5572.0,0.30040353536605835
4.0234375,5572.0,0.3004564344882965
4.0234375,5572.0,0.30050933361053467
4.0234375,5572.0,0.3005622327327728
4.0234375,5576.0,0.300615131855011
4.02734375,5576.0,0.30066803097724915
4.02734375,5576.0,0.3007209300994873
4.02734375,5580.0,0.30077382922172546
4.03125,5580.0,0.3008267283439636
4.03125,5580.0,0.3008796274662018
4.03125,5580.0,0.30093252658843994
4.03125,5584.0,0.3009854257106781
4.03515625,5584.0,0.30103832483291626
4.03515625,5584.0,0.3010912239551544
4.03515625,5588.0,0.3011441230773926
4.0390625,5588.0,0.30119702219963074
4.0390625,5588.0,0.3012499213218689
4.0390625,5588.0,0.30130282044410706
4.0390625,5592.0,0.3013557195663452
4.0390625,5592.0,0.3014086186885834
4.04296875,5592.0,0.30146151781082153
4.04296875,5596.0,0.3015144169330597
4.04296875,5596.0,0.30156731605529785
4.04296875,5596.0,0.301620215177536
4.04296875,5596.0,0.30167311429977417
4.046875,5600.0,0.30172601342201233
4.046875,5600.0,0.3017789125442505
4.046875,5600.0,0.30183181166648865
4.046875,5600.0,0.3018847107887268
4.046875,5604.0,0.30193760991096497
4.05078125,5604.0,0.3019905090332031
4.05078125,5604.0,0.3020434081554413
4.05078125,5608.0,0.30209630727767944
4.05078125,5608.0,0.3021492063999176
4.05078125,5608.0,0.30220210552215576
4.0546875,5608.0,0.3022550046443939
4.0546875,5612.0,0.3023079037666321
4.0546875,5612.0,0.30236080288887024
4.0546875,5612.0,0.3024137020111084
4.0546875,5616.0,0.30246660113334656
4.0546875,5616.0,0.3025195002555847
4.0546875,5616.0,0.3025723993778229
4.05859375,5616.0,0.30262529850006104
4.05859375,5620.0,0.3026781976222992
4.05859375,5620.0,0.30273109674453735
4.05859375,5620.0,0.3027839958667755
4.05859375,5624.0,0.30283689498901367
4.05859375,5624.0,0.30288979411125183
4.05859375,5624.0,0.30294269323349
4.05859375,5624.0,0.30299559235572815
4.0625,5628.0,0.3030484914779663
4.0625,5628.0,0.30310139060020447
4.0625,5628.0,0.3031542897224426
4.0625,5628.0,0.3032071888446808
4.0625,5632.0,0.30326008796691895
4.0625,5632.0,0.3033129870891571
4.0625,5632.0,0.30336588621139526
4.0625,5636.0,0.3034187853336334
4.0625,5636.0,0.3034716844558716
4.0625,5636.0,0.30352458357810974
4.0625,5636.0,0.3035774827003479
4.06640625,5640.0,0.30363038182258606
4.06640625,5640.0,0.3036832809448242
4.06640625,5640.0,0.3037361800670624
4.06640625,5644.0,0.30378907918930054
4.06640625,5644.0,0.3038419783115387
4.06640625,5644.0,0.30389487743377686
4.06640625,5644.0,0.303947776556015
4.06640625,5648.0,0.3040006756782532
4.06640625,5648.0,0.30405357480049133
4.06640625,5648.0,0.3041064739227295
4.06640625,5652.0,0.30415937304496765
4.06640625,5652.0,0.3042122721672058
4.06640625,5652.0,0.30426517128944397
4.0703125,5652.0,0.30431807041168213
4.0703125,5656.0,0.3043709695339203
4.0703125,5656.0,0.30442386865615845
4.0703125,5656.0,0.3044767677783966
4.0703125,5656.0,0.30452966690063477
4.0703125,5660.0,0.3045825660228729
4.0703125,5660.0,0.3046354651451111
4.0703125,5660.0,0.30468836426734924
4.0703125,5664.0,0.3047412633895874
4.0703125,5664.0,0.30479416251182556
4.0703125,5664.0,0.3048470616340637
4.0703125,5664.0,0.3048999607563019
4.0703125,5668.0,0.30495285987854004
4.0703125,5668.0,0.3050057590007782
4.0703125,5668.0,0.30505865812301636
4.0703125,5672.0,0.3051115572452545
4.0703125,5672.0,0.3051644563674927
4.0703125,5672.0,0.30521735548973083
4.0703125,5672.0,0.305270254611969
4.0703125,5676.0,0.30532315373420715
4.07421875,5676.0,0.3053760528564453
4.07421875,5676.0,0.30542895197868347
4.07421875,5680.0,0.30548185110092163
4.07421875,5680.0,0.3055347502231598
4.07421875,5680.0,0.30558764934539795
4.07421875,5680.0,0.3056405484676361
4.07421875,5684.0,0.30569344758987427
4.07421875,5684.0,0.3057463467121124
4.07421875,5684.0,0.3057992458343506
4.07421875,5684.0,0.30585214495658875
4.07421875,5688.0,0.3059050440788269
4.07421875,5688.0,0.30595794320106506
4.07421875,5688.0,0.3060108423233032
4.07421875,5692.0,0.3060637414455414
4.07421875,5692.0,0.30611664056777954
4.07421875,5692.0,0.3061695396900177
4.07421875,5692.0,0.30622243881225586
4.07421875,5696.0,0.306275337934494
4.07421875,5696.0,0.3063282370567322
4.07421875,5696.0,0.30638113617897034
4.07421875,5700.0,0.3064340353012085
4.07421875,5700.0,0.30648693442344666
4.07421875,5700.0,0.3065398335456848
4.07421875,5700.0,0.306592732667923
4.07421875,5704.0,0.30664563179016113
4.07421875,5704.0,0.3066985309123993
4.07421875,5704.0,0.30675143003463745
4.07421875,5704.0,0.3068043291568756
4.07421875,5708.0,0.30685722827911377
4.07421875,5708.0,0.30691012740135193
4.07421875,5708.0,0.3069630265235901
4.07421875,5712.0,0.30701592564582825
4.07421875,5712.0,0.3070688247680664
4.07421875,5712.0,0.30712172389030457
4.07421875,5712.0,0.3071746230125427
4.07421875,5716.0,0.3072275221347809
4.07421875,5716.0,0.30728042125701904
4.07421875,5716.0,0.3073333203792572
4.07421875,5720.0,0.30738621950149536
4.07421875,5720.0,0.3074391186237335
4.07421875,5720.0,0.3074920177459717
4.07421875,5720.0,0.30754491686820984
4.07421875,5724.0,0.307597815990448
4.07421875,5724.0,0.30765071511268616
4.07421875,5724.0,0.3077036142349243
4.07421875,5728.0,0.3077565133571625
4.07421875,5728.0,0.30780941247940063
4.07421875,5728.0,0.3078623116016388
4.07421875,5728.0,0.30791521072387695
4.07421875,5732.0,0.3079681098461151
4.07421875,5732.0,0.30802100896835327
4.07421875,5732.0,0.30807390809059143
4.07421875,5732.0,0.3081268072128296
4.07421875,5736.0,0.30817970633506775
4.07421875,5736.0,0.3082326054573059
4.0703125,5736.0,0.30828550457954407
4.0703125,5740.0,0.3083384037017822
4.0703125,5740.0,0.3083913028240204
4.0703125,5740.0,0.30844420194625854
4.0703125,5740.0,0.3084971010684967
4.0703125,5744.0,0.30855000019073486
4.0703125,5744.0,0.308602899312973
4.0703125,5744.0,0.3086557984352112
4.0703125,5748.0,0.30870869755744934
4.0703125,5748.0,0.3087615966796875
4.0703125,5748.0,0.30881449580192566
4.0703125,5748.0,0.3088673949241638
4.0703125,5752.0,0.308920294046402
4.0703125,5752.0,0.30897319316864014
4.0703125,5752.0,0.3090260922908783
4.0703125,5756.0,0.30907899141311646
4.06640625,5756.0,0.3091318905353546
4.06640625,5756.0,0.3091847896575928
4.06640625,5756.0,0.30923768877983093
4.06640625,5760.0,0.3092905879020691
4.06640625,5760.0,0.30934348702430725
4.06640625,5760.0,0.3093963861465454
4.06640625,5764.0,0.30944928526878357
4.06640625,5764.0,0.30950218439102173
4.06640625,5764.0,0.3095550835132599
4.06640625,5764.0,0.30960798263549805
4.06640625,5768.0,0.3096608817577362
4.06640625,5768.0,0.30971378087997437
4.06640625,5768.0,0.3097666800022125
4.06640625,5768.0,0.3098195791244507
4.06640625,5772.0,0.30987247824668884
4.06640625,5772.0,0.309925377368927
4.06640625,5772.0,0.30997827649116516
4.06640625,5776.0,0.3100311756134033
4.06640625,5776.0,0.3100840747356415
4.06640625,5776.0,0.31013697385787964
4.06640625,5776.0,0.3101898729801178
4.06640625,5780.0,0.31024277210235596
4.06640625,5780.0,0.3102956712245941
4.06640625,5780.0,0.3103485703468323
4.06640625,5784.0,0.31040146946907043
4.06640625,5784.0,0.3104543685913086
4.06640625,5784.0,0.31050726771354675
4.06640625,5784.0,0.3105601668357849
4.06640625,5788.0,0.31061306595802307
4.06640625,5788.0,0.31066596508026123
4.06640625,5788.0,0.3107188642024994
4.06640625,5792.0,0.31077176332473755
4.06640625,5792.0,0.3108246624469757
4.06640625,5792.0,0.31087756156921387
4.06640625,5792.0,0.310930460691452
4.06640625,5796.0,0.3109833598136902
4.06640625,5796.0,0.31103625893592834
4.06640625,5796.0,0.3110891580581665
4.06640625,5796.0,0.31114205718040466
4.06640625,5800.0,0.3111949563026428
4.06640625,5800.0,0.311247855424881
4.06640625,5800.0,0.31130075454711914
4.06640625,5804.0,0.3113536536693573
4.06640625,5804.0,0.31140655279159546
4.06640625,5804.0,0.3114594519138336
4.06640625,5804.0,0.3115123510360718
4.06640625,5808.0,0.31156525015830994
4.06640625,5808.0,0.3116181492805481
4.06640625,5808.0,0.31167104840278625
4.06640625,5812.0,0.3117239475250244
4.06640625,5812.0,0.3117768466472626
4.06640625,5812.0,0.31182974576950073
4.06640625,5812.0,0.3118826448917389
4.06640625,5816.0,0.31193554401397705
4.06640625,5816.0,0.3119884431362152
4.06640625,5816.0,0.31204134225845337
4.06640625,5820.0,0.31209424138069153
4.06640625,5820.0,0.3121471405029297
4.06640625,5820.0,0.31220003962516785
4.06640625,5820.0,0.312252938747406
4.06640625,5824.0,0.31230583786964417
4.06640625,5824.0,0.3123587369918823
4.06640625,5824.0,0.3124116361141205
4.06640625,5824.0,0.31246453523635864
4.06640625,5828.0,0.3125174343585968
4.06640625,5828.0,0.31257033348083496
4.06640625,5828.0,0.3126232326030731
4.06640625,5832.0,0.3126761317253113
4.06640625,5832.0,0.31272903084754944
4.06640625,5832.0,0.3127819299697876
4.06640625,5832.0,0.31283482909202576
4.06640625,5836.0,0.3128877282142639
4.06640625,5836.0,0.3129406273365021
4.06640625,5836.0,0.31299352645874023
4.0625,5840.0,0.3130464255809784
4.0625,5840.0,0.31309932470321655
4.0625,5840.0,0.3131522238254547
4.0625,5840.0,0.31320512294769287
4.0625,5844.0,0.31325802206993103
4.0625,5844.0,0.3133109211921692
4.0625,5844.0,0.31336382031440735
4.0625,5848.0,0.3134167194366455
4.0625,5848.0,0.31346961855888367
4.0625,5848.0,0.3135225176811218
4.05859375,5848.0,0.31357541680336
4.05859375,5852.0,0.31362831592559814
4.05859375,5852.0,0.3136812150478363
4.05859375,5852.0,0.31373411417007446
4.05859375,5852.0,0.3137870132923126
4.05859375,5856.0,0.3138399124145508
4.05859375,5856.0,0.31389281153678894
4.05859375,5856.0,0.3139457106590271
4.0546875,5860.0,0.31399860978126526
4.0546875,5860.0,0.3140515089035034
4.0546875,5860.0,0.3141044080257416
4.0546875,5860.0,0.31415730714797974
4.0546875,5864.0,0.3142102062702179
4.0546875,5864.0,0.31426310539245605
4.0546875,5864.0,0.3143160045146942
4.05078125,5868.0,0.3143689036369324
4.05078125,5868.0,0.31442180275917053
4.05078125,5868.0,0.3144747018814087
4.05078125,5868.0,0.31452760100364685
4.05078125,5872.0,0.314580500125885
4.05078125,5872.0,0.31463339924812317
4.05078125,5872.0,0.31468629837036133
4.046875,5876.0,0.3147391974925995
4.046875,5876.0,0.31479209661483765
4.046875,5876.0,0.3148449957370758
4.046875,5876.0,0.31489789485931396
4.046875,5880.0,0.3149507939815521
4.046875,5880.0,0.3150036931037903
4.046875,5880.0,0.31505659222602844
4.046875,5880.0,0.3151094913482666
4.04296875,5884.0,0.31516239047050476
4.04296875,5884.0,0.3152152895927429
4.04296875,5884.0,0.3152681887149811
4.04296875,5888.0,0.31532108783721924
4.04296875,5888.0,0.3153739869594574
4.04296875,5888.0,0.31542688608169556
4.04296875,5888.0,0.3154797852039337
4.04296875,5892.0,0.3155326843261719
4.04296875,5892.0,0.31558558344841003
4.04296875,5892.0,0.3156384825706482
4.0390625,5896.0,0.31569138169288635
4.0390625,5896.0,0.3157442808151245
4.0390625,5896.0,0.31579717993736267
4.0390625,5896.0,0.31585007905960083
4.0390625,5900.0,0.315902978181839
4.0390625,5900.0,0.31595587730407715
4.0390625,5900.0,0.3160087764263153
4.0390625,5904.0,0.31606167554855347
4.03515625,5904.0,0.3161145746707916
4.03515625,5904.0,0.3161674737930298
4.03515625,5904.0,0.31622037291526794
4.03515625,5908.0,0.3162732720375061
4.03515625,5908.0,0.31632617115974426
4.03515625,5908.0,0.3163790702819824
4.03515625,5912.0,0.3164319694042206
4.03515625,5912.0,0.31648486852645874
4.03125,5912.0,0.3165377676486969
4.03125,5912.0,0.31659066677093506
4.03125,5916.0,0.3166435658931732
4.03125,5916.0,0.3166964650154114
4.03125,5916.0,0.31674936413764954
4.03125,5916.0,0.3168022632598877
4.03125,5920.0,0.31685516238212585
4.02734375,5920.0,0.316908061504364
4.02734375,5920.0,0.3169609606266022
4.02734375,5924.0,0.31701385974884033
4.02734375,5924.0,0.3170667588710785
4.02734375,5924.0,0.31711965799331665
4.02734375,5924.0,0.3171725571155548
4.02734375,5928.0,0.31722545623779297
4.0234375,5928.0,0.31727835536003113
4.0234375,5928.0,0.3173312544822693
4.0234375,5932.0,0.31738415360450745
4.0234375,5932.0,0.3174370527267456
4.0234375,5932.0,0.31748995184898376
4.0234375,5932.0,0.3175428509712219
4.01953125,5936.0,0.3175957500934601
4.01953125,5936.0,0.31764864921569824
4.01953125,5936.0,0.3177015483379364
4.01953125,5940.0,0.31775444746017456
4.01953125,5940.0,0.3178073465824127
4.01953125,5940.0,0.3178602457046509
4.015625,5940.0,0.31791314482688904
4.015625,5944.0,0.3179660439491272
4.015625,5944.0,0.31801894307136536
4.015625,5944.0,0.3180718421936035
4.015625,5944.0,0.3181247413158417
4.015625,5948.0,0.31817764043807983
4.01171875,5948.0,0.318230539560318
4.01171875,5948.0,0.31828343868255615
4.01171875,5952.0,0.3183363378047943
4.01171875,5952.0,0.31838923692703247
4.01171875,5952.0,0.31844213604927063
4.01171875,5952.0,0.3184950351715088
4.0078125,5956.0,0.31854793429374695
4.0078125,5956.0,0.3186008334159851
4.0078125,5956.0,0.31865373253822327
4.0078125,5960.0,0.3187066316604614
4.0078125,5960.0,0.3187595307826996
4.00390625,5960.0,0.31881242990493774
4.00390625,5960.0,0.3188653290271759
4.00390625,5964.0,0.31891822814941406
4.00390625,5964.0,0.3189711272716522
4.00390625,5964.0,0.3190240263938904
4.0,5968.0,0.31907692551612854
4.0,5968.0,0.3191298246383667
4.0,5968.0,0.31918272376060486
4.0,5968.0,0.319235622882843
4.0,5972.0,0.3192885220050812
3.998046875,5972.0,0.31934142112731934
3.998046875,5972.0,0.3193943202495575
3.99609375,5976.0,0.31944721937179565
3.99609375,5976.0,0.3195001184940338
3.99609375,5976.0,0.319553017616272
3.994140625,5976.0,0.31960591673851013
3.994140625,5980.0,0.3196588158607483
3.9921875,5980.0,0.31971171498298645
3.9921875,5980.0,0.3197646141052246
3.990234375,5980.0,0.31981751322746277
3.990234375,5984.0,0.3198704123497009
3.98828125,5984.0,0.3199233114719391
3.98828125,5984.0,0.31997621059417725
3.986328125,5988.0,0.3200291097164154
3.986328125,5988.0,0.32008200883865356
3.986328125,5988.0,0.3201349079608917
3.984375,5988.0,0.3201878070831299
3.984375,5992.0,0.32024070620536804
3.982421875,5992.0,0.3202936053276062
3.982421875,5992.0,0.32034650444984436
3.98046875,5996.0,0.3203994035720825
3.98046875,5996.0,0.3204523026943207
3.978515625,5996.0,0.32050520181655884
3.978515625,5996.0,0.320558100938797
3.9765625,6000.0,0.32061100006103516
3.9765625,6000.0,0.3206638991832733
3.974609375,6000.0,0.3207167983055115
3.974609375,6004.0,0.32076969742774963
3.97265625,6004.0,0.3208225965499878
3.97265625,6004.0,0.32087549567222595
3.970703125,6004.0,0.3209283947944641
3.970703125,6008.0,0.32098129391670227
3.96875,6008.0,0.32103419303894043
3.96875,6008.0,0.3210870921611786
3.966796875,6008.0,0.32113999128341675
3.966796875,6012.0,0.3211928904056549
3.96484375,6012.0,0.32124578952789307
3.96484375,6012.0,0.3212986886501312
3.962890625,6016.0,0.3213515877723694
3.962890625,6016.0,0.32140448689460754
3.9609375,6016.0,0.3214573860168457
3.9609375,6016.0,0.32151028513908386
3.958984375,6020.0,0.321563184261322
3.958984375,6020.0,0.3216160833835602
3.958984375,6020.0,0.32166898250579834
3.95703125,6024.0,0.3217218816280365
3.95703125,6024.0,0.32177478075027466
3.955078125,6024.0,0.3218276798725128
3.955078125,6024.0,0.321880578994751
3.953125,6028.0,0.32193347811698914
3.953125,6028.0,0.3219863772392273
3.953125,6028.0,0.32203927636146545
3.951171875,6032.0,0.3220921754837036
3.951171875,6032.0,0.3221450746059418
3.951171875,6032.0,0.32219797372817993
3.94921875,6032.0,0.3222508728504181
3.94921875,6036.0,0.32230377197265625
3.947265625,6036.0,0.3223566710948944
3.947265625,6036.0,0.32240957021713257
3.947265625,6040.0,0.3224624693393707
3.9453125,6040.0,0.3225153684616089
3.9453125,6040.0,0.32256826758384705
3.9453125,6040.0,0.3226211667060852
3.9453125,6044.0,0.32267406582832336
3.943359375,6044.0,0.3227269649505615
3.943359375,6044.0,0.3227798640727997
3.943359375,6044.0,0.32283276319503784
3.94140625,6048.0,0.322885662317276
3.94140625,6048.0,0.32293856143951416
3.94140625,6048.0,0.3229914605617523
3.94140625,6052.0,0.3230443596839905
3.939453125,6052.0,0.32309725880622864
3.939453125,6052.0,0.3231501579284668
3.939453125,6052.0,0.32320305705070496
3.9375,6056.0,0.3232559561729431
3.9375,6056.0,0.3233088552951813
3.9375,6056.0,0.32336175441741943
3.9375,6060.0,0.3234146535396576
3.935546875,6060.0,0.32346755266189575
3.935546875,6060.0,0.3235204517841339
3.935546875,6060.0,0.32357335090637207
3.935546875,6064.0,0.32362625002861023
3.93359375,6064.0,0.3236791491508484
3.93359375,6064.0,0.32373204827308655
3.93359375,6068.0,0.3237849473953247
3.931640625,6068.0,0.32383784651756287
3.931640625,6068.0,0.323890745639801
3.931640625,6068.0,0.3239436447620392
3.931640625,6072.0,0.32399654388427734
3.9296875,6072.0,0.3240494430065155
3.9296875,6072.0,0.32410234212875366
3.9296875,6076.0,0.3241552412509918
3.927734375,6076.0,0.32420814037323
3.927734375,6076.0,0.32426103949546814
3.927734375,6076.0,0.3243139386177063
3.92578125,6080.0,0.32436683773994446
3.92578125,6080.0,0.3244197368621826
3.92578125,6080.0,0.3244726359844208
3.92578125,6080.0,0.32452553510665894
3.923828125,6084.0,0.3245784342288971
3.923828125,6084.0,0.32463133335113525
3.923828125,6084.0,0.3246842324733734
3.921875,6088.0,0.3247371315956116
3.921875,6088.0,0.32479003071784973
3.921875,6088.0,0.3248429298400879
3.919921875,6088.0,0.32489582896232605
3.919921875,6092.0,0.3249487280845642
3.919921875,6092.0,0.32500162720680237
3.91796875,6092.0,0.3250545263290405
3.91796875,6096.0,0.3251074254512787
3.91796875,6096.0,0.32516032457351685
3.916015625,6096.0,0.325213223695755
3.916015625,6096.0,0.32526612281799316
3.916015625,6100.0,0.3253190219402313
3.9140625,6100.0,0.3253719210624695
3.9140625,6100.0,0.32542482018470764
3.9140625,6104.0,0.3254777193069458
3.912109375,6104.0,0.32553061842918396
3.912109375,6104.0,0.3255835175514221
3.91015625,6104.0,0.3256364166736603
3.91015625,6108.0,0.32568931579589844
3.908203125,6108.0,0.3257422149181366
3.908203125,6108.0,0.32579511404037476
3.90625,6108.0,0.3258480131626129
3.90625,6112.0,0.3259009122848511
3.904296875,6112.0,0.32595381140708923
3.904296875,6112.0,0.3260067105293274
3.90234375,6116.0,0.32605960965156555
3.900390625,6116.0,0.3261125087738037
3.900390625,6116.0,0.32616540789604187
3.8984375,6116.0,0.32621830701828003
3.8984375,6120.0,0.3262712061405182
3.896484375,6120.0,0.32632410526275635
3.89453125,6120.0,0.3263770043849945
3.89453125,6124.0,0.32642990350723267
3.892578125,6124.0,0.3264828026294708
3.890625,6124.0,0.326535701751709
3.890625,6124.0,0.32658860087394714
3.888671875,6128.0,0.3266414999961853
3.88671875,6128.0,0.32669439911842346
3.88671875,6128.0,0.3267472982406616
3.884765625,6132.0,0.3268001973628998
3.8828125,6132.0,0.32685309648513794
3.8828125,6132.0,0.3269059956073761
3.880859375,6132.0,0.32695889472961426
3.87890625,6136.0,0.3270117938518524
3.87890625,6136.0,0.3270646929740906
3.876953125,6136.0,0.32711759209632874
3.875,6140.0,0.3271704912185669
3.875,6140.0,0.32722339034080505
3.873046875,6140.0,0.3272762894630432
3.87109375,6140.0,0.32732918858528137
3.87109375,6144.0,0.32738208770751953
3.869140625,6144.0,0.3274349868297577
3.8671875,6144.0,0.32748788595199585
3.8671875,6144.0,0.327540785074234
3.865234375,6148.0,0.32759368419647217
3.86328125,6148.0,0.3276465833187103
3.86328125,6148.0,0.3276994824409485
3.861328125,6152.0,0.32775238156318665
3.861328125,6152.0,0.3278052806854248
3.859375,6152.0,0.32785817980766296
3.857421875,6152.0,0.3279110789299011
3.857421875,6156.0,0.3279639780521393
3.85546875,6156.0,0.32801687717437744
3.853515625,6156.0,0.3280697762966156
3.853515625,6160.0,0.32812267541885376
3.8515625,6160.0,0.3281755745410919
3.8515625,6160.0,0.3282284736633301
3.849609375,6160.0,0.32828137278556824
3.84765625,6164.0,0.3283342719078064
3.84765625,6164.0,0.32838717103004456
3.845703125,6164.0,0.3284400701522827
3.845703125,6168.0,0.3284929692745209
3.84375,6168.0,0.32854586839675903
3.841796875,6168.0,0.3285987675189972
3.841796875,6168.0,0.32865166664123535
3.83984375,6172.0,0.3287045657634735
3.83984375,6172.0,0.32875746488571167
3.837890625,6172.0,0.32881036400794983
3.837890625,6176.0,0.328863263130188
3.8359375,6176.0,0.32891616225242615
3.8359375,6176.0,0.3289690613746643
3.833984375,6176.0,0.32902196049690247
3.83203125,6180.0,0.3290748596191406
3.83203125,6180.0,0.3291277587413788
3.830078125,6180.0,0.32918065786361694
3.830078125,6180.0,0.3292335569858551
3.828125,6184.0,0.32928645610809326
3.828125,6184.0,0.3293393552303314
3.826171875,6184.0,0.3293922543525696
3.826171875,6188.0,0.32944515347480774
3.82421875,6188.0,0.3294980525970459
3.82421875,6188.0,0.32955095171928406
3.822265625,6188.0,0.3296038508415222
3.822265625,6192.0,0.3296567499637604
3.8203125,6192.0,0.32970964908599854
3.8203125,6192.0,0.3297625482082367
3.8203125,6196.0,0.32981544733047485
3.818359375,6196.0,0.329868346452713
3.818359375,6196.0,0.32992124557495117
3.81640625,6196.0,0.32997414469718933
3.81640625,6200.0,0.3300270438194275
3.814453125,6200.0,0.33007994294166565
3.814453125,6200.0,0.3301328420639038
3.814453125,6204.0,0.33018574118614197
3.8125,6204.0,0.3302386403083801
3.8125,6204.0,0.3302915394306183
3.810546875,6204.0,0.33034443855285645
3.810546875,6208.0,0.3303973376750946
3.80859375,6208.0,0.33045023679733276
3.80859375,6208.0,0.3305031359195709
3.80859375,6212.0,0.3305560350418091
3.806640625,6212.0,0.33060893416404724
3.806640625,6212.0,0.3306618332862854
3.8046875,6212.0,0.33071473240852356
3.8046875,6216.0,0.3307676315307617
3.8046875,6216.0,0.3308205306529999
3.802734375,6216.0,0.33087342977523804
3.802734375,6216.0,0.3309263288974762
3.80078125,6220.0,0.33097922801971436
3.80078125,6220.0,0.3310321271419525
3.798828125,6220.0,0.3310850262641907
3.798828125,6224.0,0.33113792538642883
3.796875,6224.0,0.331190824508667
3.796875,6224.0,0.33124372363090515
3.794921875,6224.0,0.3312966227531433
3.794921875,6228.0,0.33134952187538147
3.794921875,6228.0,0.33140242099761963
3.79296875,6228.0,0.3314553201198578
3.79296875,6232.0,0.33150821924209595
3.791015625,6232.0,0.3315611183643341
3.791015625,6232.0,0.33161401748657227
3.7890625,6232.0,0.3316669166088104
3.7890625,6236.0,0.3317198157310486
3.787109375,6236.0,0.33177271485328674
3.787109375,6236.0,0.3318256139755249
3.78515625,6240.0,0.33187851309776306
3.78515625,6240.0,0.3319314122200012
3.783203125,6240.0,0.3319843113422394
3.783203125,6240.0,0.33203721046447754
3.78125,6244.0,0.3320901095867157
3.78125,6244.0,0.33214300870895386
3.779296875,6244.0,0.332195907831192
3.779296875,6248.0,0.3322488069534302
3.77734375,6248.0,0.33230170607566833
3.77734375,6248.0,0.3323546051979065
3.775390625,6248.0,0.33240750432014465
3.775390625,6252.0,0.3324604034423828
3.7734375,6252.0,0.33251330256462097
3.7734375,6252.0,0.33256620168685913
3.771484375,6256.0,0.3326191008090973
3.771484375,6256.0,0.33267199993133545
3.771484375,6256.0,0.3327248990535736
3.76953125,6256.0,0.33277779817581177
3.76953125,6260.0,0.3328306972980499
3.767578125,6260.0,0.3328835964202881
3.767578125,6260.0,0.33293649554252625
3.765625,6260.0,0.3329893946647644
3.765625,6264.0,0.33304229378700256
3.765625,6264.0,0.3330951929092407
3.763671875,6264.0,0.3331480920314789
3.763671875,6268.0,0.33320099115371704
3.76171875,6268.0,0.3332538902759552
3.76171875,6268.0,0.33330678939819336
3.76171875,6268.0,0.3333596885204315
3.759765625,6272.0,0.3334125876426697
3.759765625,6272.0,0.33346548676490784
3.759765625,6272.0,0.333518385887146
3.7578125,6276.0,0.33357128500938416
3.7578125,6276.0,0.3336241841316223
3.7578125,6276.0,0.3336770832538605
3.755859375,6276.0,0.33372998237609863
3.755859375,6280.0,0.3337828814983368
3.755859375,6280.0,0.33383578062057495
3.75390625,6280.0,0.3338886797428131
3.75390625,6284.0,0.33394157886505127
3.75390625,6284.0,0.33399447798728943
3.75390625,6284.0,0.3340473771095276
3.751953125,6284.0,0.33410027623176575
3.751953125,6288.0,0.3341531753540039
3.751953125,6288.0,0.33420607447624207
3.751953125,6288.0,0.3342589735984802
3.75,6292.0,0.3343118727207184
3.75,6292.0,0.33436477184295654
3.75,6292.0,0.3344176709651947
3.75,6292.0,0.33447057008743286
3.748046875,6296.0,0.334523469209671
3.748046875,6296.0,0.3345763683319092
3.748046875,6296.0,0.33462926745414734
3.748046875,6296.0,0.3346821665763855
3.74609375,6300.0,0.33473506569862366
3.74609375,6300.0,0.3347879648208618
3.74609375,6300.0,0.3348408639431
3.74609375,6304.0,0.33489376306533813
3.74609375,6304.0,0.3349466621875763
3.744140625,6304.0,0.33499956130981445
3.744140625,6304.0,0.3350524604320526
3.744140625,6308.0,0.33510535955429077
3.744140625,6308.0,0.33515825867652893
3.7421875,6308.0,0.3352111577987671
3.7421875,6312.0,0.33526405692100525
3.7421875,6312.0,0.3353169560432434
3.7421875,6312.0,0.33536985516548157
3.740234375,6312.0,0.3354227542877197
3.740234375,6316.0,0.3354756534099579
3.740234375,6316.0,0.33552855253219604
3.740234375,6316.0,0.3355814516544342
3.73828125,6320.0,0.33563435077667236
3.73828125,6320.0,0.3356872498989105
3.73828125,6320.0,0.3357401490211487
3.736328125,6320.0,0.33579304814338684
3.736328125,6324.0,0.335845947265625
3.736328125,6324.0,0.33589884638786316
3.734375,6324.0,0.3359517455101013
3.734375,6328.0,0.3360046446323395
3.732421875,6328.0,0.33605754375457764
3.732421875,6328.0,0.3361104428768158
3.732421875,6328.0,0.33616334199905396
3.73046875,6332.0,0.3362162411212921
3.73046875,6332.0,0.3362691402435303
3.728515625,6332.0,0.33632203936576843
3.728515625,6332.0,0.3363749384880066
3.728515625,6336.0,0.33642783761024475
3.7265625,6336.0,0.3364807367324829
3.7265625,6336.0,0.33653363585472107
3.724609375,6340.0,0.33658653497695923
3.724609375,6340.0,0.3366394340991974
3.72265625,6340.0,0.33669233322143555
3.72265625,6340.0,0.3367452323436737
3.720703125,6344.0,0.33679813146591187
3.720703125,6344.0,0.33685103058815
3.720703125,6344.0,0.3369039297103882
3.71875,6348.0,0.33695682883262634
3.71875,6348.0,0.3370097279548645
3.716796875,6348.0,0.33706262707710266
3.716796875,6348.0,0.3371155261993408
3.71484375,6352.0,0.337168425321579
3.71484375,6352.0,0.33722132444381714
3.712890625,6352.0,0.3372742235660553
3.712890625,6356.0,0.33732712268829346
3.712890625,6356.0,0.3373800218105316
3.7109375,6356.0,0.3374329209327698
3.7109375,6356.0,0.33748582005500793
3.708984375,6360.0,0.3375387191772461
3.708984375,6360.0,0.33759161829948425
3.70703125,6360.0,0.3376445174217224
3.70703125,6364.0,0.33769741654396057
3.70703125,6364.0,0.33775031566619873
3.705078125,6364.0,0.3378032147884369
3.705078125,6364.0,0.33785611391067505
3.703125,6368.0,0.3379090130329132
3.703125,6368.0,0.33796191215515137
3.701171875,6368.0,0.3380148112773895
3.701171875,6372.0,0.3380677103996277
3.69921875,6372.0,0.33812060952186584
3.69921875,6372.0,0.338173508644104
3.697265625,6372.0,0.33822640776634216
3.697265625,6376.0,0.3382793068885803
3.6953125,6376.0,0.3383322060108185
3.6953125,6376.0,0.33838510513305664
3.693359375,6376.0,0.3384380042552948
3.693359375,6380.0,0.33849090337753296
3.69140625,6380.0,0.3385438024997711
3.69140625,6380.0,0.3385967016220093
3.689453125,6384.0,0.33864960074424744
3.689453125,6384.0,0.3387024998664856
3.689453125,6384.0,0.33875539898872375
3.6875,6384.0,0.3388082981109619
3.6875,6388.0,0.3388611972332001
3.685546875,6388.0,0.33891409635543823
3.685546875,6388.0,0.3389669954776764
3.68359375,6392.0,0.33901989459991455
3.68359375,6392.0,0.3390727937221527
3.681640625,6392.0,0.33912569284439087
3.681640625,6392.0,0.33917859196662903
3.6796875,6396.0,0.3392314910888672
3.6796875,6396.0,0.33928439021110535
3.677734375,6396.0,0.3393372893333435
3.677734375,6400.0,0.33939018845558167
3.677734375,6400.0,0.3394430875778198
3.67578125,6400.0,0.339495986700058
3.67578125,6400.0,0.33954888582229614
3.673828125,6404.0,0.3396017849445343
3.673828125,6404.0,0.33965468406677246
3.673828125,6404.0,0.3397075831890106
3.671875,6408.0,0.3397604823112488
3.671875,6408.0,0.33981338143348694
3.671875,6408.0,0.3398662805557251
3.669921875,6408.0,0.33991917967796326
3.669921875,6412.0,0.3399720788002014
3.669921875,6412.0,0.3400249779224396
3.66796875,6412.0,0.34007787704467773
3.66796875,6416.0,0.3401307761669159
3.66796875,6416.0,0.34018367528915405
3.666015625,6416.0,0.3402365744113922
3.666015625,6416.0,0.34028947353363037
3.666015625,6420.0,0.34034237265586853
3.666015625,6420.0,0.3403952717781067
3.6640625,6420.0,0.34044817090034485
3.6640625,6420.0,0.340501070022583
3.6640625,6424.0,0.34055396914482117
3.6640625,6424.0,0.3406068682670593
3.662109375,6424.0,0.3406597673892975
3.662109375,6428.0,0.34071266651153564
3.662109375,6428.0,0.3407655656337738
3.662109375,6428.0,0.34081846475601196
3.662109375,6428.0,0.3408713638782501
3.66015625,6432.0,0.3409242630004883
3.66015625,6432.0,0.34097716212272644
3.66015625,6432.0,0.3410300612449646
3.66015625,6436.0,0.34108296036720276
3.66015625,6436.0,0.3411358594894409
3.658203125,6436.0,0.3411887586116791
3.658203125,6436.0,0.34124165773391724
3.658203125,6440.0,0.3412945568561554
3.658203125,6440.0,0.34134745597839355
3.658203125,6440.0,0.3414003551006317
3.658203125,6444.0,0.3414532542228699
3.658203125,6444.0,0.34150615334510803
3.658203125,6444.0,0.3415590524673462
3.65625,6444.0,0.34161195158958435
3.65625,6448.0,0.3416648507118225
3.65625,6448.0,0.34171774983406067
3.65625,6448.0,0.34177064895629883
3.65625,6452.0,0.341823548078537
3.65625,6452.0,0.34187644720077515
3.65625,6452.0,0.3419293463230133
3.65625,6452.0,0.34198224544525146
3.65625,6456.0,0.3420351445674896
3.65625,6456.0,0.3420880436897278
3.65625,6456.0,0.34214094281196594
3.65625,6456.0,0.3421938419342041
3.65625,6460.0,0.34224674105644226
3.65625,6460.0,0.3422996401786804
3.65625,6460.0,0.3423525393009186
3.654296875,6464.0,0.34240543842315674
3.654296875,6464.0,0.3424583375453949
3.654296875,6464.0,0.34251123666763306
3.654296875,6464.0,0.3425641357898712
3.654296875,6468.0,0.3426170349121094
3.654296875,6468.0,0.34266993403434753
3.654296875,6468.0,0.3427228331565857
3.654296875,6472.0,0.34277573227882385
3.654296875,6472.0,0.342828631401062
3.654296875,6472.0,0.34288153052330017
3.654296875,6472.0,0.34293442964553833
3.654296875,6476.0,0.3429873287677765
3.654296875,6476.0,0.34304022789001465
3.654296875,6476.0,0.3430931270122528
3.654296875,6480.0,0.34314602613449097
3.654296875,6480.0,0.3431989252567291
3.654296875,6480.0,0.3432518243789673
3.654296875,6480.0,0.34330472350120544
3.654296875,6484.0,0.3433576226234436
3.654296875,6484.0,0.34341052174568176
3.654296875,6484.0,0.3434634208679199
3.654296875,6488.0,0.3435163199901581
3.654296875,6488.0,0.34356921911239624
3.654296875,6488.0,0.3436221182346344
3.654296875,6488.0,0.34367501735687256
3.654296875,6492.0,0.3437279164791107
3.654296875,6492.0,0.3437808156013489
3.654296875,6492.0,0.34383371472358704
3.654296875,6496.0,0.3438866138458252
3.654296875,6496.0,0.34393951296806335
3.65234375,6496.0,0.3439924120903015
3.65234375,6496.0,0.3440453112125397
3.65234375,6500.0,0.34409821033477783
3.65234375,6500.0,0.344151109457016
3.65234375,6500.0,0.34420400857925415
3.65234375,6500.0,0.3442569077014923
3.65234375,6504.0,0.34430980682373047
3.65234375,6504.0,0.34436270594596863
3.65234375,6504.0,0.3444156050682068
3.65234375,6508.0,0.34446850419044495
3.65234375,6508.0,0.3445214033126831
3.65234375,6508.0,0.34457430243492126
3.65234375,6508.0,0.3446272015571594
3.65234375,6512.0,0.3446801006793976
3.65234375,6512.0,0.34473299980163574
3.650390625,6512.0,0.3447858989238739
3.650390625,6516.0,0.34483879804611206
3.650390625,6516.0,0.3448916971683502
3.650390625,6516.0,0.3449445962905884
3.650390625,6516.0,0.34499749541282654
3.650390625,6520.0,0.3450503945350647
3.650390625,6520.0,0.34510329365730286
3.650390625,6520.0,0.345156192779541
3.650390625,6524.0,0.3452090919017792
3.650390625,6524.0,0.34526199102401733
3.650390625,6524.0,0.3453148901462555
3.650390625,6524.0,0.34536778926849365
3.650390625,6528.0,0.3454206883907318
3.650390625,6528.0,0.34547358751296997
3.650390625,6528.0,0.34552648663520813
3.650390625,6532.0,0.3455793857574463
3.650390625,6532.0,0.34563228487968445
3.650390625,6532.0,0.3456851840019226
3.65234375,6532.0,0.34573808312416077
3.65234375,6536.0,0.3457909822463989
3.65234375,6536.0,0.3458438813686371
3.65234375,6536.0,0.34589678049087524
3.65234375,6540.0,0.3459496796131134
3.65234375,6540.0,0.34600257873535156
3.65234375,6540.0,0.3460554778575897
3.65234375,6540.0,0.3461083769798279
3.65234375,6544.0,0.34616127610206604
3.65234375,6544.0,0.3462141752243042
3.65234375,6544.0,0.34626707434654236
3.654296875,6544.0,0.3463199734687805
3.654296875,6548.0,0.3463728725910187
3.654296875,6548.0,0.34642577171325684
3.654296875,6548.0,0.346478670835495
3.654296875,6552.0,0.34653156995773315
3.654296875,6552.0,0.3465844690799713
3.65625,6552.0,0.3466373682022095
3.65625,6552.0,0.34669026732444763
3.65625,6556.0,0.3467431664466858
3.65625,6556.0,0.34679606556892395
3.65625,6556.0,0.3468489646911621
3.65625,6560.0,0.34690186381340027
3.658203125,6560.0,0.3469547629356384
3.658203125,6560.0,0.3470076620578766
3.658203125,6560.0,0.34706056118011475
3.658203125,6564.0,0.3471134603023529
3.66015625,6564.0,0.34716635942459106
3.66015625,6564.0,0.3472192585468292
3.66015625,6568.0,0.3472721576690674
3.66015625,6568.0,0.34732505679130554
3.66015625,6568.0,0.3473779559135437
3.662109375,6568.0,0.34743085503578186
3.662109375,6572.0,0.34748375415802
3.662109375,6572.0,0.3475366532802582
3.662109375,6572.0,0.34758955240249634
3.6640625,6576.0,0.3476424515247345
3.6640625,6576.0,0.34769535064697266
3.6640625,6576.0,0.3477482497692108
3.6640625,6576.0,0.347801148891449
3.666015625,6580.0,0.34785404801368713
3.666015625,6580.0,0.3479069471359253
3.666015625,6580.0,0.34795984625816345
3.666015625,6584.0,0.3480127453804016
3.66796875,6584.0,0.34806564450263977
3.66796875,6584.0,0.34811854362487793
3.66796875,6584.0,0.3481714427471161
3.66796875,6588.0,0.34822434186935425
3.669921875,6588.0,0.3482772409915924
3.669921875,6588.0,0.34833014011383057
3.669921875,6592.0,0.3483830392360687
3.669921875,6592.0,0.3484359383583069
3.671875,6592.0,0.34848883748054504
3.671875,6592.0,0.3485417366027832
3.671875,6596.0,0.34859463572502136
3.671875,6596.0,0.3486475348472595
3.673828125,6596.0,0.3487004339694977
3.673828125,6596.0,0.34875333309173584
3.673828125,6600.0,0.348806232213974
3.673828125,6600.0,0.34885913133621216
3.67578125,6600.0,0.3489120304584503
3.67578125,6604.0,0.3489649295806885
3.67578125,6604.0,0.34901782870292664
3.67578125,6604.0,0.3490707278251648
3.67578125,6604.0,0.34912362694740295
3.67578125,6608.0,0.3491765260696411
3.677734375,6608.0,0.3492294251918793
3.677734375,6608.0,0.34928232431411743
3.677734375,6612.0,0.3493352234363556
3.677734375,6612.0,0.34938812255859375
3.677734375,6612.0,0.3494410216808319
3.6796875,6612.0,0.34949392080307007
3.6796875,6616.0,0.3495468199253082
3.6796875,6616.0,0.3495997190475464
3.6796875,6616.0,0.34965261816978455
3.6796875,6620.0,0.3497055172920227
3.6796875,6620.0,0.34975841641426086
3.681640625,6620.0,0.349811315536499
3.681640625,6620.0,0.3498642146587372
3.681640625,6624.0,0.34991711378097534
3.681640625,6624.0,0.3499700129032135
3.681640625,6624.0,0.35002291202545166
3.681640625,6628.0,0.3500758111476898
3.681640625,6628.0,0.350128710269928
3.68359375,6628.0,0.35018160939216614
3.68359375,6628.0,0.3502345085144043
3.68359375,6632.0,0.35028740763664246
3.68359375,6632.0,0.3503403067588806
3.68359375,6632.0,0.3503932058811188
3.68359375,6636.0,0.35044610500335693
3.68359375,6636.0,0.3504990041255951
3.68359375,6636.0,0.35055190324783325
3.68359375,6636.0,0.3506048023700714
3.68359375,6640.0,0.35065770149230957
3.68359375,6640.0,0.35071060061454773
3.685546875,6640.0,0.3507634997367859
3.685546875,6640.0,0.35081639885902405
3.685546875,6644.0,0.3508692979812622
3.685546875,6644.0,0.35092219710350037
3.685546875,6644.0,0.3509750962257385
3.685546875,6648.0,0.3510279953479767
3.685546875,6648.0,0.35108089447021484
3.685546875,6648.0,0.351133793592453
3.685546875,6648.0,0.35118669271469116
3.685546875,6652.0,0.3512395918369293
3.685546875,6652.0,0.3512924909591675
3.685546875,6652.0,0.35134539008140564
3.685546875,6656.0,0.3513982892036438
3.685546875,6656.0,0.35145118832588196
3.685546875,6656.0,0.3515040874481201
3.6875,6656.0,0.3515569865703583
3.6875,6660.0,0.35160988569259644
3.6875,6660.0,0.3516627848148346
3.6875,6660.0,0.35171568393707275
3.6875,6664.0,0.3517685830593109
3.6875,6664.0,0.3518214821815491
3.6875,6664.0,0.35187438130378723
3.6875,6664.0,0.3519272804260254
3.6875,6668.0,0.35198017954826355
3.689453125,6668.0,0.3520330786705017
3.689453125,6668.0,0.35208597779273987
3.689453125,6672.0,0.352138876914978
3.689453125,6672.0,0.3521917760372162
3.689453125,6672.0,0.35224467515945435
3.689453125,6672.0,0.3522975742816925
3.69140625,6676.0,0.35235047340393066
3.69140625,6676.0,0.3524033725261688
3.69140625,6676.0,0.352456271648407
3.69140625,6680.0,0.35250917077064514
3.69140625,6680.0,0.3525620698928833
3.693359375,6680.0,0.35261496901512146
3.693359375,6680.0,0.3526678681373596
3.693359375,6684.0,0.3527207672595978
3.6953125,6684.0,0.35277366638183594
3.6953125,6684.0,0.3528265655040741
3.6953125,6688.0,0.35287946462631226
3.6953125,6688.0,0.3529323637485504
3.697265625,6688.0,0.3529852628707886
3.697265625,6688.0,0.35303816199302673
3.697265625,6692.0,0.3530910611152649
3.69921875,6692.0,0.35314396023750305
3.69921875,6692.0,0.3531968593597412
3.69921875,6692.0,0.35324975848197937
3.701171875,6696.0,0.35330265760421753
3.701171875,6696.0,0.3533555567264557
3.701171875,6696.0,0.35340845584869385
3.703125,6700.0,0.353461354970932
3.703125,6700.0,0.35351425409317017
3.703125,6700.0,0.3535671532154083
3.705078125,6700.0,0.3536200523376465
3.705078125,6704.0,0.35367295145988464
3.705078125,6704.0,0.3537258505821228
3.70703125,6704.0,0.35377874970436096
3.70703125,6708.0,0.3538316488265991
3.70703125,6708.0,0.3538845479488373
3.708984375,6708.0,0.35393744707107544
3.708984375,6708.0,0.3539903461933136
3.708984375,6712.0,0.35404324531555176
3.7109375,6712.0,0.3540961444377899
3.7109375,6712.0,0.3541490435600281
3.7109375,6716.0,0.35420194268226624
3.712890625,6716.0,0.3542548418045044
3.712890625,6716.0,0.35430774092674255
3.712890625,6716.0,0.3543606400489807
3.71484375,6720.0,0.35441353917121887
3.71484375,6720.0,0.35446643829345703
3.71484375,6720.0,0.3545193374156952
3.716796875,6724.0,0.35457223653793335
3.716796875,6724.0,0.3546251356601715
3.71875,6724.0,0.35467803478240967
3.71875,6724.0,0.3547309339046478
3.71875,6728.0,0.354783833026886
3.720703125,6728.0,0.35483673214912415
3.720703125,6728.0,0.3548896312713623
3.720703125,6732.0,0.35494253039360046
3.72265625,6732.0,0.3549954295158386
3.72265625,6732.0,0.3550483286380768
3.724609375,6732.0,0.35510122776031494
3.724609375,6736.0,0.3551541268825531
3.724609375,6736.0,0.35520702600479126
3.7265625,6736.0,0.3552599251270294
3.7265625,6740.0,0.3553128242492676
3.728515625,6740.0,0.35536572337150574
3.728515625,6740.0,0.3554186224937439
3.73046875,6740.0,0.35547152161598206
3.73046875,6744.0,0.3555244207382202
3.73046875,6744.0,0.3555773198604584
3.732421875,6744.0,0.35563021898269653
3.732421875,6744.0,0.3556831181049347
3.734375,6748.0,0.35573601722717285
3.734375,6748.0,0.355788916349411
3.736328125,6748.0,0.35584181547164917
3.736328125,6752.0,0.35589471459388733
3.73828125,6752.0,0.3559476137161255
3.73828125,6752.0,0.35600051283836365
3.740234375,6752.0,0.3560534119606018
3.740234375,6756.0,0.35610631108283997
3.7421875,6756.0,0.3561592102050781
3.7421875,6756.0,0.3562121093273163
3.744140625,6760.0,0.35626500844955444
3.744140625,6760.0,0.3563179075717926
3.744140625,6760.0,0.35637080669403076
3.74609375,6760.0,0.3564237058162689
3.74609375,6764.0,0.3564766049385071
3.748046875,6764.0,0.35652950406074524
3.748046875,6764.0,0.3565824031829834
3.75,6768.0,0.35663530230522156
3.75,6768.0,0.3566882014274597
3.751953125,6768.0,0.3567411005496979
3.751953125,6768.0,0.35679399967193604
3.75390625,6772.0,0.3568468987941742
3.75390625,6772.0,0.35689979791641235
3.755859375,6772.0,0.3569526970386505
3.755859375,6776.0,0.35700559616088867
3.7578125,6776.0,0.35705849528312683
3.7578125,6776.0,0.357111394405365
3.759765625,6776.0,0.35716429352760315
3.759765625,6780.0,0.3572171926498413
3.76171875,6780.0,0.35727009177207947
3.76171875,6780.0,0.3573229908943176
3.763671875,6784.0,0.3573758900165558
3.763671875,6784.0,0.35742878913879395
3.765625,6784.0,0.3574816882610321
3.765625,6784.0,0.35753458738327026
3.767578125,6788.0,0.3575874865055084
3.767578125,6788.0,0.3576403856277466
3.76953125,6788.0,0.35769328474998474
3.76953125,6792.0,0.3577461838722229
3.771484375,6792.0,0.35779908299446106
3.7734375,6792.0,0.3578519821166992
3.7734375,6792.0,0.3579048812389374
3.775390625,6796.0,0.35795778036117554
3.775390625,6796.0,0.3580106794834137
3.77734375,6796.0,0.35806357860565186
3.77734375,6796.0,0.35811647772789
3.779296875,6800.0,0.3581693768501282
3.78125,6800.0,0.35822227597236633
3.78125,6800.0,0.3582751750946045
3.783203125,6804.0,0.35832807421684265
3.783203125,6804.0,0.3583809733390808
3.78515625,6804.0,0.35843387246131897
3.787109375,6804.0,0.35848677158355713
3.787109375,6808.0,0.3585396707057953
3.7890625,6808.0,0.35859256982803345
3.7890625,6808.0,0.3586454689502716
3.791015625,6812.0,0.35869836807250977
3.79296875,6812.0,0.3587512671947479
3.79296875,6812.0,0.3588041663169861
3.794921875,6812.0,0.35885706543922424
3.796875,6816.0,0.3589099645614624
3.796875,6816.0,0.35896286368370056
3.798828125,6816.0,0.3590157628059387
3.798828125,6820.0,0.3590686619281769
3.80078125,6820.0,0.35912156105041504
3.802734375,6820.0,0.3591744601726532
3.802734375,6820.0,0.35922735929489136
3.8046875,6824.0,0.3592802584171295
3.8046875,6824.0,0.3593331575393677
3.806640625,6824.0,0.35938605666160583
3.80859375,6828.0,0.359438955783844
3.80859375,6828.0,0.35949185490608215
3.810546875,6828.0,0.3595447540283203
3.810546875,6828.0,0.35959765315055847
3.8125,6832.0,0.35965055227279663
3.8125,6832.0,0.3597034513950348
3.814453125,6832.0,0.35975635051727295
3.81640625,6836.0,0.3598092496395111
3.81640625,6836.0,0.35986214876174927
3.818359375,6836.0,0.3599150478839874
3.818359375,6836.0,0.3599679470062256
3.8203125,6840.0,0.36002084612846375
3.8203125,6840.0,0.3600737452507019
3.822265625,6840.0,0.36012664437294006
3.822265625,6844.0,0.3601795434951782
3.82421875,6844.0,0.3602324426174164
3.82421875,6844.0,0.36028534173965454
3.826171875,6844.0,0.3603382408618927
3.826171875,6848.0,0.36039113998413086
3.828125,6848.0,0.360444039106369
3.828125,6848.0,0.3604969382286072
3.828125,6848.0,0.36054983735084534
3.830078125,6852.0,0.3606027364730835
3.830078125,6852.0,0.36065563559532166
3.83203125,6852.0,0.3607085347175598
3.83203125,6856.0,0.360761433839798
3.833984375,6856.0,0.36081433296203613
3.833984375,6856.0,0.3608672320842743
3.8359375,6856.0,0.36092013120651245
3.8359375,6860.0,0.3609730303287506
3.837890625,6860.0,0.36102592945098877
3.837890625,6860.0,0.36107882857322693
3.83984375,6864.0,0.3611317276954651
3.83984375,6864.0,0.36118462681770325
3.83984375,6864.0,0.3612375259399414
3.841796875,6864.0,0.36129042506217957
3.841796875,6868.0,0.3613433241844177
3.84375,6868.0,0.3613962233066559
3.84375,6868.0,0.36144912242889404
3.845703125,6872.0,0.3615020215511322
3.845703125,6872.0,0.36155492067337036
3.845703125,6872.0,0.3616078197956085
3.84765625,6872.0,0.3616607189178467
3.84765625,6876.0,0.36171361804008484
3.849609375,6876.0,0.361766517162323
3.849609375,6876.0,0.36181941628456116
3.849609375,6880.0,0.3618723154067993
3.8515625,6880.0,0.3619252145290375
3.8515625,6880.0,0.36197811365127563
3.8515625,6880.0,0.3620310127735138
3.853515625,6884.0,0.36208391189575195
3.853515625,6884.0,0.3621368110179901
3.853515625,6884.0,0.36218971014022827
3.85546875,6888.0,0.36224260926246643
3.85546875,6888.0,0.3622955083847046
3.85546875,6888.0,0.36234840750694275
3.85546875,6888.0,0.3624013066291809
3.857421875,6892.0,0.36245420575141907
3.857421875,6892.0,0.3625071048736572
3.857421875,6892.0,0.3625600039958954
3.857421875,6896.0,0.36261290311813354
3.859375,6896.0,0.3626658022403717
3.859375,6896.0,0.36271870136260986
3.859375,6896.0,0.362771600484848
3.859375,6900.0,0.3628244996070862
3.861328125,6900.0,0.36287739872932434
3.861328125,6900.0,0.3629302978515625
3.861328125,6904.0,0.36298319697380066
3.861328125,6904.0,0.3630360960960388
3.861328125,6904.0,0.363088995218277
3.86328125,6904.0,0.36314189434051514
3.86328125,6908.0,0.3631947934627533
3.86328125,6908.0,0.36324769258499146
3.86328125,6908.0,0.3633005917072296
3.86328125,6908.0,0.3633534908294678
3.865234375,6912.0,0.36340638995170593
3.865234375,6912.0,0.3634592890739441
3.865234375,6912.0,0.36351218819618225
3.865234375,6916.0,0.3635650873184204
3.865234375,6916.0,0.36361798644065857
3.8671875,6916.0,0.36367088556289673
3.8671875,6916.0,0.3637237846851349
3.8671875,6920.0,0.36377668380737305
3.8671875,6920.0,0.3638295829296112
3.8671875,6920.0,0.36388248205184937
3.869140625,6924.0,0.3639353811740875
3.869140625,6924.0,0.3639882802963257
3.869140625,6924.0,0.36404117941856384
3.869140625,6924.0,0.364094078540802
3.869140625,6928.0,0.36414697766304016
3.87109375,6928.0,0.3641998767852783
3.87109375,6928.0,0.3642527759075165
3.87109375,6932.0,0.36430567502975464
3.87109375,6932.0,0.3643585741519928
3.87109375,6932.0,0.36441147327423096
3.873046875,6932.0,0.3644643723964691
3.873046875,6936.0,0.3645172715187073
3.873046875,6936.0,0.36457017064094543
3.873046875,6936.0,0.3646230697631836
3.875,6940.0,0.36467596888542175
3.875,6940.0,0.3647288680076599
3.875,6940.0,0.36478176712989807
3.875,6940.0,0.36483466625213623
3.876953125,6944.0,0.3648875653743744
3.876953125,6944.0,0.36494046449661255
3.876953125,6944.0,0.3649933636188507
3.876953125,6948.0,0.36504626274108887
3.87890625,6948.0,0.365099161863327
3.87890625,6948.0,0.3651520609855652
3.87890625,6948.0,0.36520496010780334
3.880859375,6952.0,0.3652578592300415
3.880859375,6952.0,0.36531075835227966
3.880859375,6952.0,0.3653636574745178
3.880859375,6956.0,0.365416556596756
3.8828125,6956.0,0.36546945571899414
3.8828125,6956.0,0.3655223548412323
3.8828125,6956.0,0.36557525396347046
3.884765625,6960.0,0.3656281530857086
3.884765625,6960.0,0.3656810522079468
3.884765625,6960.0,0.36573395133018494
3.88671875,6964.0,0.3657868504524231
3.88671875,6964.0,0.36583974957466125
3.88671875,6964.0,0.3658926486968994
3.888671875,6964.0,0.3659455478191376
3.888671875,6968.0,0.36599844694137573
3.888671875,6968.0,0.3660513460636139
3.890625,6968.0,0.36610424518585205
3.890625,6968.0,0.3661571443080902
3.892578125,6972.0,0.36621004343032837
3.892578125,6972.0,0.36626294255256653
3.892578125,6972.0,0.3663158416748047
3.89453125,6976.0,0.36636874079704285
3.89453125,6976.0,0.366421639919281
3.89453125,6976.0,0.36647453904151917
3.896484375,6976.0,0.3665274381637573
3.896484375,6980.0,0.3665803372859955
3.8984375,6980.0,0.36663323640823364
3.8984375,6980.0,0.3666861355304718
3.8984375,6984.0,0.36673903465270996
3.900390625,6984.0,0.3667919337749481
3.900390625,6984.0,0.3668448328971863
3.90234375,6984.0,0.36689773201942444
3.90234375,6988.0,0.3669506311416626
3.904296875,6988.0,0.36700353026390076
3.904296875,6988.0,0.3670564293861389
3.904296875,6992.0,0.3671093285083771
3.90625,6992.0,0.36716222763061523
3.90625,6992.0,0.3672151267528534
3.908203125,6992.0,0.36726802587509155
3.908203125,6996.0,0.3673209249973297
3.91015625,6996.0,0.36737382411956787
3.91015625,6996.0,0.36742672324180603
3.912109375,7000.0,0.3674796223640442
3.912109375,7000.0,0.36753252148628235
3.9140625,7000.0,0.3675854206085205
3.9140625,7000.0,0.36763831973075867
3.916015625,7004.0,0.3676912188529968
3.916015625,7004.0,0.367744117975235
3.91796875,7004.0,0.36779701709747314
3.91796875,7008.0,0.3678499162197113
3.919921875,7008.0,0.36790281534194946
3.919921875,7008.0,0.3679557144641876
3.921875,7008.0,0.3680086135864258
3.921875,7012.0,0.36806151270866394
3.923828125,7012.0,0.3681144118309021
3.923828125,7012.0,0.36816731095314026
3.92578125,7016.0,0.3682202100753784
3.92578125,7016.0,0.3682731091976166
3.927734375,7016.0,0.36832600831985474
3.927734375,7016.0,0.3683789074420929
3.9296875,7020.0,0.36843180656433105
3.9296875,7020.0,0.3684847056865692
3.931640625,7020.0,0.3685376048088074
3.931640625,7024.0,0.36859050393104553
3.93359375,7024.0,0.3686434030532837
3.93359375,7024.0,0.36869630217552185
3.935546875,7024.0,0.36874920129776
3.935546875,7028.0,0.36880210041999817
3.9375,7028.0,0.36885499954223633
3.9375,7028.0,0.3689078986644745
3.939453125,7028.0,0.36896079778671265
3.939453125,7032.0,0.3690136969089508
3.94140625,7032.0,0.36906659603118896
3.94140625,7032.0,0.3691194951534271
3.943359375,7036.0,0.3691723942756653
3.943359375,7036.0,0.36922529339790344
3.943359375,7036.0,0.3692781925201416
3.9453125,7036.0,0.36933109164237976
3.9453125,7040.0,0.3693839907646179
3.947265625,7040.0,0.3694368898868561
3.947265625,7040.0,0.36948978900909424
3.94921875,7044.0,0.3695426881313324
3.94921875,7044.0,0.36959558725357056
3.94921875,7044.0,0.3696484863758087
3.951171875,7044.0,0.3697013854980469
3.951171875,7048.0,0.36975428462028503
3.951171875,7048.0,0.3698071837425232
3.953125,7048.0,0.36986008286476135
3.953125,7052.0,0.3699129819869995
3.955078125,7052.0,0.36996588110923767
3.955078125,7052.0,0.37001878023147583
3.955078125,7052.0,0.370071679353714
3.95703125,7056.0,0.37012457847595215
3.95703125,7056.0,0.3701774775981903
3.958984375,7056.0,0.37023037672042847
3.958984375,7060.0,0.3702832758426666
3.958984375,7060.0,0.3703361749649048
3.9609375,7060.0,0.37038907408714294
3.9609375,7060.0,0.3704419732093811
3.9609375,7064.0,0.37049487233161926
3.962890625,7064.0,0.3705477714538574
3.962890625,7064.0,0.3706006705760956
3.96484375,7068.0,0.37065356969833374
3.96484375,7068.0,0.3707064688205719
3.966796875,7068.0,0.37075936794281006
3.966796875,7068.0,0.3708122670650482
3.96875,7072.0,0.3708651661872864
3.96875,7072.0,0.37091806530952454
3.970703125,7072.0,0.3709709644317627
3.970703125,7076.0,0.37102386355400085
3.97265625,7076.0,0.371076762676239
3.97265625,7076.0,0.3711296617984772
3.974609375,7076.0,0.37118256092071533
3.974609375,7080.0,0.3712354600429535
3.9765625,7080.0,0.37128835916519165
3.978515625,7080.0,0.3713412582874298
3.978515625,7084.0,0.37139415740966797
3.98046875,7084.0,0.37144705653190613
3.98046875,7084.0,0.3714999556541443
3.982421875,7084.0,0.37155285477638245
3.984375,7088.0,0.3716057538986206
3.984375,7088.0,0.37165865302085876
3.986328125,7088.0,0.3717115521430969
3.98828125,7088.0,0.3717644512653351
3.990234375,7092.0,0.37181735038757324
3.990234375,7092.0,0.3718702495098114
3.9921875,7092.0,0.37192314863204956
3.994140625,7096.0,0.3719760477542877
3.99609375,7096.0,0.3720289468765259
3.99609375,7096.0,0.37208184599876404
3.998046875,7096.0,0.3721347451210022
4.0,7100.0,0.37218764424324036
4.0,7100.0,0.3722405433654785
4.00390625,7100.0,0.3722934424877167
4.00390625,7104.0,0.37234634160995483
4.0078125,7104.0,0.372399240732193
4.0078125,7104.0,0.37245213985443115
4.0078125,7104.0,0.3725050389766693
4.01171875,7108.0,0.37255793809890747
4.01171875,7108.0,0.37261083722114563
4.015625,7108.0,0.3726637363433838
4.015625,7112.0,0.37271663546562195
4.015625,7112.0,0.3727695345878601
4.01953125,7112.0,0.37282243371009827
4.01953125,7112.0,0.3728753328323364
4.0234375,7116.0,0.3729282319545746
4.0234375,7116.0,0.37298113107681274
4.02734375,7116.0,0.3730340301990509
4.02734375,7120.0,0.37308692932128906
4.02734375,7120.0,0.3731398284435272
4.03125,7120.0,0.3731927275657654
4.03125,7120.0,0.37324562668800354
4.03515625,7124.0,0.3732985258102417
4.03515625,7124.0,0.37335142493247986
4.03515625,7124.0,0.373404324054718
4.0390625,7128.0,0.3734572231769562
4.0390625,7128.0,0.37351012229919434
4.04296875,7128.0,0.3735630214214325
4.04296875,7128.0,0.37361592054367065
4.04296875,7132.0,0.3736688196659088
4.046875,7132.0,0.373721718788147
4.046875,7132.0,0.37377461791038513
4.05078125,7136.0,0.3738275170326233
4.05078125,7136.0,0.37388041615486145
4.05078125,7136.0,0.3739333152770996
4.05078125,7136.0,0.37398621439933777
4.0546875,7140.0,0.3740391135215759
4.0546875,7140.0,0.3740920126438141
4.0546875,7140.0,0.37414491176605225
4.0546875,7144.0,0.3741978108882904
4.05859375,7144.0,0.37425071001052856
4.05859375,7144.0,0.3743036091327667
4.05859375,7144.0,0.3743565082550049
4.05859375,7148.0,0.37440940737724304
4.05859375,7148.0,0.3744623064994812
4.05859375,7148.0,0.37451520562171936
4.05859375,7152.0,0.3745681047439575
4.05859375,7152.0,0.3746210038661957
4.05859375,7152.0,0.37467390298843384
4.05859375,7152.0,0.374726802110672
4.05859375,7156.0,0.37477970123291016
4.05859375,7156.0,0.3748326003551483
4.05859375,7156.0,0.3748854994773865
4.05859375,7156.0,0.37493839859962463
4.05859375,7160.0,0.3749912977218628
4.05859375,7160.0,0.37504419684410095
4.05859375,7160.0,0.3750970959663391
4.05859375,7164.0,0.37514999508857727
4.05859375,7164.0,0.37520289421081543
4.05859375,7164.0,0.3752557933330536
4.0546875,7164.0,0.37530869245529175
4.0546875,7168.0,0.3753615915775299
4.0546875,7168.0,0.37541449069976807
4.0546875,7168.0,0.3754673898220062
4.0546875,7172.0,0.3755202889442444
4.0546875,7172.0,0.37557318806648254
4.0546875,7172.0,0.3756260871887207
4.0546875,7172.0,0.37567898631095886
4.05078125,7176.0,0.375731885433197
4.05078125,7176.0,0.3757847845554352
4.05078125,7176.0,0.37583768367767334
4.05078125,7180.0,0.3758905827999115
4.05078125,7180.0,0.37594348192214966
4.05078125,7180.0,0.3759963810443878
4.046875,7180.0,0.376049280166626
4.046875,7184.0,0.37610217928886414
4.046875,7184.0,0.3761550784111023
4.046875,7184.0,0.37620797753334045
4.046875,7188.0,0.3762608766555786
4.046875,7188.0,0.3763137757778168
4.04296875,7188.0,0.37636667490005493
4.04296875,7188.0,0.3764195740222931
4.04296875,7192.0,0.37647247314453125
4.04296875,7192.0,0.3765253722667694
4.04296875,7192.0,0.37657827138900757
4.04296875,7196.0,0.3766311705112457
4.04296875,7196.0,0.3766840696334839
4.04296875,7196.0,0.37673696875572205
4.04296875,7196.0,0.3767898678779602
4.04296875,7200.0,0.37684276700019836
4.04296875,7200.0,0.3768956661224365
4.04296875,7200.0,0.3769485652446747
4.04296875,7204.0,0.37700146436691284
4.04296875,7204.0,0.377054363489151
4.04296875,7204.0,0.37710726261138916
4.04296875,7204.0,0.3771601617336273
4.04296875,7208.0,0.3772130608558655
4.04296875,7208.0,0.37726595997810364
4.04296875,7208.0,0.3773188591003418
4.04296875,7212.0,0.37737175822257996
4.04296875,7212.0,0.3774246573448181
4.046875,7212.0,0.3774775564670563
4.046875,7212.0,0.37753045558929443
4.046875,7216.0,0.3775833547115326
4.046875,7216.0,0.37763625383377075
4.046875,7216.0,0.3776891529560089
4.046875,7220.0,0.37774205207824707
4.05078125,7220.0,0.37779495120048523
4.05078125,7220.0,0.3778478503227234
4.05078125,7220.0,0.37790074944496155
4.05078125,7224.0,0.3779536485671997
4.0546875,7224.0,0.37800654768943787
4.0546875,7224.0,0.378059446811676
4.0546875,7224.0,0.3781123459339142
4.0546875,7228.0,0.37816524505615234
4.05859375,7228.0,0.3782181441783905
4.05859375,7228.0,0.37827104330062866
4.05859375,7232.0,0.3783239424228668
4.05859375,7232.0,0.378376841545105
4.0625,7232.0,0.37842974066734314
4.0625,7232.0,0.3784826397895813
4.0625,7236.0,0.37853553891181946
4.0625,7236.0,0.3785884380340576
4.06640625,7236.0,0.3786413371562958
4.06640625,7240.0,0.37869423627853394
4.06640625,7240.0,0.3787471354007721
4.06640625,7240.0,0.37880003452301025
4.0703125,7240.0,0.3788529336452484
4.0703125,7244.0,0.3789058327674866
4.0703125,7244.0,0.37895873188972473
4.0703125,7244.0,0.3790116310119629
4.07421875,7248.0,0.37906453013420105
4.07421875,7248.0,0.3791174292564392
4.07421875,7248.0,0.37917032837867737
4.07421875,7248.0,0.3792232275009155
4.07421875,7252.0,0.3792761266231537
4.078125,7252.0,0.37932902574539185
4.078125,7252.0,0.37938192486763
4.078125,7256.0,0.37943482398986816
4.078125,7256.0,0.3794877231121063
4.078125,7256.0,0.3795406222343445
4.078125,7256.0,0.37959352135658264
4.078125,7260.0,0.3796464204788208
4.08203125,7260.0,0.37969931960105896
4.08203125,7260.0,0.3797522187232971
4.08203125,7264.0,0.3798051178455353
4.08203125,7264.0,0.37985801696777344
4.08203125,7264.0,0.3799109160900116
4.08203125,7264.0,0.37996381521224976
4.08203125,7268.0,0.3800167143344879
4.08203125,7268.0,0.3800696134567261
4.08203125,7268.0,0.38012251257896423
4.08203125,7272.0,0.3801754117012024
4.08203125,7272.0,0.38022831082344055
4.08203125,7272.0,0.3802812099456787
4.08203125,7272.0,0.38033410906791687
4.08203125,7276.0,0.38038700819015503
4.08203125,7276.0,0.3804399073123932
4.08203125,7276.0,0.38049280643463135
4.08203125,7280.0,0.3805457055568695
4.08203125,7280.0,0.38059860467910767
4.08203125,7280.0,0.3806515038013458
4.08203125,7280.0,0.380704402923584
4.08203125,7284.0,0.38075730204582214
4.08203125,7284.0,0.3808102011680603
4.08203125,7284.0,0.38086310029029846
4.08203125,7288.0,0.3809159994125366
4.08203125,7288.0,0.3809688985347748
4.08203125,7288.0,0.38102179765701294
4.0859375,7288.0,0.3810746967792511
4.0859375,7292.0,0.38112759590148926
4.0859375,7292.0,0.3811804950237274
4.0859375,7292.0,0.3812333941459656
4.0859375,7296.0,0.38128629326820374
4.0859375,7296.0,0.3813391923904419
4.0859375,7296.0,0.38139209151268005
4.0859375,7296.0,0.3814449906349182
4.0859375,7300.0,0.38149788975715637
4.0859375,7300.0,0.38155078887939453
4.0859375,7300.0,0.3816036880016327
4.0859375,7300.0,0.38165658712387085
4.0859375,7304.0,0.381709486246109
4.0859375,7304.0,0.38176238536834717
4.0859375,7304.0,0.3818152844905853
4.0859375,7308.0,0.3818681836128235
4.08984375,7308.0,0.38192108273506165
4.08984375,7308.0,0.3819739818572998
4.08984375,7308.0,0.38202688097953796
4.08984375,7312.0,0.3820797801017761
4.08984375,7312.0,0.3821326792240143
4.08984375,7312.0,0.38218557834625244
4.08984375,7316.0,0.3822384774684906
4.09375,7316.0,0.38229137659072876
4.09375,7316.0,0.3823442757129669
4.09375,7316.0,0.3823971748352051
4.09375,7320.0,0.38245007395744324
4.09375,7320.0,0.3825029730796814
4.09375,7320.0,0.38255587220191956
4.09765625,7324.0,0.3826087713241577
4.09765625,7324.0,0.3826616704463959
4.09765625,7324.0,0.38271456956863403
4.09765625,7324.0,0.3827674686908722
4.09765625,7328.0,0.38282036781311035
4.1015625,7328.0,0.3828732669353485
4.1015625,7328.0,0.38292616605758667
4.1015625,7332.0,0.38297906517982483
4.1015625,7332.0,0.383031964302063
4.1015625,7332.0,0.38308486342430115
4.10546875,7332.0,0.3831377625465393
4.10546875,7336.0,0.38319066166877747
4.10546875,7336.0,0.3832435607910156
4.10546875,7336.0,0.3832964599132538
4.109375,7340.0,0.38334935903549194
4.109375,7340.0,0.3834022581577301
4.109375,7340.0,0.38345515727996826
4.109375,7340.0,0.3835080564022064
4.11328125,7344.0,0.3835609555244446
4.11328125,7344.0,0.38361385464668274
4.11328125,7344.0,0.3836667537689209
4.1171875,7348.0,0.38371965289115906
4.1171875,7348.0,0.3837725520133972
4.1171875,7348.0,0.3838254511356354
4.1171875,7348.0,0.38387835025787354
4.12109375,7352.0,0.3839312493801117
4.12109375,7352.0,0.38398414850234985
4.12109375,7352.0,0.384037047624588
4.125,7356.0,0.38408994674682617
4.125,7356.0,0.38414284586906433
4.125,7356.0,0.3841957449913025
4.12890625,7356.0,0.38424864411354065
4.12890625,7360.0,0.3843015432357788
4.12890625,7360.0,0.38435444235801697
4.1328125,7360.0,0.3844073414802551
4.1328125,7364.0,0.3844602406024933
4.1328125,7364.0,0.38451313972473145
4.13671875,7364.0,0.3845660388469696
4.13671875,7364.0,0.38461893796920776
4.13671875,7368.0,0.3846718370914459
4.140625,7368.0,0.3847247362136841
4.140625,7368.0,0.38477763533592224
4.140625,7372.0,0.3848305344581604
4.140625,7372.0,0.38488343358039856
4.14453125,7372.0,0.3849363327026367
4.14453125,7372.0,0.3849892318248749
4.14453125,7376.0,0.38504213094711304
4.1484375,7376.0,0.3850950300693512
4.1484375,7376.0,0.38514792919158936
4.1484375,7376.0,0.3852008283138275
4.15234375,7380.0,0.3852537274360657
4.15234375,7380.0,0.38530662655830383
4.15234375,7380.0,0.385359525680542
4.15625,7384.0,0.38541242480278015
4.15625,7384.0,0.3854653239250183
4.15625,7384.0,0.38551822304725647
4.16015625,7384.0,0.38557112216949463
4.16015625,7388.0,0.3856240212917328
4.16015625,7388.0,0.38567692041397095
4.16015625,7388.0,0.3857298195362091
4.1640625,7392.0,0.38578271865844727
4.1640625,7392.0,0.3858356177806854
4.1640625,7392.0,0.3858885169029236
4.16796875,7392.0,0.38594141602516174
4.16796875,7396.0,0.3859943151473999
4.16796875,7396.0,0.38604721426963806
4.16796875,7396.0,0.3861001133918762
4.171875,7400.0,0.3861530125141144
4.171875,7400.0,0.38620591163635254
4.171875,7400.0,0.3862588107585907
4.171875,7400.0,0.38631170988082886
4.171875,7404.0,0.386364609003067
4.17578125,7404.0,0.3864175081253052
4.17578125,7404.0,0.38647040724754333
4.17578125,7408.0,0.3865233063697815
4.17578125,7408.0,0.38657620549201965
4.17578125,7408.0,0.3866291046142578
4.17578125,7408.0,0.38668200373649597
4.1796875,7412.0,0.38673490285873413
4.1796875,7412.0,0.3867878019809723
4.1796875,7412.0,0.38684070110321045
4.1796875,7416.0,0.3868936002254486
4.1796875,7416.0,0.38694649934768677
4.1796875,7416.0,0.3869993984699249
4.1796875,7416.0,0.3870522975921631
4.1796875,7420.0,0.38710519671440125
4.1796875,7420.0,0.3871580958366394
4.1796875,7420.0,0.38721099495887756
4.1796875,7424.0,0.3872638940811157
4.1796875,7424.0,0.3873167932033539
4.1796875,7424.0,0.38736969232559204
4.1796875,7424.0,0.3874225914478302
4.1796875,7428.0,0.38747549057006836
4.1796875,7428.0,0.3875283896923065
4.1796875,7428.0,0.3875812888145447
4.1796875,7432.0,0.38763418793678284
4.1796875,7432.0,0.387687087059021
4.17578125,7432.0,0.38773998618125916
4.17578125,7432.0,0.3877928853034973
4.17578125,7436.0,0.3878457844257355
4.17578125,7436.0,0.38789868354797363
4.17578125,7436.0,0.3879515826702118
4.17578125,7440.0,0.38800448179244995
4.17578125,7440.0,0.3880573809146881
4.17578125,7440.0,0.38811028003692627
4.17578125,7440.0,0.38816317915916443
4.17578125,7444.0,0.3882160782814026
4.17578125,7444.0,0.38826897740364075
4.171875,7444.0,0.3883218765258789
4.171875,7448.0,0.38837477564811707
4.171875,7448.0,0.3884276747703552
4.171875,7448.0,0.3884805738925934
4.171875,7448.0,0.38853347301483154
4.171875,7452.0,0.3885863721370697
4.171875,7452.0,0.38863927125930786
4.171875,7452.0,0.388692170381546
4.171875,7456.0,0.3887450695037842
4.171875,7456.0,0.38879796862602234
4.171875,7456.0,0.3888508677482605
4.171875,7456.0,0.38890376687049866
4.171875,7460.0,0.3889566659927368
4.171875,7460.0,0.389009565114975
4.16796875,7460.0,0.38906246423721313
4.16796875,7460.0,0.3891153633594513
4.16796875,7464.0,0.38916826248168945
4.16796875,7464.0,0.3892211616039276
4.16796875,7464.0,0.38927406072616577
4.16796875,7468.0,0.38932695984840393
4.16796875,7468.0,0.3893798589706421
4.171875,7468.0,0.38943275809288025
4.171875,7468.0,0.3894856572151184
4.171875,7472.0,0.38953855633735657
4.171875,7472.0,0.3895914554595947
4.171875,7472.0,0.3896443545818329
4.171875,7476.0,0.38969725370407104
4.171875,7476.0,0.3897501528263092
4.171875,7476.0,0.38980305194854736
4.171875,7476.0,0.3898559510707855
4.171875,7480.0,0.3899088501930237
4.171875,7480.0,0.38996174931526184
4.171875,7480.0,0.3900146484375
4.171875,7484.0,0.39006754755973816
4.171875,7484.0,0.3901204466819763
4.171875,7484.0,0.3901733458042145
4.171875,7484.0,0.39022624492645264
4.171875,7488.0,0.3902791440486908
4.171875,7488.0,0.39033204317092896
4.171875,7488.0,0.3903849422931671
4.17578125,7492.0,0.3904378414154053
4.17578125,7492.0,0.39049074053764343
4.17578125,7492.0,0.3905436396598816
4.17578125,7492.0,0.39059653878211975
4.17578125,7496.0,0.3906494379043579
4.17578125,7496.0,0.39070233702659607
4.17578125,7496.0,0.39075523614883423
4.17578125,7500.0,0.3908081352710724
4.17578125,7500.0,0.39086103439331055
4.17578125,7500.0,0.3909139335155487
4.17578125,7500.0,0.39096683263778687
4.17578125,7504.0,0.391019731760025
4.17578125,7504.0,0.3910726308822632
4.17578125,7504.0,0.39112553000450134
4.17578125,7508.0,0.3911784291267395
4.17578125,7508.0,0.39123132824897766
4.17578125,7508.0,0.3912842273712158
4.17578125,7508.0,0.391337126493454
4.17578125,7512.0,0.39139002561569214
4.17578125,7512.0,0.3914429247379303
4.17578125,7512.0,0.39149582386016846
4.17578125,7516.0,0.3915487229824066
4.17578125,7516.0,0.3916016221046448
4.17578125,7516.0,0.39165452122688293
4.17578125,7516.0,0.3917074203491211
4.17578125,7520.0,0.39176031947135925
4.17578125,7520.0,0.3918132185935974
4.17578125,7520.0,0.39186611771583557
4.17578125,7524.0,0.39191901683807373
4.17578125,7524.0,0.3919719159603119
4.17578125,7524.0,0.39202481508255005
4.17578125,7524.0,0.3920777142047882
4.17578125,7528.0,0.39213061332702637
4.17578125,7528.0,0.3921835124492645
4.17578125,7528.0,0.3922364115715027
4.17578125,7532.0,0.39228931069374084
4.17578125,7532.0,0.392342209815979
4.17578125,7532.0,0.39239510893821716
4.171875,7532.0,0.3924480080604553
4.171875,7536.0,0.3925009071826935
4.171875,7536.0,0.39255380630493164
4.171875,7536.0,0.3926067054271698
4.171875,7540.0,0.39265960454940796
4.171875,7540.0,0.3927125036716461
4.171875,7540.0,0.3927654027938843
4.171875,7540.0,0.39281830191612244
4.171875,7544.0,0.3928712010383606
4.171875,7544.0,0.39292410016059875
4.171875,7544.0,0.3929769992828369
4.16796875,7544.0,0.3930298984050751
4.16796875,7548.0,0.39308279752731323
4.16796875,7548.0,0.3931356966495514
4.16796875,7548.0,0.39318859577178955
4.16796875,7552.0,0.3932414948940277
4.16796875,7552.0,0.39329439401626587
4.16796875,7552.0,0.39334729313850403
4.16796875,7552.0,0.3934001922607422
4.16796875,7556.0,0.39345309138298035
4.16796875,7556.0,0.3935059905052185
4.16796875,7556.0,0.39355888962745667
4.16796875,7560.0,0.3936117887496948
4.1640625,7560.0,0.393664687871933
4.1640625,7560.0,0.39371758699417114
4.1640625,7560.0,0.3937704861164093
4.1640625,7564.0,0.39382338523864746
4.1640625,7564.0,0.3938762843608856
4.1640625,7564.0,0.3939291834831238
4.1640625,7568.0,0.39398208260536194
4.1640625,7568.0,0.3940349817276001
4.1640625,7568.0,0.39408788084983826
4.1640625,7568.0,0.3941407799720764
4.1640625,7572.0,0.3941936790943146
4.1640625,7572.0,0.39424657821655273
4.1640625,7572.0,0.3942994773387909
4.1640625,7576.0,0.39435237646102905
4.1640625,7576.0,0.3944052755832672
4.1640625,7576.0,0.39445817470550537
4.1640625,7576.0,0.39451107382774353
4.1640625,7580.0,0.3945639729499817
4.1640625,7580.0,0.39461687207221985
4.1640625,7580.0,0.394669771194458
4.1640625,7584.0,0.39472267031669617
4.1640625,7584.0,0.3947755694389343
4.1640625,7584.0,0.3948284685611725
4.1640625,7584.0,0.39488136768341064
4.16796875,7588.0,0.3949342668056488
4.16796875,7588.0,0.39498716592788696
4.16796875,7588.0,0.3950400650501251
4.16796875,7592.0,0.3950929641723633
4.16796875,7592.0,0.39514586329460144
4.16796875,7592.0,0.3951987624168396
4.16796875,7592.0,0.39525166153907776
4.16796875,7596.0,0.3953045606613159
4.16796875,7596.0,0.3953574597835541
4.16796875,7596.0,0.39541035890579224
4.16796875,7600.0,0.3954632580280304
4.16796875,7600.0,0.39551615715026855
4.16796875,7600.0,0.3955690562725067
4.16796875,7600.0,0.3956219553947449
4.16796875,7604.0,0.39567485451698303
4.16796875,7604.0,0.3957277536392212
4.16796875,7604.0,0.39578065276145935
4.171875,7608.0,0.3958335518836975
4.171875,7608.0,0.39588645100593567
4.171875,7608.0,0.39593935012817383
4.171875,7608.0,0.395992249250412
4.171875,7612.0,0.39604514837265015
4.171875,7612.0,0.3960980474948883
4.171875,7612.0,0.39615094661712646
4.171875,7616.0,0.3962038457393646
4.171875,7616.0,0.3962567448616028
4.171875,7616.0,0.39630964398384094
4.171875,7616.0,0.3963625431060791
4.17578125,7620.0,0.39641544222831726
4.17578125,7620.0,0.3964683413505554
4.17578125,7620.0,0.3965212404727936
4.17578125,7624.0,0.39657413959503174
4.17578125,7624.0,0.3966270387172699
4.17578125,7624.0,0.39667993783950806
4.17578125,7624.0,0.3967328369617462
4.17578125,7628.0,0.3967857360839844
4.1796875,7628.0,0.39683863520622253
4.1796875,7628.0,0.3968915343284607
4.1796875,7632.0,0.39694443345069885
4.1796875,7632.0,0.396997332572937
4.1796875,7632.0,0.39705023169517517
4.1796875,7632.0,0.39710313081741333
4.18359375,7636.0,0.3971560299396515
4.18359375,7636.0,0.39720892906188965
4.18359375,7636.0,0.3972618281841278
4.18359375,7636.0,0.39731472730636597
4.18359375,7640.0,0.3973676264286041
4.1875,7640.0,0.3974205255508423
4.1875,7640.0,0.39747342467308044
4.1875,7644.0,0.3975263237953186
4.1875,7644.0,0.39757922291755676
4.1875,7644.0,0.3976321220397949
4.19140625,7644.0,0.3976850211620331
4.19140625,7648.0,0.39773792028427124
4.19140625,7648.0,0.3977908194065094
4.19140625,7648.0,0.39784371852874756
4.19140625,7652.0,0.3978966176509857
4.1953125,7652.0,0.3979495167732239
4.1953125,7652.0,0.39800241589546204
4.1953125,7652.0,0.3980553150177002
4.1953125,7656.0,0.39810821413993835
4.1953125,7656.0,0.3981611132621765
4.1953125,7656.0,0.3982140123844147
4.1953125,7660.0,0.39826691150665283
4.19921875,7660.0,0.398319810628891
4.19921875,7660.0,0.39837270975112915
4.19921875,7660.0,0.3984256088733673
4.19921875,7664.0,0.39847850799560547
4.19921875,7664.0,0.39853140711784363
4.19921875,7664.0,0.3985843062400818
4.19921875,7668.0,0.39863720536231995
4.19921875,7668.0,0.3986901044845581
4.19921875,7668.0,0.39874300360679626
4.19921875,7668.0,0.3987959027290344
4.19921875,7672.0,0.3988488018512726
4.19921875,7672.0,0.39890170097351074
4.19921875,7672.0,0.3989546000957489
4.19921875,7676.0,0.39900749921798706
4.19921875,7676.0,0.3990603983402252
4.19921875,7676.0,0.3991132974624634
4.19921875,7676.0,0.39916619658470154
4.19921875,7680.0,0.3992190957069397
4.1953125,7680.0,0.39927199482917786
4.1953125,7680.0,0.399324893951416
4.1953125,7684.0,0.3993777930736542
4.1953125,7684.0,0.39943069219589233
4.1953125,7684.0,0.3994835913181305
4.1953125,7684.0,0.39953649044036865
4.1953125,7688.0,0.3995893895626068
4.1953125,7688.0,0.39964228868484497
4.1953125,7688.0,0.39969518780708313
4.1953125,7692.0,0.3997480869293213
4.19140625,7692.0,0.39980098605155945
4.19140625,7692.0,0.3998538851737976
4.19140625,7692.0,0.39990678429603577
4.19140625,7696.0,0.3999596834182739
4.19140625,7696.0,0.4000125825405121
4.19140625,7696.0,0.40006548166275024
4.19140625,7700.0,0.4001183807849884
4.19140625,7700.0,0.40017127990722656
4.1875,7700.0,0.4002241790294647
4.1875,7700.0,0.4002770781517029
4.1875,7704.0,0.40032997727394104
4.1875,7704.0,0.4003828763961792
4.1875,7704.0,0.40043577551841736
4.1875,7708.0,0.4004886746406555
4.1875,7708.0,0.4005415737628937
4.1875,7708.0,0.40059447288513184
4.18359375,7708.0,0.40064737200737
4.18359375,7712.0,0.40070027112960815
4.18359375,7712.0,0.4007531702518463
4.18359375,7712.0,0.4008060693740845
4.18359375,7716.0,0.40085896849632263
4.18359375,7716.0,0.4009118676185608
4.18359375,7716.0,0.40096476674079895
4.18359375,7716.0,0.4010176658630371
4.18359375,7720.0,0.40107056498527527
4.18359375,7720.0,0.4011234641075134
4.1796875,7720.0,0.4011763632297516
4.1796875,7724.0,0.40122926235198975
4.1796875,7724.0,0.4012821614742279
4.1796875,7724.0,0.40133506059646606
4.1796875,7724.0,0.4013879597187042
4.1796875,7728.0,0.4014408588409424
4.1796875,7728.0,0.40149375796318054
4.1796875,7728.0,0.4015466570854187
4.1796875,7732.0,0.40159955620765686
4.1796875,7732.0,0.401652455329895
4.1796875,7732.0,0.4017053544521332
4.1796875,7732.0,0.40175825357437134
4.1796875,7736.0,0.4018111526966095
4.1796875,7736.0,0.40186405181884766
4.1796875,7736.0,0.4019169509410858
4.1796875,7736.0,0.401969850063324
4.1796875,7740.0,0.40202274918556213
4.1796875,7740.0,0.4020756483078003
4.1796875,7740.0,0.40212854743003845
4.1796875,7744.0,0.4021814465522766
4.1796875,7744.0,0.40223434567451477
4.1796875,7744.0,0.40228724479675293
4.1796875,7744.0,0.4023401439189911
4.1796875,7748.0,0.40239304304122925
4.1796875,7748.0,0.4024459421634674
4.1796875,7748.0,0.40249884128570557
4.1796875,7752.0,0.4025517404079437
4.1796875,7752.0,0.4026046395301819
4.1796875,7752.0,0.40265753865242004
4.1796875,7752.0,0.4027104377746582
4.1796875,7756.0,0.40276333689689636
4.1796875,7756.0,0.4028162360191345
4.1796875,7756.0,0.4028691351413727
4.1796875,7760.0,0.40292203426361084
4.1796875,7760.0,0.402974933385849
4.1796875,7760.0,0.40302783250808716
4.1796875,7760.0,0.4030807316303253
4.1796875,7764.0,0.4031336307525635
4.1796875,7764.0,0.40318652987480164
4.1796875,7764.0,0.4032394289970398
4.1796875,7768.0,0.40329232811927795
4.1796875,7768.0,0.4033452272415161
4.1796875,7768.0,0.4033981263637543
4.1796875,7768.0,0.40345102548599243
4.1796875,7772.0,0.4035039246082306
4.17578125,7772.0,0.40355682373046875
4.17578125,7772.0,0.4036097228527069
4.17578125,7776.0,0.40366262197494507
4.17578125,7776.0,0.4037155210971832
4.17578125,7776.0,0.4037684202194214
4.17578125,7776.0,0.40382131934165955
4.17578125,7780.0,0.4038742184638977
4.171875,7780.0,0.40392711758613586
4.171875,7780.0,0.403980016708374
4.171875,7784.0,0.4040329158306122
4.171875,7784.0,0.40408581495285034
4.171875,7784.0,0.4041387140750885
4.16796875,7784.0,0.40419161319732666
4.16796875,7788.0,0.4042445123195648
4.16796875,7788.0,0.404297411441803
4.16796875,7788.0,0.40435031056404114
4.16796875,7792.0,0.4044032096862793
4.1640625,7792.0,0.40445610880851746
4.1640625,7792.0,0.4045090079307556
4.1640625,7792.0,0.4045619070529938
4.1640625,7796.0,0.40461480617523193
4.16015625,7796.0,0.4046677052974701
4.16015625,7796.0,0.40472060441970825
4.16015625,7800.0,0.4047735035419464
4.16015625,7800.0,0.40482640266418457
4.15625,7800.0,0.40487930178642273
4.15625,7800.0,0.4049322009086609
4.15625,7804.0,0.40498510003089905
4.15234375,7804.0,0.4050379991531372
4.15234375,7804.0,0.40509089827537537
4.15234375,7808.0,0.4051437973976135
4.15234375,7808.0,0.4051966965198517
4.1484375,7808.0,0.40524959564208984
4.1484375,7808.0,0.405302494764328
4.1484375,7812.0,0.40535539388656616
4.1484375,7812.0,0.4054082930088043
4.14453125,7812.0,0.4054611921310425
4.14453125,7816.0,0.40551409125328064
4.14453125,7816.0,0.4055669903755188
4.140625,7816.0,0.40561988949775696
4.140625,7816.0,0.4056727886199951
4.140625,7820.0,0.4057256877422333
4.140625,7820.0,0.40577858686447144
4.140625,7820.0,0.4058314859867096
4.13671875,7824.0,0.40588438510894775
4.13671875,7824.0,0.4059372842311859
4.13671875,7824.0,0.4059901833534241
4.13671875,7824.0,0.40604308247566223
4.1328125,7828.0,0.4060959815979004
4.1328125,7828.0,0.40614888072013855
4.1328125,7828.0,0.4062017798423767
4.1328125,7832.0,0.40625467896461487
4.1328125,7832.0,0.406307578086853
4.1328125,7832.0,0.4063604772090912
4.12890625,7832.0,0.40641337633132935
4.12890625,7836.0,0.4064662754535675
4.12890625,7836.0,0.40651917457580566
4.12890625,7836.0,0.4065720736980438
4.12890625,7840.0,0.406624972820282
4.12890625,7840.0,0.40667787194252014
4.12890625,7840.0,0.4067307710647583
4.12890625,7840.0,0.40678367018699646
4.125,7844.0,0.4068365693092346
4.125,7844.0,0.4068894684314728
4.125,7844.0,0.40694236755371094
4.125,7844.0,0.4069952666759491
4.125,7848.0,0.40704816579818726
4.125,7848.0,0.4071010649204254
4.125,7848.0,0.4071539640426636
4.125,7852.0,0.40720686316490173
4.125,7852.0,0.4072597622871399
4.125,7852.0,0.40731266140937805
4.125,7852.0,0.4073655605316162
4.125,7856.0,0.40741845965385437
4.125,7856.0,0.40747135877609253
4.125,7856.0,0.4075242578983307
4.125,7860.0,0.40757715702056885
4.12109375,7860.0,0.407630056142807
4.12109375,7860.0,0.40768295526504517
4.12109375,7860.0,0.4077358543872833
4.12109375,7864.0,0.4077887535095215
4.12109375,7864.0,0.40784165263175964
4.12109375,7864.0,0.4078945517539978
4.12109375,7868.0,0.40794745087623596
4.12109375,7868.0,0.4080003499984741
4.12109375,7868.0,0.4080532491207123
4.12109375,7868.0,0.40810614824295044
4.12109375,7872.0,0.4081590473651886
4.12109375,7872.0,0.40821194648742676
4.12109375,7872.0,0.4082648456096649
4.12109375,7876.0,0.4083177447319031
4.12109375,7876.0,0.40837064385414124
4.12109375,7876.0,0.4084235429763794
4.1171875,7876.0,0.40847644209861755
4.1171875,7880.0,0.4085293412208557
4.1171875,7880.0,0.40858224034309387
4.1171875,7880.0,0.40863513946533203
4.1171875,7884.0,0.4086880385875702
4.1171875,7884.0,0.40874093770980835
4.1171875,7884.0,0.4087938368320465
4.1171875,7884.0,0.40884673595428467
4.1171875,7888.0,0.4088996350765228
4.1171875,7888.0,0.408952534198761
4.1171875,7888.0,0.40900543332099915
4.11328125,7892.0,0.4090583324432373
4.11328125,7892.0,0.40911123156547546
4.11328125,7892.0,0.4091641306877136
4.11328125,7892.0,0.4092170298099518
4.11328125,7896.0,0.40926992893218994
4.11328125,7896.0,0.4093228280544281
4.11328125,7896.0,0.40937572717666626
4.11328125,7900.0,0.4094286262989044
4.109375,7900.0,0.4094815254211426
4.109375,7900.0,0.40953442454338074
4.109375,7900.0,0.4095873236656189
4.109375,7904.0,0.40964022278785706
4.109375,7904.0,0.4096931219100952
4.109375,7904.0,0.4097460210323334
4.109375,7908.0,0.40979892015457153
4.10546875,7908.0,0.4098518192768097
4.10546875,7908.0,0.40990471839904785
4.10546875,7908.0,0.409957617521286
4.10546875,7912.0,0.41001051664352417
4.10546875,7912.0,0.41006341576576233
4.10546875,7912.0,0.4101163148880005
4.10546875,7916.0,0.41016921401023865
4.1015625,7916.0,0.4102221131324768
4.1015625,7916.0,0.41027501225471497
4.1015625,7916.0,0.4103279113769531
4.1015625,7920.0,0.4103808104991913
4.1015625,7920.0,0.41043370962142944
4.09765625,7920.0,0.4104866087436676
4.09765625,7924.0,0.41053950786590576
4.09765625,7924.0,0.4105924069881439
4.09765625,7924.0,0.4106453061103821
4.09765625,7924.0,0.41069820523262024
4.09375,7928.0,0.4107511043548584
4.09375,7928.0,0.41080400347709656
4.09375,7928.0,0.4108569025993347
4.09375,7932.0,0.4109098017215729
4.08984375,7932.0,0.41096270084381104
4.08984375,7932.0,0.4110155999660492
4.08984375,7932.0,0.41106849908828735
4.08984375,7936.0,0.4111213982105255
4.08984375,7936.0,0.41117429733276367
4.0859375,7936.0,0.41122719645500183
4.0859375,7940.0,0.41128009557724
4.0859375,7940.0,0.41133299469947815
4.0859375,7940.0,0.4113858938217163
4.0859375,7940.0,0.41143879294395447
4.08203125,7944.0,0.4114916920661926
4.08203125,7944.0,0.4115445911884308
4.08203125,7944.0,0.41159749031066895
4.08203125,7948.0,0.4116503894329071
4.08203125,7948.0,0.41170328855514526
4.08203125,7948.0,0.4117561876773834
4.078125,7948.0,0.4118090867996216
4.078125,7952.0,0.41186198592185974
4.078125,7952.0,0.4119148850440979
4.078125,7952.0,0.41196778416633606
4.078125,7956.0,0.4120206832885742
4.078125,7956.0,0.4120735824108124
4.078125,7956.0,0.41212648153305054
4.078125,7956.0,0.4121793806552887
4.07421875,7960.0,0.41223227977752686
4.07421875,7960.0,0.412285178899765
4.07421875,7960.0,0.4123380780220032
4.07421875,7960.0,0.41239097714424133
4.07421875,7964.0,0.4124438762664795
4.07421875,7964.0,0.41249677538871765
4.07421875,7964.0,0.4125496745109558
4.0703125,7968.0,0.41260257363319397
4.0703125,7968.0,0.41265547275543213
4.0703125,7968.0,0.4127083718776703
4.0703125,7968.0,0.41276127099990845
4.0703125,7972.0,0.4128141701221466
4.0703125,7972.0,0.41286706924438477
4.06640625,7972.0,0.4129199683666229
4.06640625,7976.0,0.4129728674888611
4.06640625,7976.0,0.41302576661109924
4.06640625,7976.0,0.4130786657333374
4.06640625,7976.0,0.41313156485557556
4.06640625,7980.0,0.4131844639778137
4.0625,7980.0,0.4132373631000519
4.0625,7980.0,0.41329026222229004
4.0625,7984.0,0.4133431613445282
4.0625,7984.0,0.41339606046676636
4.0625,7984.0,0.4134489595890045
4.0625,7984.0,0.4135018587112427
4.05859375,7988.0,0.41355475783348083
4.05859375,7988.0,0.413607656955719
4.05859375,7988.0,0.41366055607795715
4.05859375,7992.0,0.4137134552001953
4.05859375,7992.0,0.41376635432243347
4.05859375,7992.0,0.41381925344467163
4.0546875,7992.0,0.4138721525669098
4.0546875,7996.0,0.41392505168914795
4.0546875,7996.0,0.4139779508113861
4.0546875,7996.0,0.41403084993362427
4.0546875,8000.0,0.4140837490558624
4.0546875,8000.0,0.4141366481781006
4.05078125,8000.0,0.41418954730033875
4.05078125,8000.0,0.4142424464225769
4.05078125,8004.0,0.41429534554481506
4.05078125,8004.0,0.4143482446670532
4.05078125,8004.0,0.4144011437892914
4.046875,8008.0,0.41445404291152954
4.046875,8008.0,0.4145069420337677
4.046875,8008.0,0.41455984115600586
4.046875,8008.0,0.414612740278244
4.046875,8012.0,0.4146656394004822
4.046875,8012.0,0.41471853852272034
4.04296875,8012.0,0.4147714376449585
4.04296875,8016.0,0.41482433676719666
4.04296875,8016.0,0.4148772358894348
4.04296875,8016.0,0.414930135011673
4.04296875,8016.0,0.41498303413391113
4.04296875,8020.0,0.4150359332561493
4.04296875,8020.0,0.41508883237838745
4.0390625,8020.0,0.4151417315006256
4.0390625,8024.0,0.41519463062286377
4.0390625,8024.0,0.41524752974510193
4.0390625,8024.0,0.4153004288673401
4.0390625,8024.0,0.41535332798957825
4.0390625,8028.0,0.4154062271118164
4.0390625,8028.0,0.41545912623405457
4.03515625,8028.0,0.4155120253562927
4.03515625,8032.0,0.4155649244785309
4.03515625,8032.0,0.41561782360076904
4.03515625,8032.0,0.4156707227230072
4.03515625,8032.0,0.41572362184524536
4.03515625,8036.0,0.4157765209674835
4.03515625,8036.0,0.4158294200897217
4.03515625,8036.0,0.41588231921195984
4.03515625,8040.0,0.415935218334198
4.03515625,8040.0,0.41598811745643616
4.03125,8040.0,0.4160410165786743
4.03125,8040.0,0.4160939157009125
4.03125,8044.0,0.41614681482315063
4.03125,8044.0,0.4161997139453888
4.03125,8044.0,0.41625261306762695
4.03125,8048.0,0.4163055121898651
4.03125,8048.0,0.41635841131210327
4.03125,8048.0,0.41641131043434143
4.03125,8048.0,0.4164642095565796
4.03125,8052.0,0.41651710867881775
4.03125,8052.0,0.4165700078010559
4.03125,8052.0,0.41662290692329407
4.03125,8056.0,0.4166758060455322
4.02734375,8056.0,0.4167287051677704
4.02734375,8056.0,0.41678160429000854
4.02734375,8056.0,0.4168345034122467
4.02734375,8060.0,0.41688740253448486
4.02734375,8060.0,0.416940301656723
4.02734375,8060.0,0.4169932007789612
4.02734375,8064.0,0.41704609990119934
4.02734375,8064.0,0.4170989990234375
4.02734375,8064.0,0.41715189814567566
4.02734375,8064.0,0.4172047972679138
4.02734375,8068.0,0.417257696390152
4.02734375,8068.0,0.41731059551239014
4.02734375,8068.0,0.4173634946346283
4.02734375,8072.0,0.41741639375686646
4.0234375,8072.0,0.4174692928791046
4.0234375,8072.0,0.4175221920013428
4.0234375,8072.0,0.41757509112358093
4.0234375,8076.0,0.4176279902458191
4.0234375,8076.0,0.41768088936805725
4.0234375,8076.0,0.4177337884902954
4.0234375,8080.0,0.41778668761253357
4.0234375,8080.0,0.41783958673477173
4.0234375,8080.0,0.4178924858570099
4.0234375,8080.0,0.41794538497924805
4.0234375,8084.0,0.4179982841014862
4.0234375,8084.0,0.41805118322372437
4.0234375,8084.0,0.4181040823459625
4.0234375,8084.0,0.4181569814682007
4.01953125,8088.0,0.41820988059043884
4.01953125,8088.0,0.418262779712677
4.01953125,8088.0,0.41831567883491516
4.01953125,8092.0,0.4183685779571533
4.01953125,8092.0,0.4184214770793915
4.01953125,8092.0,0.41847437620162964
4.01953125,8092.0,0.4185272753238678
4.01953125,8096.0,0.41858017444610596
4.01953125,8096.0,0.4186330735683441
4.01953125,8096.0,0.4186859726905823
4.01953125,8100.0,0.41873887181282043
4.01953125,8100.0,0.4187917709350586
4.01953125,8100.0,0.41884467005729675
4.01953125,8100.0,0.4188975691795349
4.015625,8104.0,0.41895046830177307
4.015625,8104.0,0.41900336742401123
4.015625,8104.0,0.4190562665462494
4.015625,8108.0,0.41910916566848755
4.015625,8108.0,0.4191620647907257
4.015625,8108.0,0.41921496391296387
4.015625,8108.0,0.419267863035202
4.015625,8112.0,0.4193207621574402
4.015625,8112.0,0.41937366127967834
4.015625,8112.0,0.4194265604019165
4.015625,8116.0,0.41947945952415466
4.015625,8116.0,0.4195323586463928
4.015625,8116.0,0.419585257768631
4.015625,8116.0,0.41963815689086914
4.015625,8120.0,0.4196910560131073
4.015625,8120.0,0.41974395513534546
4.01171875,8120.0,0.4197968542575836
4.01171875,8124.0,0.4198497533798218
4.01171875,8124.0,0.41990265250205994
4.01171875,8124.0,0.4199555516242981
4.01171875,8124.0,0.42000845074653625
4.01171875,8128.0,0.4200613498687744
4.01171875,8128.0,0.4201142489910126
4.01171875,8128.0,0.42016714811325073
4.01171875,8132.0,0.4202200472354889
4.01171875,8132.0,0.42027294635772705
4.01171875,8132.0,0.4203258454799652
4.01171875,8132.0,0.42037874460220337
4.01171875,8136.0,0.42043164372444153
4.01171875,8136.0,0.4204845428466797
4.01171875,8136.0,0.42053744196891785
4.01171875,8140.0,0.420590341091156
4.01171875,8140.0,0.42064324021339417
4.01171875,8140.0,0.4206961393356323
4.01171875,8140.0,0.4207490384578705
4.01171875,8144.0,0.42080193758010864
4.01171875,8144.0,0.4208548367023468
4.01171875,8144.0,0.42090773582458496
4.01171875,8148.0,0.4209606349468231
4.01171875,8148.0,0.4210135340690613
4.01171875,8148.0,0.42106643319129944
4.01171875,8148.0,0.4211193323135376
4.01171875,8152.0,0.42117223143577576
4.015625,8152.0,0.4212251305580139
4.015625,8152.0,0.4212780296802521
4.015625,8156.0,0.42133092880249023
4.015625,8156.0,0.4213838279247284
4.015625,8156.0,0.42143672704696655
4.015625,8156.0,0.4214896261692047
4.015625,8160.0,0.42154252529144287
4.015625,8160.0,0.42159542441368103
4.015625,8160.0,0.4216483235359192
4.015625,8164.0,0.42170122265815735
4.015625,8164.0,0.4217541217803955
4.015625,8164.0,0.42180702090263367
4.015625,8164.0,0.4218599200248718
4.015625,8168.0,0.42191281914711
4.01953125,8168.0,0.42196571826934814
4.01953125,8168.0,0.4220186173915863
4.01953125,8172.0,0.42207151651382446
4.01953125,8172.0,0.4221244156360626
4.01953125,8172.0,0.4221773147583008
4.01953125,8172.0,0.42223021388053894
4.01953125,8176.0,0.4222831130027771
4.01953125,8176.0,0.42233601212501526
4.01953125,8176.0,0.4223889112472534
4.0234375,8180.0,0.4224418103694916
4.0234375,8180.0,0.42249470949172974
4.0234375,8180.0,0.4225476086139679
4.0234375,8180.0,0.42260050773620605
4.0234375,8184.0,0.4226534068584442
4.0234375,8184.0,0.4227063059806824
4.0234375,8184.0,0.42275920510292053
4.0234375,8188.0,0.4228121042251587
4.0234375,8188.0,0.42286500334739685
4.0234375,8188.0,0.422917902469635
4.0234375,8188.0,0.42297080159187317
4.0234375,8192.0,0.42302370071411133
4.02734375,8192.0,0.4230765998363495
4.02734375,8192.0,0.42312949895858765
4.02734375,8192.0,0.4231823980808258
4.0234375,8192.0,0.42323529720306396
4.0234375,8192.0,0.4232881963253021
4.0234375,8192.0,0.4233410954475403
4.0234375,8200.0,0.42339399456977844
4.0234375,8200.0,0.4234468936920166
4.0234375,8200.0,0.42349979281425476
4.0234375,8200.0,0.4235526919364929
4.0234375,8200.0,0.4236055910587311
4.0234375,8200.0,0.42365849018096924
4.0234375,8200.0,0.4237113893032074
4.01953125,8208.0,0.42376428842544556
4.01953125,8208.0,0.4238171875476837
4.01953125,8208.0,0.4238700866699219
4.01953125,8208.0,0.42392298579216003
4.01953125,8208.0,0.4239758849143982
4.015625,8208.0,0.42402878403663635
4.015625,8208.0,0.4240816831588745
4.015625,8216.0,0.42413458228111267
4.015625,8216.0,0.42418748140335083
4.01171875,8216.0,0.424240380525589
4.01171875,8216.0,0.42429327964782715
4.01171875,8216.0,0.4243461787700653
4.01171875,8216.0,0.42439907789230347
4.0078125,8216.0,0.4244519770145416
4.0078125,8224.0,0.4245048761367798
4.0078125,8224.0,0.42455777525901794
4.00390625,8224.0,0.4246106743812561
4.00390625,8224.0,0.42466357350349426
4.00390625,8224.0,0.4247164726257324
4.0,8224.0,0.4247693717479706
4.0,8224.0,0.42482227087020874
4.0,8232.0,0.4248751699924469
3.998046875,8232.0,0.42492806911468506
3.99609375,8232.0,0.4249809682369232
3.99609375,8232.0,0.4250338673591614
3.994140625,8232.0,0.42508676648139954
3.9921875,8232.0,0.4251396656036377
3.9921875,8232.0,0.42519256472587585
3.990234375,8240.0,0.425245463848114
3.98828125,8240.0,0.4252983629703522
3.98828125,8240.0,0.42535126209259033
3.986328125,8240.0,0.4254041612148285
3.984375,8240.0,0.42545706033706665
3.984375,8240.0,0.4255099594593048
3.982421875,8240.0,0.42556285858154297
3.982421875,8248.0,0.42561575770378113
3.98046875,8248.0,0.4256686568260193
3.98046875,8248.0,0.42572155594825745
3.978515625,8248.0,0.4257744550704956
3.978515625,8248.0,0.42582735419273376
3.9765625,8248.0,0.4258802533149719
3.9765625,8248.0,0.4259331524372101
3.974609375,8256.0,0.42598605155944824
3.974609375,8256.0,0.4260389506816864
3.97265625,8256.0,0.42609184980392456
3.97265625,8256.0,0.4261447489261627
3.97265625,8256.0,0.4261976480484009
3.97265625,8256.0,0.42625054717063904
3.970703125,8256.0,0.4263034462928772
3.970703125,8264.0,0.42635634541511536
3.970703125,8264.0,0.4264092445373535
3.970703125,8264.0,0.4264621436595917
3.96875,8264.0,0.42651504278182983
3.96875,8264.0,0.426567941904068
3.96875,8264.0,0.42662084102630615
3.96875,8264.0,0.4266737401485443
3.96875,8272.0,0.42672663927078247
3.96875,8272.0,0.42677953839302063
3.96875,8272.0,0.4268324375152588
3.96875,8272.0,0.42688533663749695
3.96875,8272.0,0.4269382357597351
3.96875,8272.0,0.42699113488197327
3.96875,8272.0,0.4270440340042114
3.96875,8280.0,0.4270969331264496
3.96875,8280.0,0.42714983224868774
3.96875,8280.0,0.4272027313709259
3.96875,8280.0,0.42725563049316406
3.96875,8280.0,0.4273085296154022
3.96875,8280.0,0.4273614287376404
3.96875,8280.0,0.42741432785987854
3.96875,8288.0,0.4274672269821167
3.96875,8288.0,0.42752012610435486
3.96875,8288.0,0.427573025226593
3.96875,8288.0,0.4276259243488312
3.96875,8288.0,0.42767882347106934
3.96875,8288.0,0.4277317225933075
3.96875,8288.0,0.42778462171554565
3.96875,8296.0,0.4278375208377838
3.96875,8296.0,0.427890419960022
3.96875,8296.0,0.42794331908226013
3.96875,8296.0,0.4279962182044983
3.970703125,8296.0,0.42804911732673645
3.970703125,8296.0,0.4281020164489746
3.970703125,8296.0,0.42815491557121277
3.970703125,8304.0,0.4282078146934509
3.970703125,8304.0,0.4282607138156891
3.970703125,8304.0,0.42831361293792725
3.970703125,8304.0,0.4283665120601654
3.970703125,8304.0,0.42841941118240356
3.96875,8304.0,0.4284723103046417
3.96875,8304.0,0.4285252094268799
3.96875,8312.0,0.42857810854911804
3.96875,8312.0,0.4286310076713562
3.96875,8312.0,0.42868390679359436
3.96875,8312.0,0.4287368059158325
3.96875,8312.0,0.4287897050380707
3.96875,8312.0,0.42884260416030884
3.96875,8312.0,0.428895503282547
3.96875,8320.0,0.42894840240478516
3.96875,8320.0,0.4290013015270233
3.96875,8320.0,0.4290542006492615
3.966796875,8320.0,0.42910709977149963
3.966796875,8320.0,0.4291599988937378
3.966796875,8320.0,0.42921289801597595
3.966796875,8320.0,0.4292657971382141
3.966796875,8328.0,0.42931869626045227
3.96484375,8328.0,0.42937159538269043
3.96484375,8328.0,0.4294244945049286
3.96484375,8328.0,0.42947739362716675
3.96484375,8328.0,0.4295302927494049
3.962890625,8328.0,0.42958319187164307
3.962890625,8328.0,0.4296360909938812
3.962890625,8336.0,0.4296889901161194
3.962890625,8336.0,0.42974188923835754
3.9609375,8336.0,0.4297947883605957
3.9609375,8336.0,0.42984768748283386
3.9609375,8336.0,0.429900586605072
3.958984375,8336.0,0.4299534857273102
3.958984375,8336.0,0.43000638484954834
3.958984375,8344.0,0.4300592839717865
3.958984375,8344.0,0.43011218309402466
3.95703125,8344.0,0.4301650822162628
3.95703125,8344.0,0.430217981338501
3.95703125,8344.0,0.43027088046073914
3.95703125,8344.0,0.4303237795829773
3.955078125,8344.0,0.43037667870521545
3.955078125,8352.0,0.4304295778274536
3.955078125,8352.0,0.4304824769496918
3.955078125,8352.0,0.43053537607192993
3.953125,8352.0,0.4305882751941681
3.953125,8352.0,0.43064117431640625
3.953125,8352.0,0.4306940734386444
3.953125,8352.0,0.43074697256088257
3.953125,8360.0,0.4307998716831207
3.953125,8360.0,0.4308527708053589
3.951171875,8360.0,0.43090566992759705
3.951171875,8360.0,0.4309585690498352
3.951171875,8360.0,0.43101146817207336
3.951171875,8360.0,0.4310643672943115
3.951171875,8360.0,0.4311172664165497
3.951171875,8368.0,0.43117016553878784
3.951171875,8368.0,0.431223064661026
3.951171875,8368.0,0.43127596378326416
3.951171875,8368.0,0.4313288629055023
3.951171875,8368.0,0.4313817620277405
3.951171875,8368.0,0.43143466114997864
3.951171875,8368.0,0.4314875602722168
3.951171875,8376.0,0.43154045939445496
3.951171875,8376.0,0.4315933585166931
3.951171875,8376.0,0.4316462576389313
3.951171875,8376.0,0.43169915676116943
3.951171875,8376.0,0.4317520558834076
3.951171875,8376.0,0.43180495500564575
3.951171875,8376.0,0.4318578541278839
3.951171875,8384.0,0.43191075325012207
3.951171875,8384.0,0.43196365237236023
3.951171875,8384.0,0.4320165514945984
3.951171875,8384.0,0.43206945061683655
3.951171875,8384.0,0.4321223497390747
3.953125,8384.0,0.43217524886131287
3.953125,8384.0,0.432228147983551
3.953125,8392.0,0.4322810471057892
3.953125,8392.0,0.43233394622802734
3.953125,8392.0,0.4323868453502655
3.953125,8392.0,0.43243974447250366
3.953125,8392.0,0.4324926435947418
3.953125,8392.0,0.43254554271698
3.953125,8392.0,0.43259844183921814
3.953125,8400.0,0.4326513409614563
3.955078125,8400.0,0.43270424008369446
3.955078125,8400.0,0.4327571392059326
3.955078125,8400.0,0.4328100383281708
3.955078125,8400.0,0.43286293745040894
3.955078125,8400.0,0.4329158365726471
3.95703125,8400.0,0.43296873569488525
3.95703125,8408.0,0.4330216348171234
3.95703125,8408.0,0.4330745339393616
3.95703125,8408.0,0.43312743306159973
3.95703125,8408.0,0.4331803321838379
3.958984375,8408.0,0.43323323130607605
3.958984375,8408.0,0.4332861304283142
3.958984375,8408.0,0.43333902955055237
3.958984375,8416.0,0.4333919286727905
3.9609375,8416.0,0.4334448277950287
3.9609375,8416.0,0.43349772691726685
3.9609375,8416.0,0.433550626039505
3.9609375,8416.0,0.43360352516174316
3.962890625,8416.0,0.4336564242839813
3.962890625,8416.0,0.4337093234062195
3.962890625,8424.0,0.43376222252845764
3.96484375,8424.0,0.4338151216506958
3.96484375,8424.0,0.43386802077293396
3.96484375,8424.0,0.4339209198951721
3.966796875,8424.0,0.4339738190174103
3.966796875,8424.0,0.43402671813964844
3.966796875,8424.0,0.4340796172618866
3.96875,8432.0,0.43413251638412476
3.96875,8432.0,0.4341854155063629
3.96875,8432.0,0.4342383146286011
3.970703125,8432.0,0.43429121375083923
3.970703125,8432.0,0.4343441128730774
3.97265625,8432.0,0.43439701199531555
3.97265625,8432.0,0.4344499111175537
3.974609375,8440.0,0.43450281023979187
3.974609375,8440.0,0.43455570936203003
3.974609375,8440.0,0.4346086084842682
3.9765625,8440.0,0.43466150760650635
3.9765625,8440.0,0.4347144067287445
3.978515625,8440.0,0.43476730585098267
3.978515625,8440.0,0.4348202049732208
3.98046875,8440.0,0.434873104095459
3.98046875,8448.0,0.43492600321769714
3.982421875,8448.0,0.4349789023399353
3.982421875,8448.0,0.43503180146217346
3.984375,8448.0,0.4350847005844116
3.984375,8448.0,0.4351375997066498
3.984375,8448.0,0.43519049882888794
3.986328125,8448.0,0.4352433979511261
3.986328125,8456.0,0.43529629707336426
3.98828125,8456.0,0.4353491961956024
3.98828125,8456.0,0.4354020953178406
3.990234375,8456.0,0.43545499444007874
3.990234375,8456.0,0.4355078935623169
3.990234375,8456.0,0.43556079268455505
3.9921875,8456.0,0.4356136918067932
3.9921875,8464.0,0.43566659092903137
3.994140625,8464.0,0.43571949005126953
3.994140625,8464.0,0.4357723891735077
3.99609375,8464.0,0.43582528829574585
3.99609375,8464.0,0.435878187417984
3.99609375,8464.0,0.43593108654022217
3.998046875,8464.0,0.4359839856624603
3.998046875,8472.0,0.4360368847846985
4.0,8472.0,0.43608978390693665
4.0,8472.0,0.4361426830291748
4.0,8472.0,0.43619558215141296
4.0,8472.0,0.4362484812736511
4.0,8472.0,0.4363013803958893
4.0,8472.0,0.43635427951812744
4.00390625,8480.0,0.4364071786403656
4.00390625,8480.0,0.43646007776260376
4.00390625,8480.0,0.4365129768848419
4.00390625,8480.0,0.4365658760070801
4.00390625,8480.0,0.43661877512931824
4.00390625,8480.0,0.4366716742515564
4.0078125,8480.0,0.43672457337379456
4.0078125,8488.0,0.4367774724960327
4.0078125,8488.0,0.4368303716182709
4.0078125,8488.0,0.43688327074050903
4.0078125,8488.0,0.4369361698627472
4.0078125,8488.0,0.43698906898498535
4.0078125,8488.0,0.4370419681072235
4.0078125,8488.0,0.43709486722946167
4.0078125,8496.0,0.43714776635169983
4.01171875,8496.0,0.437200665473938
4.01171875,8496.0,0.43725356459617615
4.01171875,8496.0,0.4373064637184143
4.01171875,8496.0,0.43735936284065247
4.01171875,8496.0,0.4374122619628906
4.01171875,8496.0,0.4374651610851288
4.01171875,8504.0,0.43751806020736694
4.01171875,8504.0,0.4375709593296051
4.01171875,8504.0,0.43762385845184326
4.01171875,8504.0,0.4376767575740814
4.01171875,8504.0,0.4377296566963196
4.01171875,8504.0,0.43778255581855774
4.01171875,8504.0,0.4378354549407959
4.01171875,8512.0,0.43788835406303406
4.01171875,8512.0,0.4379412531852722
4.01171875,8512.0,0.4379941523075104
4.01171875,8512.0,0.43804705142974854
4.01171875,8512.0,0.4380999505519867
4.01171875,8512.0,0.43815284967422485
4.01171875,8512.0,0.438205748796463
4.0078125,8520.0,0.43825864791870117
4.0078125,8520.0,0.43831154704093933
4.0078125,8520.0,0.4383644461631775
4.0078125,8520.0,0.43841734528541565
4.0078125,8520.0,0.4384702444076538
4.0078125,8520.0,0.43852314352989197
4.0078125,8520.0,0.4385760426521301
4.0078125,8528.0,0.4386289417743683
4.0078125,8528.0,0.43868184089660645
4.0078125,8528.0,0.4387347400188446
4.0078125,8528.0,0.43878763914108276
4.0078125,8528.0,0.4388405382633209
4.0078125,8528.0,0.4388934373855591
4.0078125,8528.0,0.43894633650779724
4.0078125,8536.0,0.4389992356300354
4.00390625,8536.0,0.43905213475227356
4.00390625,8536.0,0.4391050338745117
4.00390625,8536.0,0.4391579329967499
4.00390625,8536.0,0.43921083211898804
4.00390625,8536.0,0.4392637312412262
4.00390625,8536.0,0.43931663036346436
4.00390625,8544.0,0.4393695294857025
4.00390625,8544.0,0.4394224286079407
4.00390625,8544.0,0.43947532773017883
4.00390625,8544.0,0.439528226852417
4.00390625,8544.0,0.43958112597465515
4.00390625,8544.0,0.4396340250968933
4.00390625,8544.0,0.43968692421913147
4.00390625,8552.0,0.43973982334136963
4.00390625,8552.0,0.4397927224636078
4.0,8552.0,0.43984562158584595
4.0,8552.0,0.4398985207080841
4.0,8552.0,0.43995141983032227
4.0,8552.0,0.4400043189525604
4.0,8552.0,0.4400572180747986
4.0,8560.0,0.44011011719703674
4.0,8560.0,0.4401630163192749
4.0,8560.0,0.44021591544151306
4.0,8560.0,0.4402688145637512
4.0,8560.0,0.4403217136859894
4.0,8560.0,0.44037461280822754
4.0,8560.0,0.4404275119304657
3.998046875,8568.0,0.44048041105270386
3.998046875,8568.0,0.440533310174942
3.998046875,8568.0,0.4405862092971802
3.998046875,8568.0,0.44063910841941833
3.998046875,8568.0,0.4406920075416565
3.998046875,8568.0,0.44074490666389465
3.99609375,8568.0,0.4407978057861328
3.99609375,8576.0,0.44085070490837097
3.99609375,8576.0,0.44090360403060913
3.99609375,8576.0,0.4409565031528473
3.99609375,8576.0,0.44100940227508545
3.99609375,8576.0,0.4410623013973236
3.99609375,8576.0,0.44111520051956177
3.99609375,8576.0,0.4411680996417999
3.994140625,8584.0,0.4412209987640381
3.994140625,8584.0,0.44127389788627625
3.994140625,8584.0,0.4413267970085144
3.994140625,8584.0,0.44137969613075256
3.994140625,8584.0,0.4414325952529907
3.994140625,8584.0,0.4414854943752289
3.994140625,8584.0,0.44153839349746704
3.994140625,8592.0,0.4415912926197052
3.994140625,8592.0,0.44164419174194336
3.9921875,8592.0,0.4416970908641815
3.9921875,8592.0,0.4417499899864197
3.9921875,8592.0,0.44180288910865784
3.9921875,8592.0,0.441855788230896
3.9921875,8592.0,0.44190868735313416
3.9921875,8600.0,0.4419615864753723
3.9921875,8600.0,0.4420144855976105
3.9921875,8600.0,0.44206738471984863
3.9921875,8600.0,0.4421202838420868
3.9921875,8600.0,0.44217318296432495
3.9921875,8600.0,0.4422260820865631
3.9921875,8600.0,0.44227898120880127
3.9921875,8608.0,0.44233188033103943
3.9921875,8608.0,0.4423847794532776
3.9921875,8608.0,0.44243767857551575
3.9921875,8608.0,0.4424905776977539
3.9921875,8608.0,0.44254347681999207
3.9921875,8608.0,0.4425963759422302
3.9921875,8608.0,0.4426492750644684
3.9921875,8616.0,0.44270217418670654
3.9921875,8616.0,0.4427550733089447
3.9921875,8616.0,0.44280797243118286
3.9921875,8616.0,0.442860871553421
3.9921875,8616.0,0.4429137706756592
3.9921875,8616.0,0.44296666979789734
3.9921875,8616.0,0.4430195689201355
3.9921875,8624.0,0.44307246804237366
3.9921875,8624.0,0.4431253671646118
3.9921875,8624.0,0.44317826628685
3.9921875,8624.0,0.44323116540908813
3.9921875,8624.0,0.4432840645313263
3.994140625,8624.0,0.44333696365356445
3.994140625,8624.0,0.4433898627758026
3.994140625,8632.0,0.44344276189804077
3.994140625,8632.0,0.44349566102027893
3.994140625,8632.0,0.4435485601425171
3.994140625,8632.0,0.44360145926475525
3.994140625,8632.0,0.4436543583869934
3.99609375,8632.0,0.44370725750923157
3.99609375,8632.0,0.4437601566314697
3.99609375,8640.0,0.4438130557537079
3.99609375,8640.0,0.44386595487594604
3.99609375,8640.0,0.4439188539981842
3.99609375,8640.0,0.44397175312042236
3.998046875,8640.0,0.4440246522426605
3.998046875,8640.0,0.4440775513648987
3.998046875,8640.0,0.44413045048713684
3.998046875,8648.0,0.444183349609375
4.0,8648.0,0.44423624873161316
4.0,8648.0,0.4442891478538513
4.0,8648.0,0.4443420469760895
4.0,8648.0,0.44439494609832764
4.0,8648.0,0.4444478452205658
4.0,8648.0,0.44450074434280396
4.0,8656.0,0.4445536434650421
4.0,8656.0,0.4446065425872803
4.0,8656.0,0.44465944170951843
4.00390625,8656.0,0.4447123408317566
4.00390625,8656.0,0.44476523995399475
4.00390625,8656.0,0.4448181390762329
4.00390625,8656.0,0.44487103819847107
4.00390625,8664.0,0.44492393732070923
4.00390625,8664.0,0.4449768364429474
4.00390625,8664.0,0.44502973556518555
4.00390625,8664.0,0.4450826346874237
4.00390625,8664.0,0.44513553380966187
4.0078125,8664.0,0.4451884329319
4.0078125,8664.0,0.4452413320541382
4.0078125,8672.0,0.44529423117637634
4.0078125,8672.0,0.4453471302986145
4.0078125,8672.0,0.44540002942085266
4.0078125,8672.0,0.4454529285430908
4.0078125,8672.0,0.445505827665329
4.0078125,8672.0,0.44555872678756714
4.01171875,8672.0,0.4456116259098053
4.01171875,8680.0,0.44566452503204346
4.01171875,8680.0,0.4457174241542816
4.01171875,8680.0,0.4457703232765198
4.01171875,8680.0,0.44582322239875793
4.01171875,8680.0,0.4458761215209961
4.01171875,8680.0,0.44592902064323425
4.015625,8680.0,0.4459819197654724
4.015625,8688.0,0.44603481888771057
4.015625,8688.0,0.44608771800994873
4.015625,8688.0,0.4461406171321869
4.015625,8688.0,0.44619351625442505
4.01953125,8688.0,0.4462464153766632
4.01953125,8688.0,0.44629931449890137
4.01953125,8688.0,0.4463522136211395
4.01953125,8696.0,0.4464051127433777
4.01953125,8696.0,0.44645801186561584
4.0234375,8696.0,0.446510910987854
4.0234375,8696.0,0.44656381011009216
4.0234375,8696.0,0.4466167092323303
4.0234375,8696.0,0.4466696083545685
4.0234375,8696.0,0.44672250747680664
4.02734375,8704.0,0.4467754065990448
4.02734375,8704.0,0.44682830572128296
4.02734375,8704.0,0.4468812048435211
4.02734375,8704.0,0.4469341039657593
4.03125,8704.0,0.44698700308799744
4.03125,8704.0,0.4470399022102356
4.03125,8704.0,0.44709280133247375
4.03125,8712.0,0.4471457004547119
4.03515625,8712.0,0.4471985995769501
4.03515625,8712.0,0.44725149869918823
4.03515625,8712.0,0.4473043978214264
4.03515625,8712.0,0.44735729694366455
4.03515625,8712.0,0.4474101960659027
4.0390625,8712.0,0.44746309518814087
4.0390625,8720.0,0.44751599431037903
4.0390625,8720.0,0.4475688934326172
4.0390625,8720.0,0.44762179255485535
4.0390625,8720.0,0.4476746916770935
4.0390625,8720.0,0.44772759079933167
4.0390625,8720.0,0.4477804899215698
4.0390625,8720.0,0.447833389043808
4.0390625,8728.0,0.44788628816604614
4.0390625,8728.0,0.4479391872882843
4.0390625,8728.0,0.44799208641052246
4.0390625,8728.0,0.4480449855327606
4.0390625,8728.0,0.4480978846549988
4.0390625,8728.0,0.44815078377723694
4.0390625,8728.0,0.4482036828994751
4.0390625,8736.0,0.44825658202171326
4.0390625,8736.0,0.4483094811439514
4.0390625,8736.0,0.4483623802661896
4.0390625,8736.0,0.44841527938842773
4.0390625,8736.0,0.4484681785106659
4.0390625,8736.0,0.44852107763290405
4.0390625,8736.0,0.4485739767551422
4.0390625,8744.0,0.44862687587738037
4.0390625,8744.0,0.44867977499961853
4.0390625,8744.0,0.4487326741218567
4.03515625,8744.0,0.44878557324409485
4.03515625,8744.0,0.448838472366333
4.03515625,8744.0,0.44889137148857117
4.03515625,8744.0,0.4489442706108093
4.03515625,8752.0,0.4489971697330475
4.03515625,8752.0,0.44905006885528564
4.03515625,8752.0,0.4491029679775238
4.03515625,8752.0,0.44915586709976196
4.03125,8752.0,0.4492087662220001
4.03125,8752.0,0.4492616653442383
4.03125,8752.0,0.44931456446647644
4.03125,8760.0,0.4493674635887146
4.03125,8760.0,0.44942036271095276
4.02734375,8760.0,0.4494732618331909
4.02734375,8760.0,0.4495261609554291
4.02734375,8760.0,0.44957906007766724
4.02734375,8760.0,0.4496319591999054
4.02734375,8760.0,0.44968485832214355
4.02734375,8768.0,0.4497377574443817
4.0234375,8768.0,0.4497906565666199
4.0234375,8768.0,0.44984355568885803
4.0234375,8768.0,0.4498964548110962
4.0234375,8768.0,0.44994935393333435
4.0234375,8768.0,0.4500022530555725
4.0234375,8768.0,0.45005515217781067
4.01953125,8776.0,0.45010805130004883
4.01953125,8776.0,0.450160950422287
4.01953125,8776.0,0.45021384954452515
4.01953125,8776.0,0.4502667486667633
4.01953125,8776.0,0.45031964778900146
4.01953125,8776.0,0.4503725469112396
4.01953125,8776.0,0.4504254460334778
4.01953125,8784.0,0.45047834515571594
4.01953125,8784.0,0.4505312442779541
4.01953125,8784.0,0.45058414340019226
4.01953125,8784.0,0.4506370425224304
4.01953125,8784.0,0.4506899416446686
4.01953125,8784.0,0.45074284076690674
4.01953125,8784.0,0.4507957398891449
4.01953125,8792.0,0.45084863901138306
4.01953125,8792.0,0.4509015381336212
4.01953125,8792.0,0.4509544372558594
4.01953125,8792.0,0.45100733637809753
4.01953125,8792.0,0.4510602355003357
4.01953125,8792.0,0.45111313462257385
4.01953125,8792.0,0.451166033744812
4.01953125,8800.0,0.45121893286705017
4.01953125,8800.0,0.45127183198928833
4.01953125,8800.0,0.4513247311115265
4.01953125,8800.0,0.45137763023376465
4.01953125,8800.0,0.4514305293560028
4.0234375,8800.0,0.45148342847824097
4.0234375,8800.0,0.4515363276004791
4.0234375,8808.0,0.4515892267227173
4.0234375,8808.0,0.45164212584495544
4.0234375,8808.0,0.4516950249671936
4.0234375,8808.0,0.45174792408943176
4.0234375,8808.0,0.4518008232116699
4.0234375,8808.0,0.4518537223339081
4.0234375,8808.0,0.45190662145614624
4.02734375,8816.0,0.4519595205783844
4.02734375,8816.0,0.45201241970062256
4.02734375,8816.0,0.4520653188228607
4.02734375,8816.0,0.4521182179450989
4.02734375,8816.0,0.45217111706733704
4.02734375,8816.0,0.4522240161895752
4.02734375,8816.0,0.45227691531181335
4.03125,8816.0,0.4523298144340515
4.03125,8824.0,0.4523827135562897
4.03125,8824.0,0.45243561267852783
4.03125,8824.0,0.452488511800766
4.03125,8824.0,0.45254141092300415
4.03125,8824.0,0.4525943100452423
4.03125,8824.0,0.45264720916748047
4.03515625,8824.0,0.45270010828971863
4.03515625,8832.0,0.4527530074119568
4.03515625,8832.0,0.45280590653419495
4.03515625,8832.0,0.4528588056564331
4.03515625,8832.0,0.45291170477867126
4.03515625,8832.0,0.4529646039009094
4.03515625,8832.0,0.4530175030231476
4.03515625,8832.0,0.45307040214538574
4.03515625,8840.0,0.4531233012676239
4.03515625,8840.0,0.45317620038986206
4.03515625,8840.0,0.4532290995121002
4.03515625,8840.0,0.4532819986343384
4.03515625,8840.0,0.45333489775657654
4.03515625,8840.0,0.4533877968788147
4.03515625,8840.0,0.45344069600105286
4.03515625,8848.0,0.453493595123291
4.03515625,8848.0,0.4535464942455292
4.03515625,8848.0,0.45359939336776733
4.03515625,8848.0,0.4536522924900055
4.03515625,8848.0,0.45370519161224365
4.03515625,8848.0,0.4537580907344818
4.03515625,8848.0,0.45381098985671997
4.03515625,8856.0,0.45386388897895813
4.03515625,8856.0,0.4539167881011963
4.03515625,8856.0,0.45396968722343445
4.03515625,8856.0,0.4540225863456726
4.03515625,8856.0,0.45407548546791077
4.03515625,8856.0,0.4541283845901489
4.03515625,8856.0,0.4541812837123871
4.03125,8864.0,0.45423418283462524
4.03125,8864.0,0.4542870819568634
4.03125,8864.0,0.45433998107910156
4.03125,8864.0,0.4543928802013397
4.03125,8864.0,0.4544457793235779
4.03125,8864.0,0.45449867844581604
4.03125,8864.0,0.4545515775680542
4.03125,8872.0,0.45460447669029236
4.02734375,8872.0,0.4546573758125305
4.02734375,8872.0,0.4547102749347687
4.02734375,8872.0,0.45476317405700684
4.02734375,8872.0,0.454816073179245
4.02734375,8872.0,0.45486897230148315
4.02734375,8872.0,0.4549218714237213
4.02734375,8880.0,0.4549747705459595
4.02734375,8880.0,0.45502766966819763
4.0234375,8880.0,0.4550805687904358
4.0234375,8880.0,0.45513346791267395
4.0234375,8880.0,0.4551863670349121
4.0234375,8880.0,0.45523926615715027
4.0234375,8880.0,0.4552921652793884
4.0234375,8888.0,0.4553450644016266
4.0234375,8888.0,0.45539796352386475
4.0234375,8888.0,0.4554508626461029
4.0234375,8888.0,0.45550376176834106
4.0234375,8888.0,0.4555566608905792
4.0234375,8888.0,0.4556095600128174
4.0234375,8888.0,0.45566245913505554
4.01953125,8896.0,0.4557153582572937
4.01953125,8896.0,0.45576825737953186
4.01953125,8896.0,0.45582115650177
4.01953125,8896.0,0.4558740556240082
4.01953125,8896.0,0.45592695474624634
4.0234375,8896.0,0.4559798538684845
4.0234375,8896.0,0.45603275299072266
4.0234375,8904.0,0.4560856521129608
4.0234375,8904.0,0.456138551235199
4.0234375,8904.0,0.45619145035743713
4.0234375,8904.0,0.4562443494796753
4.0234375,8904.0,0.45629724860191345
4.0234375,8904.0,0.4563501477241516
4.0234375,8904.0,0.45640304684638977
4.0234375,8912.0,0.45645594596862793
4.0234375,8912.0,0.4565088450908661
4.02734375,8912.0,0.45656174421310425
4.02734375,8912.0,0.4566146433353424
4.02734375,8912.0,0.45666754245758057
4.02734375,8912.0,0.4567204415798187
4.02734375,8912.0,0.4567733407020569
4.02734375,8920.0,0.45682623982429504
4.03125,8920.0,0.4568791389465332
4.03125,8920.0,0.45693203806877136
4.03125,8920.0,0.4569849371910095
4.03125,8920.0,0.4570378363132477
4.03125,8920.0,0.45709073543548584
4.03125,8920.0,0.457143634557724
4.03515625,8928.0,0.45719653367996216
4.03515625,8928.0,0.4572494328022003
4.03515625,8928.0,0.4573023319244385
4.03515625,8928.0,0.45735523104667664
4.03515625,8928.0,0.4574081301689148
4.03515625,8928.0,0.45746102929115295
4.0390625,8928.0,0.4575139284133911
4.0390625,8936.0,0.4575668275356293
4.0390625,8936.0,0.45761972665786743
4.0390625,8936.0,0.4576726257801056
4.0390625,8936.0,0.45772552490234375
4.04296875,8936.0,0.4577784240245819
4.04296875,8936.0,0.45783132314682007
4.04296875,8936.0,0.4578842222690582
4.04296875,8944.0,0.4579371213912964
4.04296875,8944.0,0.45799002051353455
4.046875,8944.0,0.4580429196357727
4.046875,8944.0,0.45809581875801086
4.046875,8944.0,0.458148717880249
4.046875,8944.0,0.4582016170024872
4.046875,8944.0,0.45825451612472534
4.05078125,8952.0,0.4583074152469635
4.05078125,8952.0,0.45836031436920166
4.05078125,8952.0,0.4584132134914398
4.05078125,8952.0,0.458466112613678
4.05078125,8952.0,0.45851901173591614
4.05078125,8952.0,0.4585719108581543
4.0546875,8952.0,0.45862480998039246
4.0546875,8960.0,0.4586777091026306
4.0546875,8960.0,0.4587306082248688
4.0546875,8960.0,0.45878350734710693
4.0546875,8960.0,0.4588364064693451
4.05859375,8960.0,0.45888930559158325
4.05859375,8960.0,0.4589422047138214
4.05859375,8960.0,0.45899510383605957
4.05859375,8968.0,0.45904800295829773
4.05859375,8968.0,0.4591009020805359
4.05859375,8968.0,0.45915380120277405
4.0625,8968.0,0.4592067003250122
4.0625,8968.0,0.45925959944725037
4.0625,8968.0,0.4593124985694885
4.0625,8968.0,0.4593653976917267
4.0625,8976.0,0.45941829681396484
4.06640625,8976.0,0.459471195936203
4.06640625,8976.0,0.45952409505844116
4.06640625,8976.0,0.4595769941806793
4.06640625,8976.0,0.4596298933029175
4.06640625,8976.0,0.45968279242515564
4.06640625,8976.0,0.4597356915473938
4.0703125,8984.0,0.45978859066963196
4.0703125,8984.0,0.4598414897918701
4.0703125,8984.0,0.4598943889141083
4.0703125,8984.0,0.45994728803634644
4.0703125,8984.0,0.4600001871585846
4.0703125,8984.0,0.46005308628082275
4.07421875,8984.0,0.4601059854030609
4.07421875,8992.0,0.4601588845252991
4.07421875,8992.0,0.46021178364753723
4.07421875,8992.0,0.4602646827697754
4.07421875,8992.0,0.46031758189201355
4.07421875,8992.0,0.4603704810142517
4.07421875,8992.0,0.46042338013648987
4.078125,8992.0,0.460476279258728
4.078125,9000.0,0.4605291783809662
4.078125,9000.0,0.46058207750320435
4.078125,9000.0,0.4606349766254425
4.078125,9000.0,0.46068787574768066
4.078125,9000.0,0.4607407748699188
4.078125,9000.0,0.460793673992157
4.078125,9000.0,0.46084657311439514
4.08203125,9008.0,0.4608994722366333
4.08203125,9008.0,0.46095237135887146
4.08203125,9008.0,0.4610052704811096
4.08203125,9008.0,0.4610581696033478
4.08203125,9008.0,0.46111106872558594
4.08203125,9008.0,0.4611639678478241
4.08203125,9008.0,0.46121686697006226
4.08203125,9016.0,0.4612697660923004
4.08203125,9016.0,0.4613226652145386
4.08203125,9016.0,0.46137556433677673
4.08203125,9016.0,0.4614284634590149
4.08203125,9016.0,0.46148136258125305
4.08203125,9016.0,0.4615342617034912
4.08203125,9016.0,0.46158716082572937
4.08203125,9024.0,0.46164005994796753
4.08203125,9024.0,0.4616929590702057
4.08203125,9024.0,0.46174585819244385
4.08203125,9024.0,0.461798757314682
4.08203125,9024.0,0.46185165643692017
4.08203125,9024.0,0.4619045555591583
4.08203125,9024.0,0.4619574546813965
4.08203125,9032.0,0.46201035380363464
4.08203125,9032.0,0.4620632529258728
4.08203125,9032.0,0.46211615204811096
4.08203125,9032.0,0.4621690511703491
4.078125,9032.0,0.4622219502925873
4.078125,9032.0,0.46227484941482544
4.078125,9032.0,0.4623277485370636
4.078125,9040.0,0.46238064765930176
4.078125,9040.0,0.4624335467815399
4.078125,9040.0,0.4624864459037781
4.078125,9040.0,0.46253934502601624
4.078125,9040.0,0.4625922441482544
4.078125,9040.0,0.46264514327049255
4.078125,9040.0,0.4626980423927307
4.078125,9048.0,0.46275094151496887
4.078125,9048.0,0.46280384063720703
4.078125,9048.0,0.4628567397594452
4.078125,9048.0,0.46290963888168335
4.078125,9048.0,0.4629625380039215
4.078125,9048.0,0.46301543712615967
4.078125,9048.0,0.4630683362483978
4.078125,9056.0,0.463121235370636
4.078125,9056.0,0.46317413449287415
4.078125,9056.0,0.4632270336151123
4.078125,9056.0,0.46327993273735046
4.078125,9056.0,0.4633328318595886
4.078125,9056.0,0.4633857309818268
4.078125,9056.0,0.46343863010406494
4.078125,9064.0,0.4634915292263031
4.078125,9064.0,0.46354442834854126
4.078125,9064.0,0.4635973274707794
4.08203125,9064.0,0.4636502265930176
4.08203125,9064.0,0.46370312571525574
4.08203125,9064.0,0.4637560248374939
4.08203125,9064.0,0.46380892395973206
4.08203125,9072.0,0.4638618230819702
4.08203125,9072.0,0.4639147222042084
4.08203125,9072.0,0.46396762132644653
4.08203125,9072.0,0.4640205204486847
4.08203125,9072.0,0.46407341957092285
4.08203125,9072.0,0.464126318693161
4.0859375,9072.0,0.46417921781539917
4.0859375,9080.0,0.46423211693763733
4.0859375,9080.0,0.4642850160598755
4.0859375,9080.0,0.46433791518211365
4.0859375,9080.0,0.4643908143043518
4.0859375,9080.0,0.46444371342658997
4.08984375,9080.0,0.4644966125488281
4.08984375,9080.0,0.4645495116710663
4.08984375,9088.0,0.46460241079330444
4.08984375,9088.0,0.4646553099155426
4.08984375,9088.0,0.46470820903778076
4.09375,9088.0,0.4647611081600189
4.09375,9088.0,0.4648140072822571
4.09375,9088.0,0.46486690640449524
4.09375,9088.0,0.4649198055267334
4.09375,9096.0,0.46497270464897156
4.09765625,9096.0,0.4650256037712097
4.09765625,9096.0,0.4650785028934479
4.09765625,9096.0,0.46513140201568604
4.09765625,9096.0,0.4651843011379242
4.09765625,9096.0,0.46523720026016235
4.1015625,9096.0,0.4652900993824005
4.1015625,9104.0,0.46534299850463867
4.1015625,9104.0,0.46539589762687683
4.1015625,9104.0,0.465448796749115
4.1015625,9104.0,0.46550169587135315
4.1015625,9104.0,0.4655545949935913
4.10546875,9104.0,0.46560749411582947
4.10546875,9104.0,0.4656603932380676
4.10546875,9112.0,0.4657132923603058
4.10546875,9112.0,0.46576619148254395
4.10546875,9112.0,0.4658190906047821
4.10546875,9112.0,0.46587198972702026
4.10546875,9112.0,0.4659248888492584
4.109375,9112.0,0.4659777879714966
4.109375,9112.0,0.46603068709373474
4.109375,9120.0,0.4660835862159729
4.109375,9120.0,0.46613648533821106
4.109375,9120.0,0.4661893844604492
4.109375,9120.0,0.4662422835826874
4.109375,9120.0,0.46629518270492554
4.109375,9120.0,0.4663480818271637
4.109375,9120.0,0.46640098094940186
4.11328125,9128.0,0.46645388007164
4.11328125,9128.0,0.4665067791938782
4.11328125,9128.0,0.46655967831611633
4.11328125,9128.0,0.4666125774383545
4.11328125,9128.0,0.46666547656059265
4.11328125,9128.0,0.4667183756828308
4.11328125,9128.0,0.46677127480506897
4.11328125,9136.0,0.46682417392730713
4.11328125,9136.0,0.4668770730495453
4.11328125,9136.0,0.46692997217178345
4.11328125,9136.0,0.4669828712940216
4.1171875,9136.0,0.46703577041625977
4.1171875,9136.0,0.4670886695384979
4.1171875,9136.0,0.4671415686607361
4.1171875,9144.0,0.46719446778297424
4.1171875,9144.0,0.4672473669052124
4.1171875,9144.0,0.46730026602745056
4.1171875,9144.0,0.4673531651496887
4.1171875,9144.0,0.4674060642719269
4.1171875,9144.0,0.46745896339416504
4.1171875,9144.0,0.4675118625164032
4.1171875,9152.0,0.46756476163864136
4.1171875,9152.0,0.4676176607608795
4.1171875,9152.0,0.4676705598831177
4.12109375,9152.0,0.46772345900535583
4.12109375,9152.0,0.467776358127594
4.12109375,9152.0,0.46782925724983215
4.12109375,9152.0,0.4678821563720703
4.12109375,9160.0,0.46793505549430847
4.12109375,9160.0,0.46798795461654663
4.12109375,9160.0,0.4680408537387848
4.12109375,9160.0,0.46809375286102295
4.12109375,9160.0,0.4681466519832611
4.125,9160.0,0.46819955110549927
4.125,9160.0,0.4682524502277374
4.125,9168.0,0.4683053493499756
4.125,9168.0,0.46835824847221375
4.125,9168.0,0.4684111475944519
4.125,9168.0,0.46846404671669006
4.12890625,9168.0,0.4685169458389282
4.12890625,9168.0,0.4685698449611664
4.12890625,9168.0,0.46862274408340454
4.12890625,9176.0,0.4686756432056427
4.12890625,9176.0,0.46872854232788086
4.1328125,9176.0,0.468781441450119
4.1328125,9176.0,0.4688343405723572
4.1328125,9176.0,0.46888723969459534
4.1328125,9176.0,0.4689401388168335
4.1328125,9176.0,0.46899303793907166
4.13671875,9184.0,0.4690459370613098
4.13671875,9184.0,0.469098836183548
4.13671875,9184.0,0.46915173530578613
4.13671875,9184.0,0.4692046344280243
4.13671875,9184.0,0.46925753355026245
4.140625,9184.0,0.4693104326725006
4.140625,9184.0,0.46936333179473877
4.140625,9192.0,0.46941623091697693
4.140625,9192.0,0.4694691300392151
4.140625,9192.0,0.46952202916145325
4.14453125,9192.0,0.4695749282836914
4.14453125,9192.0,0.46962782740592957
4.14453125,9192.0,0.4696807265281677
4.14453125,9192.0,0.4697336256504059
4.1484375,9200.0,0.46978652477264404
4.1484375,9200.0,0.4698394238948822
4.1484375,9200.0,0.46989232301712036
4.1484375,9200.0,0.4699452221393585
4.15234375,9200.0,0.4699981212615967
4.15234375,9200.0,0.47005102038383484
4.15234375,9200.0,0.470103919506073
4.15234375,9208.0,0.47015681862831116
4.15625,9208.0,0.4702097177505493
4.15625,9208.0,0.4702626168727875
4.15625,9208.0,0.47031551599502563
4.15625,9208.0,0.4703684151172638
4.16015625,9208.0,0.47042131423950195
4.16015625,9208.0,0.4704742133617401
4.16015625,9216.0,0.47052711248397827
4.16015625,9216.0,0.47058001160621643
4.1640625,9216.0,0.4706329107284546
4.1640625,9216.0,0.47068580985069275
4.1640625,9216.0,0.4707387089729309
4.16796875,9216.0,0.47079160809516907
4.16796875,9216.0,0.4708445072174072
4.16796875,9224.0,0.4708974063396454
4.16796875,9224.0,0.47095030546188354
4.171875,9224.0,0.4710032045841217
4.171875,9224.0,0.47105610370635986
4.171875,9224.0,0.471109002828598
4.17578125,9224.0,0.4711619019508362
4.17578125,9224.0,0.47121480107307434
4.17578125,9232.0,0.4712677001953125
4.1796875,9232.0,0.47132059931755066
4.1796875,9232.0,0.4713734984397888
4.1796875,9232.0,0.471426397562027
4.1796875,9232.0,0.47147929668426514
4.18359375,9232.0,0.4715321958065033
4.18359375,9232.0,0.47158509492874146
4.18359375,9240.0,0.4716379940509796
4.1875,9240.0,0.4716908931732178
4.1875,9240.0,0.47174379229545593
4.1875,9240.0,0.4717966914176941
4.19140625,9240.0,0.47184959053993225
4.19140625,9240.0,0.4719024896621704
4.19140625,9240.0,0.47195538878440857
4.1953125,9248.0,0.47200828790664673
4.1953125,9248.0,0.4720611870288849
4.1953125,9248.0,0.47211408615112305
4.19921875,9248.0,0.4721669852733612
4.19921875,9248.0,0.47221988439559937
4.19921875,9248.0,0.4722727835178375
4.203125,9248.0,0.4723256826400757
4.203125,9256.0,0.47237858176231384
4.203125,9256.0,0.472431480884552
4.203125,9256.0,0.47248438000679016
4.203125,9256.0,0.4725372791290283
4.20703125,9256.0,0.4725901782512665
4.20703125,9256.0,0.47264307737350464
4.20703125,9256.0,0.4726959764957428
4.20703125,9264.0,0.47274887561798096
4.20703125,9264.0,0.4728017747402191
4.2109375,9264.0,0.4728546738624573
4.2109375,9264.0,0.47290757298469543
4.2109375,9264.0,0.4729604721069336
4.2109375,9264.0,0.47301337122917175
4.2109375,9264.0,0.4730662703514099
4.2109375,9272.0,0.47311916947364807
4.2109375,9272.0,0.47317206859588623
4.2109375,9272.0,0.4732249677181244
4.21484375,9272.0,0.47327786684036255
4.21484375,9272.0,0.4733307659626007
4.21484375,9272.0,0.47338366508483887
4.21484375,9272.0,0.473436564207077
4.21484375,9280.0,0.4734894633293152
4.21484375,9280.0,0.47354236245155334
4.21484375,9280.0,0.4735952615737915
4.21484375,9280.0,0.47364816069602966
4.21484375,9280.0,0.4737010598182678
4.21875,9280.0,0.473753958940506
4.21875,9280.0,0.47380685806274414
4.21875,9288.0,0.4738597571849823
4.21875,9288.0,0.47391265630722046
4.21875,9288.0,0.4739655554294586
4.21875,9288.0,0.4740184545516968
4.21875,9288.0,0.47407135367393494
4.21875,9288.0,0.4741242527961731
4.21875,9288.0,0.47417715191841125
4.21875,9288.0,0.4742300510406494
4.21875,9296.0,0.4742829501628876
4.21875,9296.0,0.47433584928512573
4.22265625,9296.0,0.4743887484073639
4.22265625,9296.0,0.47444164752960205
4.22265625,9296.0,0.4744945466518402
4.22265625,9296.0,0.47454744577407837
4.22265625,9296.0,0.47460034489631653
4.22265625,9304.0,0.4746532440185547
4.22265625,9304.0,0.47470614314079285
4.22265625,9304.0,0.474759042263031
4.22265625,9304.0,0.47481194138526917
4.2265625,9304.0,0.4748648405075073
4.2265625,9304.0,0.4749177396297455
4.2265625,9304.0,0.47497063875198364
4.2265625,9312.0,0.4750235378742218
4.2265625,9312.0,0.47507643699645996
4.2265625,9312.0,0.4751293361186981
4.2265625,9312.0,0.4751822352409363
4.23046875,9312.0,0.47523513436317444
4.23046875,9312.0,0.4752880334854126
4.23046875,9312.0,0.47534093260765076
4.23046875,9320.0,0.4753938317298889
4.23046875,9320.0,0.4754467308521271
4.234375,9320.0,0.47549962997436523
4.234375,9320.0,0.4755525290966034
4.234375,9320.0,0.47560542821884155
4.234375,9320.0,0.4756583273410797
4.234375,9320.0,0.47571122646331787
4.23828125,9328.0,0.47576412558555603
4.23828125,9328.0,0.4758170247077942
4.23828125,9328.0,0.47586992383003235
4.23828125,9328.0,0.4759228229522705
4.2421875,9328.0,0.47597572207450867
4.2421875,9328.0,0.4760286211967468
4.2421875,9328.0,0.476081520318985
4.24609375,9336.0,0.47613441944122314
4.24609375,9336.0,0.4761873185634613
4.24609375,9336.0,0.47624021768569946
4.24609375,9336.0,0.4762931168079376
4.25,9336.0,0.4763460159301758
4.25,9336.0,0.47639891505241394
4.25,9336.0,0.4764518141746521
4.25390625,9344.0,0.47650471329689026
4.25390625,9344.0,0.4765576124191284
4.25390625,9344.0,0.4766105115413666
4.2578125,9344.0,0.47666341066360474
4.2578125,9344.0,0.4767163097858429
4.2578125,9344.0,0.47676920890808105
4.26171875,9344.0,0.4768221080303192
4.26171875,9352.0,0.4768750071525574
4.26171875,9352.0,0.47692790627479553
4.265625,9352.0,0.4769808053970337
4.265625,9352.0,0.47703370451927185
4.265625,9352.0,0.47708660364151
4.26953125,9352.0,0.47713950276374817
4.26953125,9352.0,0.47719240188598633
4.26953125,9360.0,0.4772453010082245
4.26953125,9360.0,0.47729820013046265
4.2734375,9360.0,0.4773510992527008
4.2734375,9360.0,0.47740399837493896
4.2734375,9360.0,0.4774568974971771
4.27734375,9360.0,0.4775097966194153
4.27734375,9360.0,0.47756269574165344
4.27734375,9368.0,0.4776155948638916
4.27734375,9368.0,0.47766849398612976
4.28125,9368.0,0.4777213931083679
4.28125,9368.0,0.4777742922306061
4.28125,9368.0,0.47782719135284424
4.28515625,9368.0,0.4778800904750824
4.28515625,9368.0,0.47793298959732056
4.28515625,9376.0,0.4779858887195587
4.28515625,9376.0,0.4780387878417969
4.2890625,9376.0,0.47809168696403503
4.2890625,9376.0,0.4781445860862732
4.2890625,9376.0,0.47819748520851135
4.2890625,9376.0,0.4782503843307495
4.29296875,9376.0,0.47830328345298767
4.29296875,9384.0,0.47835618257522583
4.29296875,9384.0,0.478409081697464
4.29296875,9384.0,0.47846198081970215
4.29296875,9384.0,0.4785148799419403
4.296875,9384.0,0.47856777906417847
4.296875,9384.0,0.4786206781864166
4.296875,9384.0,0.4786735773086548
4.296875,9392.0,0.47872647643089294
4.296875,9392.0,0.4787793755531311
4.30078125,9392.0,0.47883227467536926
4.30078125,9392.0,0.4788851737976074
4.30078125,9392.0,0.4789380729198456
4.30078125,9392.0,0.47899097204208374
4.30078125,9392.0,0.4790438711643219
4.30078125,9400.0,0.47909677028656006
4.30078125,9400.0,0.4791496694087982
4.3046875,9400.0,0.4792025685310364
4.3046875,9400.0,0.47925546765327454
4.3046875,9400.0,0.4793083667755127
4.3046875,9400.0,0.47936126589775085
4.3046875,9400.0,0.479414165019989
4.3046875,9408.0,0.4794670641422272
4.3046875,9408.0,0.47951996326446533
4.30859375,9408.0,0.4795728623867035
4.30859375,9408.0,0.47962576150894165
4.30859375,9408.0,0.4796786606311798
4.30859375,9408.0,0.47973155975341797
4.30859375,9408.0,0.47978445887565613
4.30859375,9416.0,0.4798373579978943
4.30859375,9416.0,0.47989025712013245
4.3125,9416.0,0.4799431562423706
4.3125,9416.0,0.47999605536460876
4.3125,9416.0,0.4800489544868469
4.3125,9416.0,0.4801018536090851
4.3125,9416.0,0.48015475273132324
4.3125,9424.0,0.4802076518535614
4.31640625,9424.0,0.48026055097579956
4.31640625,9424.0,0.4803134500980377
4.31640625,9424.0,0.4803663492202759
4.31640625,9424.0,0.48041924834251404
4.31640625,9424.0,0.4804721474647522
4.31640625,9424.0,0.48052504658699036
4.3203125,9432.0,0.4805779457092285
4.3203125,9432.0,0.4806308448314667
4.3203125,9432.0,0.48068374395370483
4.3203125,9432.0,0.480736643075943
4.32421875,9432.0,0.48078954219818115
4.32421875,9432.0,0.4808424413204193
4.32421875,9432.0,0.48089534044265747
4.32421875,9440.0,0.48094823956489563
4.32421875,9440.0,0.4810011386871338
4.328125,9440.0,0.48105403780937195
4.328125,9440.0,0.4811069369316101
4.328125,9440.0,0.48115983605384827
4.33203125,9440.0,0.4812127351760864
4.33203125,9440.0,0.4812656342983246
4.33203125,9448.0,0.48131853342056274
4.33203125,9448.0,0.4813714325428009
4.3359375,9448.0,0.48142433166503906
4.3359375,9448.0,0.4814772307872772
4.3359375,9448.0,0.4815301299095154
4.33984375,9448.0,0.48158302903175354
4.33984375,9448.0,0.4816359281539917
4.33984375,9456.0,0.48168882727622986
4.34375,9456.0,0.481741726398468
4.34375,9456.0,0.4817946255207062
4.34765625,9456.0,0.48184752464294434
4.34765625,9456.0,0.4819004237651825
4.34765625,9456.0,0.48195332288742065
4.3515625,9456.0,0.4820062220096588
4.3515625,9464.0,0.482059121131897
4.3515625,9464.0,0.48211202025413513
4.35546875,9464.0,0.4821649193763733
4.35546875,9464.0,0.48221781849861145
4.35546875,9464.0,0.4822707176208496
4.359375,9464.0,0.48232361674308777
4.359375,9464.0,0.4823765158653259
4.36328125,9472.0,0.4824294149875641
4.36328125,9472.0,0.48248231410980225
4.36328125,9472.0,0.4825352132320404
4.3671875,9472.0,0.48258811235427856
4.3671875,9472.0,0.4826410114765167
4.3671875,9472.0,0.4826939105987549
4.37109375,9472.0,0.48274680972099304
4.37109375,9480.0,0.4827997088432312
4.37109375,9480.0,0.48285260796546936
4.375,9480.0,0.4829055070877075
4.375,9480.0,0.4829584062099457
4.375,9480.0,0.48301130533218384
4.37890625,9480.0,0.483064204454422
4.37890625,9480.0,0.48311710357666016
4.37890625,9488.0,0.4831700026988983
4.3828125,9488.0,0.4832229018211365
4.3828125,9488.0,0.48327580094337463
4.38671875,9488.0,0.4833287000656128
4.38671875,9488.0,0.48338159918785095
4.38671875,9488.0,0.4834344983100891
4.390625,9488.0,0.48348739743232727
4.390625,9496.0,0.48354029655456543
4.390625,9496.0,0.4835931956768036
4.39453125,9496.0,0.48364609479904175
4.39453125,9496.0,0.4836989939212799
4.39453125,9496.0,0.48375189304351807
4.3984375,9496.0,0.4838047921657562
4.3984375,9496.0,0.4838576912879944
4.3984375,9504.0,0.48391059041023254
4.3984375,9504.0,0.4839634895324707
4.40234375,9504.0,0.48401638865470886
4.40234375,9504.0,0.484069287776947
4.40234375,9504.0,0.4841221868991852
4.40625,9504.0,0.48417508602142334
4.40625,9504.0,0.4842279851436615
4.40625,9512.0,0.48428088426589966
4.40625,9512.0,0.4843337833881378
4.40625,9512.0,0.484386682510376
4.41015625,9512.0,0.48443958163261414
4.41015625,9512.0,0.4844924807548523
4.41015625,9512.0,0.48454537987709045
4.41015625,9512.0,0.4845982789993286
4.41015625,9520.0,0.4846511781215668
4.4140625,9520.0,0.48470407724380493
4.4140625,9520.0,0.4847569763660431
4.4140625,9520.0,0.48480987548828125
4.4140625,9520.0,0.4848627746105194
4.4140625,9520.0,0.48491567373275757
4.4140625,9520.0,0.4849685728549957
4.41796875,9528.0,0.4850214719772339
4.41796875,9528.0,0.48507437109947205
4.41796875,9528.0,0.4851272702217102
4.41796875,9528.0,0.48518016934394836
4.41796875,9528.0,0.4852330684661865
4.41796875,9528.0,0.4852859675884247
4.41796875,9528.0,0.48533886671066284
4.421875,9536.0,0.485391765832901
4.421875,9536.0,0.48544466495513916
4.421875,9536.0,0.4854975640773773
4.421875,9536.0,0.4855504631996155
4.421875,9536.0,0.48560336232185364
4.421875,9536.0,0.4856562614440918
4.42578125,9536.0,0.48570916056632996
4.42578125,9544.0,0.4857620596885681
4.42578125,9544.0,0.4858149588108063
4.42578125,9544.0,0.48586785793304443
4.42578125,9544.0,0.4859207570552826
4.42578125,9544.0,0.48597365617752075
4.42578125,9544.0,0.4860265552997589
4.42578125,9544.0,0.48607945442199707
4.4296875,9552.0,0.48613235354423523
4.4296875,9552.0,0.4861852526664734
4.4296875,9552.0,0.48623815178871155
4.4296875,9552.0,0.4862910509109497
4.4296875,9552.0,0.48634395003318787
4.4296875,9552.0,0.486396849155426
4.4296875,9552.0,0.4864497482776642
4.43359375,9560.0,0.48650264739990234
4.43359375,9560.0,0.4865555465221405
4.43359375,9560.0,0.48660844564437866
4.43359375,9560.0,0.4866613447666168
4.43359375,9560.0,0.486714243888855
4.43359375,9560.0,0.48676714301109314
4.4375,9560.0,0.4868200421333313
4.4375,9568.0,0.48687294125556946
4.4375,9568.0,0.4869258403778076
4.4375,9568.0,0.4869787395000458
4.44140625,9568.0,0.48703163862228394
4.44140625,9568.0,0.4870845377445221
4.44140625,9568.0,0.48713743686676025
4.44140625,9568.0,0.4871903359889984
4.4453125,9576.0,0.4872432351112366
4.4453125,9576.0,0.48729613423347473
4.4453125,9576.0,0.4873490333557129
4.4453125,9576.0,0.48740193247795105
4.44921875,9576.0,0.4874548316001892
4.44921875,9576.0,0.48750773072242737
4.44921875,9576.0,0.4875606298446655
4.44921875,9584.0,0.4876135289669037
4.453125,9584.0,0.48766642808914185
4.453125,9584.0,0.48771932721138
4.453125,9584.0,0.48777222633361816
4.45703125,9584.0,0.4878251254558563
4.45703125,9584.0,0.4878780245780945
4.45703125,9584.0,0.48793092370033264
4.4609375,9592.0,0.4879838228225708
4.4609375,9592.0,0.48803672194480896
4.4609375,9592.0,0.4880896210670471
4.46484375,9592.0,0.4881425201892853
4.46484375,9592.0,0.48819541931152344
4.46484375,9592.0,0.4882483184337616
4.46875,9592.0,0.48830121755599976
4.46875,9600.0,0.4883541166782379
4.47265625,9600.0,0.4884070158004761
4.47265625,9600.0,0.48845991492271423
4.47265625,9600.0,0.4885128140449524
4.4765625,9600.0,0.48856571316719055
4.4765625,9600.0,0.4886186122894287
4.48046875,9600.0,0.48867151141166687
4.48046875,9608.0,0.48872441053390503
4.48046875,9608.0,0.4887773096561432
4.484375,9608.0,0.48883020877838135
4.484375,9608.0,0.4888831079006195
4.484375,9608.0,0.48893600702285767
4.48828125,9608.0,0.4889889061450958
4.48828125,9608.0,0.489041805267334
4.4921875,9616.0,0.48909470438957214
4.4921875,9616.0,0.4891476035118103
4.4921875,9616.0,0.48920050263404846
4.49609375,9616.0,0.4892534017562866
4.49609375,9616.0,0.4893063008785248
4.49609375,9616.0,0.48935920000076294
4.5,9616.0,0.4894120991230011
4.5,9624.0,0.48946499824523926
4.50390625,9624.0,0.4895178973674774
4.50390625,9624.0,0.4895707964897156
4.50390625,9624.0,0.48962369561195374
4.5078125,9624.0,0.4896765947341919
4.5078125,9624.0,0.48972949385643005
4.5078125,9624.0,0.4897823929786682
4.51171875,9632.0,0.48983529210090637
4.51171875,9632.0,0.48988819122314453
4.51171875,9632.0,0.4899410903453827
4.515625,9632.0,0.48999398946762085
4.515625,9632.0,0.490046888589859
4.515625,9632.0,0.49009978771209717
4.51953125,9632.0,0.4901526868343353
4.51953125,9640.0,0.4902055859565735
4.51953125,9640.0,0.49025848507881165
4.5234375,9640.0,0.4903113842010498
4.5234375,9640.0,0.49036428332328796
4.5234375,9640.0,0.4904171824455261
4.52734375,9640.0,0.4904700815677643
4.52734375,9640.0,0.49052298069000244
4.52734375,9648.0,0.4905758798122406
4.52734375,9648.0,0.49062877893447876
4.53125,9648.0,0.4906816780567169
4.53125,9648.0,0.4907345771789551
4.53125,9648.0,0.49078747630119324
4.53125,9648.0,0.4908403754234314
4.53515625,9648.0,0.49089327454566956
4.53515625,9656.0,0.4909461736679077
4.53515625,9656.0,0.4909990727901459
4.53515625,9656.0,0.49105197191238403
4.5390625,9656.0,0.4911048710346222
4.5390625,9656.0,0.49115777015686035
4.5390625,9656.0,0.4912106692790985
4.5390625,9656.0,0.49126356840133667
4.54296875,9664.0,0.49131646752357483
4.54296875,9664.0,0.491369366645813
4.54296875,9664.0,0.49142226576805115
4.546875,9664.0,0.4914751648902893
4.546875,9664.0,0.49152806401252747
4.546875,9664.0,0.4915809631347656
4.546875,9664.0,0.4916338622570038
4.55078125,9672.0,0.49168676137924194
4.55078125,9672.0,0.4917396605014801
4.55078125,9672.0,0.49179255962371826
4.5546875,9672.0,0.4918454587459564
4.5546875,9672.0,0.4918983578681946
4.5546875,9672.0,0.49195125699043274
4.5546875,9672.0,0.4920041561126709
4.55859375,9680.0,0.49205705523490906
4.55859375,9680.0,0.4921099543571472
4.55859375,9680.0,0.4921628534793854
4.5625,9680.0,0.49221575260162354
4.5625,9680.0,0.4922686517238617
4.5625,9680.0,0.49232155084609985
4.56640625,9680.0,0.492374449968338
4.56640625,9688.0,0.49242734909057617
4.5703125,9688.0,0.49248024821281433
4.5703125,9688.0,0.4925331473350525
4.5703125,9688.0,0.49258604645729065
4.57421875,9688.0,0.4926389455795288
4.57421875,9688.0,0.49269184470176697
4.578125,9688.0,0.4927447438240051
4.578125,9696.0,0.4927976429462433
4.58203125,9696.0,0.49285054206848145
4.58203125,9696.0,0.4929034411907196
4.58203125,9696.0,0.49295634031295776
4.5859375,9696.0,0.4930092394351959
4.5859375,9696.0,0.4930621385574341
4.58984375,9696.0,0.49311503767967224
4.58984375,9704.0,0.4931679368019104
4.59375,9704.0,0.49322083592414856
4.59375,9704.0,0.4932737350463867
4.59765625,9704.0,0.4933266341686249
4.6015625,9704.0,0.49337953329086304
4.6015625,9704.0,0.4934324324131012
4.60546875,9704.0,0.49348533153533936
4.60546875,9712.0,0.4935382306575775
4.609375,9712.0,0.4935911297798157
4.609375,9712.0,0.49364402890205383
4.61328125,9712.0,0.493696928024292
4.6171875,9712.0,0.49374982714653015
4.6171875,9712.0,0.4938027262687683
4.62109375,9712.0,0.49385562539100647
4.625,9720.0,0.49390852451324463
4.625,9720.0,0.4939614236354828
4.62890625,9720.0,0.49401432275772095
4.62890625,9720.0,0.4940672218799591
4.6328125,9720.0,0.49412012100219727
4.63671875,9720.0,0.4941730201244354
4.63671875,9720.0,0.4942259192466736
4.640625,9728.0,0.49427881836891174
4.64453125,9728.0,0.4943317174911499
4.6484375,9728.0,0.49438461661338806
4.6484375,9728.0,0.4944375157356262
4.65234375,9728.0,0.4944904148578644
4.65625,9728.0,0.49454331398010254
4.65625,9728.0,0.4945962131023407
4.66015625,9728.0,0.49464911222457886
4.6640625,9736.0,0.494702011346817
4.6640625,9736.0,0.4947549104690552
4.66796875,9736.0,0.49480780959129333
4.671875,9736.0,0.4948607087135315
4.67578125,9736.0,0.49491360783576965
4.67578125,9736.0,0.4949665069580078
4.6796875,9736.0,0.49501940608024597
4.68359375,9744.0,0.49507230520248413
4.68359375,9744.0,0.4951252043247223
4.6875,9744.0,0.49517810344696045
4.69140625,9744.0,0.4952310025691986
4.69140625,9744.0,0.49528390169143677
4.6953125,9744.0,0.4953368008136749
4.69921875,9744.0,0.4953896999359131
4.703125,9752.0,0.49544259905815125
4.703125,9752.0,0.4954954981803894
4.70703125,9752.0,0.49554839730262756
4.7109375,9752.0,0.4956012964248657
4.7109375,9752.0,0.4956541955471039
4.71484375,9752.0,0.49570709466934204
4.71875,9752.0,0.4957599937915802
4.72265625,9760.0,0.49581289291381836
4.72265625,9760.0,0.4958657920360565
4.7265625,9760.0,0.4959186911582947
4.73046875,9760.0,0.49597159028053284
4.73046875,9760.0,0.496024489402771
4.734375,9760.0,0.49607738852500916
4.73828125,9760.0,0.4961302876472473
4.7421875,9768.0,0.4961831867694855
4.7421875,9768.0,0.49623608589172363
4.74609375,9768.0,0.4962889850139618
4.75,9768.0,0.49634188413619995
4.75,9768.0,0.4963947832584381
4.75390625,9768.0,0.49644768238067627
4.7578125,9768.0,0.49650058150291443
4.76171875,9776.0,0.4965534806251526
4.76171875,9776.0,0.49660637974739075
4.765625,9776.0,0.4966592788696289
4.76953125,9776.0,0.49671217799186707
4.76953125,9776.0,0.4967650771141052
4.7734375,9776.0,0.4968179762363434
4.77734375,9776.0,0.49687087535858154
4.78125,9784.0,0.4969237744808197
4.78515625,9784.0,0.49697667360305786
4.78515625,9784.0,0.497029572725296
4.7890625,9784.0,0.4970824718475342
4.79296875,9784.0,0.49713537096977234
4.796875,9784.0,0.4971882700920105
4.796875,9784.0,0.49724116921424866
4.80078125,9792.0,0.4972940683364868
4.8046875,9792.0,0.497346967458725
4.80859375,9792.0,0.49739986658096313
4.8125,9792.0,0.4974527657032013
4.81640625,9792.0,0.49750566482543945
4.8203125,9792.0,0.4975585639476776
4.8203125,9792.0,0.49761146306991577
4.82421875,9800.0,0.49766436219215393
4.828125,9800.0,0.4977172613143921
4.83203125,9800.0,0.49777016043663025
4.8359375,9800.0,0.4978230595588684
4.83984375,9800.0,0.49787595868110657
4.84375,9800.0,0.4979288578033447
4.84765625,9800.0,0.4979817569255829
4.8515625,9808.0,0.49803465604782104
4.85546875,9808.0,0.4980875551700592
4.859375,9808.0,0.49814045429229736
4.86328125,9808.0,0.4981933534145355
4.8671875,9808.0,0.4982462525367737
4.87109375,9808.0,0.49829915165901184
4.875,9808.0,0.49835205078125
4.87890625,9816.0,0.49840494990348816
4.8828125,9816.0,0.4984578490257263
4.88671875,9816.0,0.4985107481479645
4.890625,9816.0,0.49856364727020264
4.89453125,9816.0,0.4986165463924408
4.8984375,9816.0,0.49866944551467896
4.90234375,9816.0,0.4987223446369171
4.90625,9824.0,0.4987752437591553
4.91015625,9824.0,0.49882814288139343
4.91796875,9824.0,0.4988810420036316
4.921875,9824.0,0.49893394112586975
4.92578125,9824.0,0.4989868402481079
4.9296875,9824.0,0.49903973937034607
4.93359375,9824.0,0.49909263849258423
4.94140625,9832.0,0.4991455376148224
4.9453125,9832.0,0.49919843673706055
4.94921875,9832.0,0.4992513358592987
4.953125,9832.0,0.49930423498153687
4.95703125,9832.0,0.499357134103775
4.96484375,9832.0,0.4994100332260132
4.96875,9832.0,0.49946293234825134
4.97265625,9840.0,0.4995158314704895
4.9765625,9840.0,0.49956873059272766
4.984375,9840.0,0.4996216297149658
4.98828125,9840.0,0.499674528837204
4.9921875,9840.0,0.49972742795944214
5.0,9840.0,0.4997803270816803
5.00390625,9840.0,0.49983322620391846
5.0078125,9848.0,0.4998861253261566
5.01171875,9848.0,0.4999390244483948
5.015625,9848.0,0.49999192357063293
5.0234375,9848.0,0.5000447034835815
5.02734375,9848.0,0.5000974535942078
5.03125,9848.0,0.500150203704834
5.03515625,9848.0,0.5002029538154602
5.0390625,9856.0,0.5002557039260864
5.046875,9856.0,0.5003084540367126
5.05078125,9856.0,0.5003612041473389
5.0546875,9856.0,0.5004139542579651
5.05859375,9856.0,0.5004667043685913
5.0625,9856.0,0.5005194544792175
5.06640625,9856.0,0.5005722045898438
5.0703125,9864.0,0.50062495470047
5.07421875,9864.0,0.5006777048110962
5.078125,9864.0,0.5007304549217224
5.08203125,9864.0,0.5007832050323486
5.0859375,9864.0,0.5008359551429749
5.08984375,9864.0,0.5008887052536011
5.09375,9864.0,0.5009414553642273
5.09765625,9872.0,0.5009942054748535
5.1015625,9872.0,0.5010469555854797
5.1015625,9872.0,0.501099705696106
5.10546875,9872.0,0.5011524558067322
5.109375,9872.0,0.5012052059173584
5.11328125,9872.0,0.5012579560279846
5.1171875,9872.0,0.5013107061386108
5.12109375,9880.0,0.5013634562492371
5.12109375,9880.0,0.5014162063598633
5.125,9880.0,0.5014689564704895
5.12890625,9880.0,0.5015217065811157
5.12890625,9880.0,0.5015744566917419
5.1328125,9880.0,0.5016272068023682
5.13671875,9880.0,0.5016799569129944
5.13671875,9888.0,0.5017327070236206
5.140625,9888.0,0.5017854571342468
5.140625,9888.0,0.501838207244873
5.14453125,9888.0,0.5018909573554993
5.14453125,9888.0,0.5019437074661255
5.1484375,9888.0,0.5019964575767517
5.1484375,9888.0,0.5020492076873779
5.15234375,9896.0,0.5021019577980042
5.15234375,9896.0,0.5021547079086304
5.15625,9896.0,0.5022074580192566
5.15625,9896.0,0.5022602081298828
5.16015625,9896.0,0.502312958240509
5.16015625,9896.0,0.5023657083511353
5.1640625,9896.0,0.5024184584617615
5.1640625,9904.0,0.5024712085723877
5.1640625,9904.0,0.5025239586830139
5.16796875,9904.0,0.5025767087936401
5.16796875,9904.0,0.5026294589042664
5.16796875,9904.0,0.5026822090148926
5.171875,9904.0,0.5027349591255188
5.171875,9904.0,0.502787709236145
5.171875,9912.0,0.5028404593467712
5.17578125,9912.0,0.5028932094573975
5.17578125,9912.0,0.5029459595680237
5.17578125,9912.0,0.5029987096786499
5.1796875,9912.0,0.5030514597892761
5.1796875,9912.0,0.5031042098999023
5.1796875,9912.0,0.5031569600105286
5.1796875,9920.0,0.5032097101211548
5.18359375,9920.0,0.503262460231781
5.18359375,9920.0,0.5033152103424072
5.18359375,9920.0,0.5033679604530334
5.18359375,9920.0,0.5034207105636597
5.1875,9920.0,0.5034734606742859
5.1875,9920.0,0.5035262107849121
5.1875,9920.0,0.5035789608955383
5.1875,9928.0,0.5036317110061646
5.1875,9928.0,0.5036844611167908
5.19140625,9928.0,0.503737211227417
5.19140625,9928.0,0.5037899613380432
5.19140625,9928.0,0.5038427114486694
5.19140625,9928.0,0.5038954615592957
5.19140625,9928.0,0.5039482116699219
5.1953125,9936.0,0.5040009617805481
5.1953125,9936.0,0.5040537118911743
5.1953125,9936.0,0.5041064620018005
5.1953125,9936.0,0.5041592121124268
5.1953125,9936.0,0.504211962223053
5.19921875,9936.0,0.5042647123336792
5.19921875,9936.0,0.5043174624443054
5.19921875,9944.0,0.5043702125549316
5.19921875,9944.0,0.5044229626655579
5.19921875,9944.0,0.5044757127761841
5.203125,9944.0,0.5045284628868103
5.203125,9944.0,0.5045812129974365
5.203125,9944.0,0.5046339631080627
5.203125,9944.0,0.504686713218689
5.203125,9952.0,0.5047394633293152
5.20703125,9952.0,0.5047922134399414
5.20703125,9952.0,0.5048449635505676
5.20703125,9952.0,0.5048977136611938
5.20703125,9952.0,0.5049504637718201
5.20703125,9952.0,0.5050032138824463
5.20703125,9952.0,0.5050559639930725
5.2109375,9960.0,0.5051087141036987
5.2109375,9960.0,0.505161464214325
5.2109375,9960.0,0.5052142143249512
5.2109375,9960.0,0.5052669644355774
5.2109375,9960.0,0.5053197145462036
5.21484375,9960.0,0.5053724646568298
5.21484375,9960.0,0.505425214767456
5.21484375,9968.0,0.5054779648780823
5.21484375,9968.0,0.5055307149887085
5.21484375,9968.0,0.5055834650993347
5.21484375,9968.0,0.5056362152099609
5.21875,9968.0,0.5056889653205872
5.21875,9968.0,0.5057417154312134
5.21875,9968.0,0.5057944655418396
5.21875,9976.0,0.5058472156524658
5.22265625,9976.0,0.505899965763092
5.22265625,9976.0,0.5059527158737183
5.22265625,9976.0,0.5060054659843445
5.22265625,9976.0,0.5060582160949707
5.2265625,9976.0,0.5061109662055969
5.2265625,9976.0,0.5061637163162231
5.2265625,9984.0,0.5062164664268494
5.23046875,9984.0,0.5062692165374756
5.23046875,9984.0,0.5063219666481018
5.23046875,9984.0,0.506374716758728
5.234375,9984.0,0.5064274668693542
5.234375,9984.0,0.5064802169799805
5.23828125,9984.0,0.5065329670906067
5.23828125,9992.0,0.5065857172012329
5.2421875,9992.0,0.5066384673118591
5.2421875,9992.0,0.5066912174224854
5.24609375,9992.0,0.5067439675331116
5.25,9992.0,0.5067967176437378
5.25,9992.0,0.506849467754364
5.25390625,9992.0,0.5069022178649902
5.25390625,10000.0,0.5069549679756165
5.2578125,10000.0,0.5070077180862427
5.26171875,10000.0,0.5070604681968689
5.265625,10000.0,0.5071132183074951
5.265625,10000.0,0.5071659684181213
5.26953125,10000.0,0.5072187185287476
5.2734375,10000.0,0.5072714686393738
5.2734375,10008.0,0.50732421875
5.27734375,10008.0,0.5073769688606262
5.28125,10008.0,0.5074297189712524
5.28125,10008.0,0.5074824690818787
5.28515625,10008.0,0.5075352191925049
5.2890625,10008.0,0.5075879693031311
5.29296875,10008.0,0.5076407194137573
5.29296875,10016.0,0.5076934695243835
5.296875,10016.0,0.5077462196350098
5.296875,10016.0,0.507798969745636
5.30078125,10016.0,0.5078517198562622
5.3046875,10016.0,0.5079044699668884
5.3046875,10016.0,0.5079572200775146
5.30859375,10016.0,0.5080099701881409
5.3125,10024.0,0.5080627202987671
5.3125,10024.0,0.5081154704093933
5.31640625,10024.0,0.5081682205200195
5.3203125,10024.0,0.5082209706306458
5.32421875,10024.0,0.508273720741272
5.32421875,10024.0,0.5083264708518982
5.328125,10024.0,0.5083792209625244
5.33203125,10032.0,0.5084319710731506
5.3359375,10032.0,0.5084847211837769
5.33984375,10032.0,0.5085374712944031
5.34375,10032.0,0.5085902214050293
5.34375,10032.0,0.5086429715156555
5.34765625,10032.0,0.5086957216262817
5.3515625,10032.0,0.508748471736908
5.35546875,10032.0,0.5088012218475342
5.359375,10040.0,0.5088539719581604
5.3671875,10040.0,0.5089067220687866
5.37109375,10040.0,0.5089594721794128
5.375,10040.0,0.5090122222900391
5.37890625,10040.0,0.5090649724006653
5.3828125,10040.0,0.5091177225112915
5.38671875,10040.0,0.5091704726219177
5.390625,10048.0,0.509223222732544
5.39453125,10048.0,0.5092759728431702
5.40234375,10048.0,0.5093287229537964
5.40625,10048.0,0.5093814730644226
5.41015625,10048.0,0.5094342231750488
5.4140625,10048.0,0.509486973285675
5.421875,10048.0,0.5095397233963013
5.42578125,10056.0,0.5095924735069275
5.4296875,10056.0,0.5096452236175537
5.4375,10056.0,0.5096979737281799
5.44140625,10056.0,0.5097507238388062
5.4453125,10056.0,0.5098034739494324
5.453125,10056.0,0.5098562240600586
5.45703125,10056.0,0.5099089741706848
5.46484375,10064.0,0.509961724281311
5.46875,10064.0,0.5100144743919373
5.4765625,10064.0,0.5100672245025635
5.484375,10064.0,0.5101199746131897
5.48828125,10064.0,0.5101727247238159
5.49609375,10064.0,0.5102254748344421
5.50390625,10064.0,0.5102782249450684
5.5078125,10072.0,0.5103309750556946
5.515625,10072.0,0.5103837251663208
5.5234375,10072.0,0.510436475276947
5.52734375,10072.0,0.5104892253875732
5.53515625,10072.0,0.5105419754981995
5.54296875,10072.0,0.5105947256088257
5.55078125,10072.0,0.5106474757194519
5.55859375,10080.0,0.5107002258300781
5.5625,10080.0,0.5107529759407043
5.5703125,10080.0,0.5108057260513306
5.578125,10080.0,0.5108584761619568
5.5859375,10080.0,0.510911226272583
5.59375,10080.0,0.5109639763832092
5.6015625,10080.0,0.5110167264938354
5.609375,10088.0,0.5110694766044617
5.6171875,10088.0,0.5111222267150879
5.625,10088.0,0.5111749768257141
5.6328125,10088.0,0.5112277269363403
5.640625,10088.0,0.5112804770469666
5.6484375,10088.0,0.5113332271575928
5.65625,10088.0,0.511385977268219
5.6640625,10096.0,0.5114387273788452
5.671875,10096.0,0.5114914774894714
5.6796875,10096.0,0.5115442276000977
5.6875,10096.0,0.5115969777107239
5.6953125,10096.0,0.5116497278213501
5.703125,10096.0,0.5117024779319763
5.7109375,10096.0,0.5117552280426025
5.71875,10104.0,0.5118079781532288
5.7265625,10104.0,0.511860728263855
5.73828125,10104.0,0.5119134783744812
5.74609375,10104.0,0.5119662284851074
5.75390625,10104.0,0.5120189785957336
5.76171875,10104.0,0.5120717287063599
5.76953125,10104.0,0.5121244788169861
5.77734375,10112.0,0.5121772289276123
5.78515625,10112.0,0.5122299790382385
5.796875,10112.0,0.5122827291488647
5.8046875,10112.0,0.512335479259491
5.8125,10112.0,0.5123882293701172
5.8203125,10112.0,0.5124409794807434
5.828125,10112.0,0.5124937295913696
5.8359375,10112.0,0.5125464797019958
5.84375,10120.0,0.5125992298126221
5.85546875,10120.0,0.5126519799232483
5.86328125,10120.0,0.5127047300338745
5.8671875,10120.0,0.5127574801445007
5.875,10120.0,0.512810230255127
5.8828125,10120.0,0.5128629803657532
5.890625,10120.0,0.5129157304763794
5.8984375,10128.0,0.5129684805870056
5.90625,10128.0,0.5130212306976318
5.91015625,10128.0,0.5130739808082581
5.91796875,10128.0,0.5131267309188843
5.92578125,10128.0,0.5131794810295105
5.9296875,10128.0,0.5132322311401367
5.93359375,10128.0,0.5132849812507629
5.94140625,10136.0,0.5133377313613892
5.9453125,10136.0,0.5133904814720154
5.94921875,10136.0,0.5134432315826416
5.953125,10136.0,0.5134959816932678
5.95703125,10136.0,0.513548731803894
5.9609375,10136.0,0.5136014819145203
5.96484375,10136.0,0.5136542320251465
5.96875,10144.0,0.5137069821357727
5.97265625,10144.0,0.5137597322463989
5.9765625,10144.0,0.5138124823570251
5.9765625,10144.0,0.5138652324676514
5.98046875,10144.0,0.5139179825782776
5.98046875,10144.0,0.5139707326889038
5.984375,10144.0,0.51402348279953
5.984375,10152.0,0.5140762329101562
5.984375,10152.0,0.5141289830207825
5.98828125,10152.0,0.5141817331314087
5.98828125,10152.0,0.5142344832420349
5.98828125,10152.0,0.5142872333526611
5.98828125,10152.0,0.5143399834632874
5.9921875,10152.0,0.5143927335739136
5.9921875,10160.0,0.5144454836845398
5.9921875,10160.0,0.514498233795166
5.9921875,10160.0,0.5145509839057922
5.9921875,10160.0,0.5146037340164185
5.9921875,10160.0,0.5146564841270447
5.9921875,10160.0,0.5147092342376709
5.9921875,10160.0,0.5147619843482971
5.9921875,10168.0,0.5148147344589233
5.9921875,10168.0,0.5148674845695496
5.9921875,10168.0,0.5149202346801758
5.9921875,10168.0,0.514972984790802
5.98828125,10168.0,0.5150257349014282
5.98828125,10168.0,0.5150784850120544
5.98828125,10168.0,0.5151312351226807
5.98828125,10176.0,0.5151839852333069
5.98828125,10176.0,0.5152367353439331
5.984375,10176.0,0.5152894854545593
5.984375,10176.0,0.5153422355651855
5.98046875,10176.0,0.5153949856758118
5.98046875,10176.0,0.515447735786438
5.98046875,10176.0,0.5155004858970642
5.9765625,10176.0,0.5155532360076904
5.9765625,10184.0,0.5156059861183167
5.97265625,10184.0,0.5156587362289429
5.97265625,10184.0,0.5157114863395691
5.97265625,10184.0,0.5157642364501953
5.96875,10184.0,0.5158169865608215
5.96875,10184.0,0.5158697366714478
5.96484375,10184.0,0.515922486782074
5.9609375,10192.0,0.5159752368927002
5.9609375,10192.0,0.5160279870033264
5.95703125,10192.0,0.5160807371139526
5.95703125,10192.0,0.5161334872245789
5.953125,10192.0,0.5161862373352051
5.953125,10192.0,0.5162389874458313
5.94921875,10192.0,0.5162917375564575
5.9453125,10200.0,0.5163444876670837
5.9453125,10200.0,0.51639723777771
5.94140625,10200.0,0.5164499878883362
5.9375,10200.0,0.5165027379989624
5.93359375,10200.0,0.5165554881095886
5.9296875,10200.0,0.5166082382202148
5.9296875,10200.0,0.5166609883308411
5.92578125,10208.0,0.5167137384414673
5.921875,10208.0,0.5167664885520935
5.91796875,10208.0,0.5168192386627197
5.9140625,10208.0,0.516871988773346
5.91015625,10208.0,0.5169247388839722
5.90625,10208.0,0.5169774889945984
5.90234375,10208.0,0.5170302391052246
5.89453125,10216.0,0.5170829892158508
5.890625,10216.0,0.517135739326477
5.88671875,10216.0,0.5171884894371033
5.87890625,10216.0,0.5172412395477295
5.875,10216.0,0.5172939896583557
5.8671875,10216.0,0.5173467397689819
5.86328125,10216.0,0.5173994898796082
5.85546875,10224.0,0.5174522399902344
5.84765625,10224.0,0.5175049901008606
5.84375,10224.0,0.5175577402114868
5.8359375,10224.0,0.517610490322113
5.828125,10224.0,0.5176632404327393
5.8203125,10224.0,0.5177159905433655
5.8125,10224.0,0.5177687406539917
5.8046875,10232.0,0.5178214907646179
5.79296875,10232.0,0.5178742408752441
5.78515625,10232.0,0.5179269909858704
5.77734375,10232.0,0.5179797410964966
5.76953125,10232.0,0.5180324912071228
5.76171875,10232.0,0.518085241317749
5.75,10232.0,0.5181379914283752
5.7421875,10232.0,0.5181907415390015
5.734375,10240.0,0.5182434916496277
5.7265625,10240.0,0.5182962417602539
5.71875,10240.0,0.5183489918708801
5.7109375,10240.0,0.5184017419815063
5.69921875,10240.0,0.5184544920921326
5.69140625,10240.0,0.5185072422027588
5.68359375,10240.0,0.518559992313385
5.67578125,10248.0,0.5186127424240112
5.66796875,10248.0,0.5186654925346375
5.66015625,10248.0,0.5187182426452637
5.65234375,10248.0,0.5187709927558899
5.64453125,10248.0,0.5188237428665161
5.63671875,10248.0,0.5188764929771423
5.625,10248.0,0.5189292430877686
5.6171875,10256.0,0.5189819931983948
5.609375,10256.0,0.519034743309021
5.6015625,10256.0,0.5190874934196472
5.59375,10256.0,0.5191402435302734
5.5859375,10256.0,0.5191929936408997
5.578125,10256.0,0.5192457437515259
5.5703125,10256.0,0.5192984938621521
5.5625,10264.0,0.5193512439727783
5.5546875,10264.0,0.5194039940834045
5.55078125,10264.0,0.5194567441940308
5.54296875,10264.0,0.519509494304657
5.53515625,10264.0,0.5195622444152832
5.52734375,10264.0,0.5196149945259094
5.51953125,10264.0,0.5196677446365356
5.51171875,10272.0,0.5197204947471619
5.50390625,10272.0,0.5197732448577881
5.5,10272.0,0.5198259949684143
5.4921875,10272.0,0.5198787450790405
5.484375,10272.0,0.5199314951896667
5.48046875,10272.0,0.519984245300293
5.47265625,10272.0,0.5200369954109192
5.46875,10280.0,0.5200897455215454
5.4609375,10280.0,0.5201424956321716
5.45703125,10280.0,0.5201952457427979
5.453125,10280.0,0.5202479958534241
5.4453125,10280.0,0.5203007459640503
5.44140625,10280.0,0.5203534960746765
5.4375,10280.0,0.5204062461853027
5.43359375,10280.0,0.520458996295929
5.4296875,10288.0,0.5205117464065552
5.42578125,10288.0,0.5205644965171814
5.421875,10288.0,0.5206172466278076
5.41796875,10288.0,0.5206699967384338
5.4140625,10288.0,0.5207227468490601
5.41015625,10288.0,0.5207754969596863
5.41015625,10288.0,0.5208282470703125
5.40625,10296.0,0.5208809971809387
5.40625,10296.0,0.5209337472915649
5.40234375,10296.0,0.5209864974021912
5.40234375,10296.0,0.5210392475128174
5.3984375,10296.0,0.5210919976234436
5.3984375,10296.0,0.5211447477340698
5.3984375,10296.0,0.521197497844696
5.3984375,10304.0,0.5212502479553223
5.3984375,10304.0,0.5213029980659485
5.3984375,10304.0,0.5213557481765747
5.3984375,10304.0,0.5214084982872009
5.3984375,10304.0,0.5214612483978271
5.3984375,10304.0,0.5215139985084534
5.3984375,10304.0,0.5215667486190796
5.3984375,10312.0,0.5216194987297058
5.40234375,10312.0,0.521672248840332
5.40234375,10312.0,0.5217249989509583
5.40234375,10312.0,0.5217777490615845
5.40625,10312.0,0.5218304991722107
5.40625,10312.0,0.5218832492828369
5.41015625,10312.0,0.5219359993934631
5.41015625,10320.0,0.5219887495040894
5.4140625,10320.0,0.5220414996147156
5.4140625,10320.0,0.5220942497253418
5.41796875,10320.0,0.522146999835968
5.421875,10320.0,0.5221997499465942
5.42578125,10320.0,0.5222525000572205
5.42578125,10320.0,0.5223052501678467
5.4296875,10328.0,0.5223580002784729
5.43359375,10328.0,0.5224107503890991
5.4375,10328.0,0.5224635004997253
5.4375,10328.0,0.5225162506103516
5.44140625,10328.0,0.5225690007209778
5.4453125,10328.0,0.522621750831604
5.44921875,10328.0,0.5226745009422302
5.453125,10328.0,0.5227272510528564
5.453125,10336.0,0.5227800011634827
5.45703125,10336.0,0.5228327512741089
5.4609375,10336.0,0.5228855013847351
5.46484375,10336.0,0.5229382514953613
5.46875,10336.0,0.5229910016059875
5.47265625,10336.0,0.5230437517166138
5.4765625,10336.0,0.52309650182724
5.4765625,10344.0,0.5231492519378662
5.48046875,10344.0,0.5232020020484924
5.484375,10344.0,0.5232547521591187
5.48828125,10344.0,0.5233075022697449
5.4921875,10344.0,0.5233602523803711
5.49609375,10344.0,0.5234130024909973
5.5,10344.0,0.5234657526016235
5.50390625,10352.0,0.5235185027122498
5.5078125,10352.0,0.523571252822876
5.51171875,10352.0,0.5236240029335022
5.515625,10352.0,0.5236767530441284
5.51953125,10352.0,0.5237295031547546
5.5234375,10352.0,0.5237822532653809
5.52734375,10352.0,0.5238350033760071
5.53515625,10360.0,0.5238877534866333
5.5390625,10360.0,0.5239405035972595
5.54296875,10360.0,0.5239932537078857
5.55078125,10360.0,0.524046003818512
5.5546875,10360.0,0.5240987539291382
5.55859375,10360.0,0.5241515040397644
5.56640625,10360.0,0.5242042541503906
5.5703125,10368.0,0.5242570042610168
5.578125,10368.0,0.5243097543716431
5.5859375,10368.0,0.5243625044822693
5.58984375,10368.0,0.5244152545928955
5.59765625,10368.0,0.5244680047035217
5.60546875,10368.0,0.524520754814148
5.61328125,10368.0,0.5245735049247742
5.62109375,10368.0,0.5246262550354004
5.62890625,10376.0,0.5246790051460266
5.63671875,10376.0,0.5247317552566528
5.64453125,10376.0,0.524784505367279
5.65234375,10376.0,0.5248372554779053
5.66015625,10376.0,0.5248900055885315
5.66796875,10376.0,0.5249427556991577
5.67578125,10376.0,0.5249955058097839
5.68359375,10384.0,0.5250482559204102
5.6953125,10384.0,0.5251010060310364
5.703125,10384.0,0.5251537561416626
5.7109375,10384.0,0.5252065062522888
5.71875,10384.0,0.525259256362915
5.73046875,10384.0,0.5253120064735413
5.73828125,10384.0,0.5253647565841675
5.74609375,10392.0,0.5254175066947937
5.75390625,10392.0,0.5254702568054199
5.76171875,10392.0,0.5255230069160461
5.7734375,10392.0,0.5255757570266724
5.78125,10392.0,0.5256285071372986
5.7890625,10392.0,0.5256812572479248
5.796875,10392.0,0.525734007358551
5.8046875,10400.0,0.5257867574691772
5.8125,10400.0,0.5258395075798035
5.8203125,10400.0,0.5258922576904297
5.828125,10400.0,0.5259450078010559
5.83984375,10400.0,0.5259977579116821
5.84765625,10400.0,0.5260505080223083
5.85546875,10400.0,0.5261032581329346
5.86328125,10408.0,0.5261560082435608
5.87109375,10408.0,0.526208758354187
5.87890625,10408.0,0.5262615084648132
5.88671875,10408.0,0.5263142585754395
5.890625,10408.0,0.5263670086860657
5.8984375,10408.0,0.5264197587966919
5.90625,10408.0,0.5264725089073181
5.9140625,10408.0,0.5265252590179443
5.921875,10416.0,0.5265780091285706
5.9296875,10416.0,0.5266307592391968
5.9375,10416.0,0.526683509349823
5.94140625,10416.0,0.5267362594604492
5.94921875,10416.0,0.5267890095710754
5.95703125,10416.0,0.5268417596817017
5.9609375,10416.0,0.5268945097923279
5.96875,10424.0,0.5269472599029541
5.97265625,10424.0,0.5270000100135803
5.98046875,10424.0,0.5270527601242065
5.984375,10424.0,0.5271055102348328
5.98828125,10424.0,0.527158260345459
5.9921875,10424.0,0.5272110104560852
6.0,10424.0,0.5272637605667114
6.00390625,10432.0,0.5273165106773376
6.0078125,10432.0,0.5273692607879639
6.01171875,10432.0,0.5274220108985901
6.015625,10432.0,0.5274747610092163
6.015625,10432.0,0.5275275111198425
6.01953125,10432.0,0.5275802612304688
6.0234375,10432.0,0.527633011341095
6.0234375,10440.0,0.5276857614517212
6.02734375,10440.0,0.5277385115623474
6.02734375,10440.0,0.5277912616729736
6.03125,10440.0,0.5278440117835999
6.03125,10440.0,0.5278967618942261
6.03515625,10440.0,0.5279495120048523
6.03515625,10440.0,0.5280022621154785
6.03515625,10440.0,0.5280550122261047
6.0390625,10448.0,0.528107762336731
6.0390625,10448.0,0.5281605124473572
6.0390625,10448.0,0.5282132625579834
6.0390625,10448.0,0.5282660126686096
6.0390625,10448.0,0.5283187627792358
6.0390625,10448.0,0.5283715128898621
6.0390625,10448.0,0.5284242630004883
6.0390625,10456.0,0.5284770131111145
6.04296875,10456.0,0.5285297632217407
6.04296875,10456.0,0.5285825133323669
6.0390625,10456.0,0.5286352634429932
6.0390625,10456.0,0.5286880135536194
6.0390625,10456.0,0.5287407636642456
6.0390625,10456.0,0.5287935137748718
6.0390625,10464.0,0.528846263885498
6.0390625,10464.0,0.5288990139961243
6.0390625,10464.0,0.5289517641067505
6.0390625,10464.0,0.5290045142173767
6.0390625,10464.0,0.5290572643280029
6.03515625,10464.0,0.5291100144386292
6.03515625,10464.0,0.5291627645492554
6.03515625,10472.0,0.5292155146598816
6.03515625,10472.0,0.5292682647705078
6.03125,10472.0,0.529321014881134
6.03125,10472.0,0.5293737649917603
6.03125,10472.0,0.5294265151023865
6.02734375,10472.0,0.5294792652130127
6.02734375,10472.0,0.5295320153236389
6.02734375,10472.0,0.5295847654342651
6.0234375,10480.0,0.5296375155448914
6.0234375,10480.0,0.5296902656555176
6.01953125,10480.0,0.5297430157661438
6.01953125,10480.0,0.52979576587677
6.015625,10480.0,0.5298485159873962
6.015625,10480.0,0.5299012660980225
6.01171875,10480.0,0.5299540162086487
6.0078125,10488.0,0.5300067663192749
6.0078125,10488.0,0.5300595164299011
6.00390625,10488.0,0.5301122665405273
6.00390625,10488.0,0.5301650166511536
6.0,10488.0,0.5302177667617798
6.0,10488.0,0.530270516872406
5.99609375,10488.0,0.5303232669830322
5.9921875,10496.0,0.5303760170936584
5.9921875,10496.0,0.5304287672042847
5.98828125,10496.0,0.5304815173149109
5.984375,10496.0,0.5305342674255371
5.984375,10496.0,0.5305870175361633
5.98046875,10496.0,0.5306397676467896
5.9765625,10496.0,0.5306925177574158
5.9765625,10504.0,0.530745267868042
5.97265625,10504.0,0.5307980179786682
5.96875,10504.0,0.5308507680892944
5.96875,10504.0,0.5309035181999207
5.96484375,10504.0,0.5309562683105469
5.9609375,10504.0,0.5310090184211731
5.95703125,10504.0,0.5310617685317993
5.953125,10504.0,0.5311145186424255
5.953125,10512.0,0.5311672687530518
5.94921875,10512.0,0.531220018863678
5.9453125,10512.0,0.5312727689743042
5.94140625,10512.0,0.5313255190849304
5.9375,10512.0,0.5313782691955566
5.93359375,10512.0,0.5314310193061829
5.9296875,10512.0,0.5314837694168091
5.92578125,10520.0,0.5315365195274353
5.91796875,10520.0,0.5315892696380615
5.9140625,10520.0,0.5316420197486877
5.91015625,10520.0,0.531694769859314
5.90625,10520.0,0.5317475199699402
5.8984375,10520.0,0.5318002700805664
5.89453125,10520.0,0.5318530201911926
5.890625,10528.0,0.5319057703018188
5.8828125,10528.0,0.5319585204124451
5.87890625,10528.0,0.5320112705230713
5.87109375,10528.0,0.5320640206336975
5.8671875,10528.0,0.5321167707443237
5.859375,10528.0,0.53216952085495
5.8515625,10528.0,0.5322222709655762
5.84765625,10536.0,0.5322750210762024
5.83984375,10536.0,0.5323277711868286
5.83203125,10536.0,0.5323805212974548
5.828125,10536.0,0.532433271408081
5.8203125,10536.0,0.5324860215187073
5.8125,10536.0,0.5325387716293335
5.8046875,10536.0,0.5325915217399597
5.796875,10536.0,0.5326442718505859
5.79296875,10544.0,0.5326970219612122
5.78515625,10544.0,0.5327497720718384
5.77734375,10544.0,0.5328025221824646
5.76953125,10544.0,0.5328552722930908
5.76171875,10544.0,0.532908022403717
5.75390625,10544.0,0.5329607725143433
5.74609375,10544.0,0.5330135226249695
5.73828125,10552.0,0.5330662727355957
5.73046875,10552.0,0.5331190228462219
5.72265625,10552.0,0.5331717729568481
5.71484375,10552.0,0.5332245230674744
5.7109375,10552.0,0.5332772731781006
5.703125,10552.0,0.5333300232887268
5.6953125,10552.0,0.533382773399353
5.6875,10560.0,0.5334355235099792
5.68359375,10560.0,0.5334882736206055
5.67578125,10560.0,0.5335410237312317
5.66796875,10560.0,0.5335937738418579
5.6640625,10560.0,0.5336465239524841
5.65625,10560.0,0.5336992740631104
5.65234375,10560.0,0.5337520241737366
5.64453125,10568.0,0.5338047742843628
5.640625,10568.0,0.533857524394989
5.6328125,10568.0,0.5339102745056152
5.62890625,10568.0,0.5339630246162415
5.625,10568.0,0.5340157747268677
5.62109375,10568.0,0.5340685248374939
5.61328125,10568.0,0.5341212749481201
5.609375,10568.0,0.5341740250587463
5.60546875,10576.0,0.5342267751693726
5.6015625,10576.0,0.5342795252799988
5.59765625,10576.0,0.534332275390625
5.59375,10576.0,0.5343850255012512
5.58984375,10576.0,0.5344377756118774
5.5859375,10576.0,0.5344905257225037
5.58203125,10576.0,0.5345432758331299
5.578125,10584.0,0.5345960259437561
5.578125,10584.0,0.5346487760543823
5.57421875,10584.0,0.5347015261650085
5.5703125,10584.0,0.5347542762756348
5.56640625,10584.0,0.534807026386261
5.56640625,10584.0,0.5348597764968872
5.5625,10584.0,0.5349125266075134
5.5625,10592.0,0.5349652767181396
5.55859375,10592.0,0.5350180268287659
5.55859375,10592.0,0.5350707769393921
5.5546875,10592.0,0.5351235270500183
5.5546875,10592.0,0.5351762771606445
5.55078125,10592.0,0.5352290272712708
5.55078125,10592.0,0.535281777381897
5.546875,10592.0,0.5353345274925232
5.546875,10600.0,0.5353872776031494
5.546875,10600.0,0.5354400277137756
5.54296875,10600.0,0.5354927778244019
5.54296875,10600.0,0.5355455279350281
5.54296875,10600.0,0.5355982780456543
5.54296875,10600.0,0.5356510281562805
5.54296875,10600.0,0.5357037782669067
5.54296875,10608.0,0.535756528377533
5.54296875,10608.0,0.5358092784881592
5.54296875,10608.0,0.5358620285987854
5.54296875,10608.0,0.5359147787094116
5.54296875,10608.0,0.5359675288200378
5.54296875,10608.0,0.5360202789306641
5.54296875,10608.0,0.5360730290412903
5.54296875,10616.0,0.5361257791519165
5.54296875,10616.0,0.5361785292625427
5.546875,10616.0,0.536231279373169
5.546875,10616.0,0.5362840294837952
5.546875,10616.0,0.5363367795944214
5.55078125,10616.0,0.5363895297050476
5.55078125,10616.0,0.5364422798156738
5.55078125,10616.0,0.5364950299263
5.5546875,10624.0,0.5365477800369263
5.5546875,10624.0,0.5366005301475525
5.55859375,10624.0,0.5366532802581787
5.55859375,10624.0,0.5367060303688049
5.5625,10624.0,0.5367587804794312
5.5625,10624.0,0.5368115305900574
5.56640625,10624.0,0.5368642807006836
5.56640625,10632.0,0.5369170308113098
5.5703125,10632.0,0.536969780921936
5.57421875,10632.0,0.5370225310325623
5.57421875,10632.0,0.5370752811431885
5.578125,10632.0,0.5371280312538147
5.578125,10632.0,0.5371807813644409
5.58203125,10632.0,0.5372335314750671
5.5859375,10640.0,0.5372862815856934
5.5859375,10640.0,0.5373390316963196
5.58984375,10640.0,0.5373917818069458
5.59375,10640.0,0.537444531917572
5.59765625,10640.0,0.5374972820281982
5.59765625,10640.0,0.5375500321388245
5.6015625,10640.0,0.5376027822494507
5.60546875,10640.0,0.5376555323600769
5.609375,10648.0,0.5377082824707031
5.61328125,10648.0,0.5377610325813293
5.6171875,10648.0,0.5378137826919556
5.62109375,10648.0,0.5378665328025818
5.625,10648.0,0.537919282913208
5.62890625,10648.0,0.5379720330238342
5.6328125,10648.0,0.5380247831344604
5.63671875,10656.0,0.5380775332450867
5.64453125,10656.0,0.5381302833557129
5.6484375,10656.0,0.5381830334663391
5.65234375,10656.0,0.5382357835769653
5.66015625,10656.0,0.5382885336875916
5.6640625,10656.0,0.5383412837982178
5.671875,10656.0,0.538394033908844
5.67578125,10664.0,0.5384467840194702
5.68359375,10664.0,0.5384995341300964
5.6875,10664.0,0.5385522842407227
5.6953125,10664.0,0.5386050343513489
5.703125,10664.0,0.5386577844619751
5.70703125,10664.0,0.5387105345726013
5.71484375,10664.0,0.5387632846832275
5.72265625,10664.0,0.5388160347938538
5.73046875,10672.0,0.53886878490448
5.734375,10672.0,0.5389215350151062
5.7421875,10672.0,0.5389742851257324
5.75,10672.0,0.5390270352363586
5.7578125,10672.0,0.5390797853469849
5.765625,10672.0,0.5391325354576111
5.7734375,10672.0,0.5391852855682373
5.78125,10680.0,0.5392380356788635
5.7890625,10680.0,0.5392907857894897
5.796875,10680.0,0.539343535900116
5.80078125,10680.0,0.5393962860107422
5.80859375,10680.0,0.5394490361213684
5.81640625,10680.0,0.5395017862319946
5.82421875,10680.0,0.5395545363426208
5.83203125,10688.0,0.5396072864532471
5.84375,10688.0,0.5396600365638733
5.8515625,10688.0,0.5397127866744995
5.859375,10688.0,0.5397655367851257
5.8671875,10688.0,0.539818286895752
5.875,10688.0,0.5398710370063782
5.8828125,10688.0,0.5399237871170044
5.890625,10688.0,0.5399765372276306
5.8984375,10696.0,0.5400292873382568
5.90625,10696.0,0.5400820374488831
5.9140625,10696.0,0.5401347875595093
5.921875,10696.0,0.5401875376701355
5.9296875,10696.0,0.5402402877807617
5.9375,10696.0,0.5402930378913879
5.9453125,10696.0,0.5403457880020142
5.953125,10704.0,0.5403985381126404
5.9609375,10704.0,0.5404512882232666
5.96875,10704.0,0.5405040383338928
5.9765625,10704.0,0.540556788444519
5.984375,10704.0,0.5406095385551453
5.98828125,10704.0,0.5406622886657715
5.99609375,10704.0,0.5407150387763977
6.00390625,10712.0,0.5407677888870239
6.01171875,10712.0,0.5408205389976501
6.015625,10712.0,0.5408732891082764
6.0234375,10712.0,0.5409260392189026
6.02734375,10712.0,0.5409787893295288
6.03515625,10712.0,0.541031539440155
6.0390625,10712.0,0.5410842895507812
6.046875,10712.0,0.5411370396614075
6.05078125,10720.0,0.5411897897720337
6.0546875,10720.0,0.5412425398826599
6.05859375,10720.0,0.5412952899932861
6.0625,10720.0,0.5413480401039124
6.06640625,10720.0,0.5414007902145386
6.0703125,10720.0,0.5414535403251648
6.07421875,10720.0,0.541506290435791
6.078125,10728.0,0.5415590405464172
6.08203125,10728.0,0.5416117906570435
6.0859375,10728.0,0.5416645407676697
6.0859375,10728.0,0.5417172908782959
6.08984375,10728.0,0.5417700409889221
6.08984375,10728.0,0.5418227910995483
6.09375,10728.0,0.5418755412101746
6.09375,10736.0,0.5419282913208008
6.09765625,10736.0,0.541981041431427
6.09765625,10736.0,0.5420337915420532
6.1015625,10736.0,0.5420865416526794
6.1015625,10736.0,0.5421392917633057
6.1015625,10736.0,0.5421920418739319
6.10546875,10736.0,0.5422447919845581
6.10546875,10736.0,0.5422975420951843
6.10546875,10744.0,0.5423502922058105
6.10546875,10744.0,0.5424030423164368
6.10546875,10744.0,0.542455792427063
6.109375,10744.0,0.5425085425376892
6.109375,10744.0,0.5425612926483154
6.109375,10744.0,0.5426140427589417
6.109375,10744.0,0.5426667928695679
6.109375,10752.0,0.5427195429801941
6.109375,10752.0,0.5427722930908203
6.109375,10752.0,0.5428250432014465
6.109375,10752.0,0.5428777933120728
6.109375,10752.0,0.542930543422699
6.109375,10752.0,0.5429832935333252
6.10546875,10752.0,0.5430360436439514
6.10546875,10760.0,0.5430887937545776
6.10546875,10760.0,0.5431415438652039
6.10546875,10760.0,0.5431942939758301
6.10546875,10760.0,0.5432470440864563
6.10546875,10760.0,0.5432997941970825
6.1015625,10760.0,0.5433525443077087
6.1015625,10760.0,0.543405294418335
6.1015625,10760.0,0.5434580445289612
6.1015625,10768.0,0.5435107946395874
6.09765625,10768.0,0.5435635447502136
6.09765625,10768.0,0.5436162948608398
6.09765625,10768.0,0.5436690449714661
6.09765625,10768.0,0.5437217950820923
6.09375,10768.0,0.5437745451927185
6.09375,10768.0,0.5438272953033447
6.08984375,10776.0,0.543880045413971
6.08984375,10776.0,0.5439327955245972
6.08984375,10776.0,0.5439855456352234
6.0859375,10776.0,0.5440382957458496
6.0859375,10776.0,0.5440910458564758
6.08203125,10776.0,0.544143795967102
6.08203125,10776.0,0.5441965460777283
6.078125,10776.0,0.5442492961883545
6.07421875,10784.0,0.5443020462989807
6.07421875,10784.0,0.5443547964096069
6.0703125,10784.0,0.5444075465202332
6.06640625,10784.0,0.5444602966308594
6.06640625,10784.0,0.5445130467414856
6.0625,10784.0,0.5445657968521118
6.05859375,10784.0,0.544618546962738
6.0546875,10792.0,0.5446712970733643
6.0546875,10792.0,0.5447240471839905
6.05078125,10792.0,0.5447767972946167
6.046875,10792.0,0.5448295474052429
6.04296875,10792.0,0.5448822975158691
6.0390625,10792.0,0.5449350476264954
6.03515625,10792.0,0.5449877977371216
6.03125,10800.0,0.5450405478477478
6.02734375,10800.0,0.545093297958374
6.0234375,10800.0,0.5451460480690002
6.01953125,10800.0,0.5451987981796265
6.015625,10800.0,0.5452515482902527
6.01171875,10800.0,0.5453042984008789
6.0078125,10800.0,0.5453570485115051
6.0,10800.0,0.5454097986221313
5.99609375,10808.0,0.5454625487327576
5.9921875,10808.0,0.5455152988433838
5.98828125,10808.0,0.54556804895401
5.984375,10808.0,0.5456207990646362
5.9765625,10808.0,0.5456735491752625
5.97265625,10808.0,0.5457262992858887
5.96875,10808.0,0.5457790493965149
5.9609375,10816.0,0.5458317995071411
5.95703125,10816.0,0.5458845496177673
5.953125,10816.0,0.5459372997283936
5.9453125,10816.0,0.5459900498390198
5.94140625,10816.0,0.546042799949646
5.93359375,10816.0,0.5460955500602722
5.9296875,10816.0,0.5461483001708984
5.921875,10816.0,0.5462010502815247
5.91796875,10824.0,0.5462538003921509
5.91015625,10824.0,0.5463065505027771
5.90234375,10824.0,0.5463593006134033
5.8984375,10824.0,0.5464120507240295
5.890625,10824.0,0.5464648008346558
5.8828125,10824.0,0.546517550945282
5.875,10824.0,0.5465703010559082
5.87109375,10832.0,0.5466230511665344
5.86328125,10832.0,0.5466758012771606
5.85546875,10832.0,0.5467285513877869
5.84765625,10832.0,0.5467813014984131
5.84375,10832.0,0.5468340516090393
5.8359375,10832.0,0.5468868017196655
5.828125,10832.0,0.5469395518302917
5.8203125,10840.0,0.546992301940918
5.81640625,10840.0,0.5470450520515442
5.80859375,10840.0,0.5470978021621704
5.80078125,10840.0,0.5471505522727966
5.79296875,10840.0,0.5472033023834229
5.7890625,10840.0,0.5472560524940491
5.78125,10840.0,0.5473088026046753
5.7734375,10840.0,0.5473615527153015
5.76953125,10848.0,0.5474143028259277
5.76171875,10848.0,0.547467052936554
5.75390625,10848.0,0.5475198030471802
5.75,10848.0,0.5475725531578064
5.7421875,10848.0,0.5476253032684326
5.73828125,10848.0,0.5476780533790588
5.73046875,10848.0,0.5477308034896851
5.7265625,10856.0,0.5477835536003113
5.71875,10856.0,0.5478363037109375
5.71484375,10856.0,0.5478890538215637
5.7109375,10856.0,0.5479418039321899
5.703125,10856.0,0.5479945540428162
5.69921875,10856.0,0.5480473041534424
5.6953125,10856.0,0.5481000542640686
5.69140625,10856.0,0.5481528043746948
5.6875,10864.0,0.548205554485321
5.68359375,10864.0,0.5482583045959473
5.6796875,10864.0,0.5483110547065735
5.67578125,10864.0,0.5483638048171997
5.671875,10864.0,0.5484165549278259
5.66796875,10864.0,0.5484693050384521
5.6640625,10864.0,0.5485220551490784
5.66015625,10872.0,0.5485748052597046
5.65625,10872.0,0.5486275553703308
5.65234375,10872.0,0.548680305480957
5.6484375,10872.0,0.5487330555915833
5.6484375,10872.0,0.5487858057022095
5.64453125,10872.0,0.5488385558128357
5.640625,10872.0,0.5488913059234619
5.640625,10872.0,0.5489440560340881
5.63671875,10880.0,0.5489968061447144
5.63671875,10880.0,0.5490495562553406
5.6328125,10880.0,0.5491023063659668
5.6328125,10880.0,0.549155056476593
5.62890625,10880.0,0.5492078065872192
5.62890625,10880.0,0.5492605566978455
5.62890625,10880.0,0.5493133068084717
5.62890625,10888.0,0.5493660569190979
5.625,10888.0,0.5494188070297241
5.625,10888.0,0.5494715571403503
5.625,10888.0,0.5495243072509766
5.625,10888.0,0.5495770573616028
5.625,10888.0,0.549629807472229
5.625,10888.0,0.5496825575828552
5.625,10888.0,0.5497353076934814
5.625,10896.0,0.5497880578041077
5.625,10896.0,0.5498408079147339
5.625,10896.0,0.5498935580253601
5.625,10896.0,0.5499463081359863
5.625,10896.0,0.5499990582466125
5.62890625,10896.0,0.5500518083572388
5.62890625,10896.0,0.550104558467865
5.62890625,10904.0,0.5501573085784912
5.62890625,10904.0,0.5502100586891174
5.62890625,10904.0,0.5502628087997437
5.6328125,10904.0,0.5503155589103699
5.6328125,10904.0,0.5503683090209961
5.6328125,10904.0,0.5504210591316223
5.6328125,10904.0,0.5504738092422485
5.63671875,10904.0,0.5505265593528748
5.63671875,10912.0,0.550579309463501
5.63671875,10912.0,0.5506320595741272
5.63671875,10912.0,0.5506848096847534
5.640625,10912.0,0.5507375597953796
5.640625,10912.0,0.5507903099060059
5.64453125,10912.0,0.5508430600166321
5.64453125,10912.0,0.5508958101272583
5.6484375,10920.0,0.5509485602378845
5.6484375,10920.0,0.5510013103485107
5.65234375,10920.0,0.551054060459137
5.65234375,10920.0,0.5511068105697632
5.65625,10920.0,0.5511595606803894
5.65625,10920.0,0.5512123107910156
5.66015625,10920.0,0.5512650609016418
5.6640625,10928.0,0.5513178110122681
5.66796875,10928.0,0.5513705611228943
5.66796875,10928.0,0.5514233112335205
5.671875,10928.0,0.5514760613441467
5.67578125,10928.0,0.551528811454773
5.6796875,10928.0,0.5515815615653992
5.68359375,10928.0,0.5516343116760254
5.6875,10928.0,0.5516870617866516
5.69140625,10936.0,0.5517398118972778
5.6953125,10936.0,0.551792562007904
5.69921875,10936.0,0.5518453121185303
5.70703125,10936.0,0.5518980622291565
5.7109375,10936.0,0.5519508123397827
5.71484375,10936.0,0.5520035624504089
5.72265625,10936.0,0.5520563125610352
5.7265625,10944.0,0.5521090626716614
5.73046875,10944.0,0.5521618127822876
5.73828125,10944.0,0.5522145628929138
5.7421875,10944.0,0.55226731300354
5.75,10944.0,0.5523200631141663
5.75390625,10944.0,0.5523728132247925
5.76171875,10944.0,0.5524255633354187
5.765625,10944.0,0.5524783134460449
5.7734375,10952.0,0.5525310635566711
5.77734375,10952.0,0.5525838136672974
5.78515625,10952.0,0.5526365637779236
5.79296875,10952.0,0.5526893138885498
5.796875,10952.0,0.552742063999176
5.8046875,10952.0,0.5527948141098022
5.80859375,10952.0,0.5528475642204285
5.81640625,10960.0,0.5529003143310547
5.82421875,10960.0,0.5529530644416809
5.83203125,10960.0,0.5530058145523071
5.8359375,10960.0,0.5530585646629333
5.84375,10960.0,0.5531113147735596
5.8515625,10960.0,0.5531640648841858
5.859375,10960.0,0.553216814994812
5.86328125,10960.0,0.5532695651054382
5.87109375,10968.0,0.5533223152160645
5.87890625,10968.0,0.5533750653266907
5.88671875,10968.0,0.5534278154373169
5.89453125,10968.0,0.5534805655479431
5.8984375,10968.0,0.5535333156585693
5.90625,10968.0,0.5535860657691956
5.9140625,10968.0,0.5536388158798218
5.921875,10976.0,0.553691565990448
5.9296875,10976.0,0.5537443161010742
5.9375,10976.0,0.5537970662117004
5.9453125,10976.0,0.5538498163223267
5.94921875,10976.0,0.5539025664329529
5.95703125,10976.0,0.5539553165435791
5.96484375,10976.0,0.5540080666542053
5.97265625,10976.0,0.5540608167648315
5.98046875,10984.0,0.5541135668754578
5.984375,10984.0,0.554166316986084
5.9921875,10984.0,0.5542190670967102
6.0,10984.0,0.5542718172073364
6.00390625,10984.0,0.5543245673179626
6.01171875,10984.0,0.5543773174285889
6.01953125,10984.0,0.5544300675392151
6.0234375,10992.0,0.5544828176498413
6.03125,10992.0,0.5545355677604675
6.0390625,10992.0,0.5545883178710938
6.04296875,10992.0,0.55464106798172
6.05078125,10992.0,0.5546938180923462
6.0546875,10992.0,0.5547465682029724
6.05859375,10992.0,0.5547993183135986
6.06640625,10992.0,0.5548520684242249
6.0703125,11000.0,0.5549048185348511
6.078125,11000.0,0.5549575686454773
6.08203125,11000.0,0.5550103187561035
6.0859375,11000.0,0.5550630688667297
6.08984375,11000.0,0.555115818977356
6.09375,11000.0,0.5551685690879822
6.1015625,11000.0,0.5552213191986084
6.10546875,11008.0,0.5552740693092346
6.109375,11008.0,0.5553268194198608
6.11328125,11008.0,0.5553795695304871
6.1171875,11008.0,0.5554323196411133
6.12109375,11008.0,0.5554850697517395
6.125,11008.0,0.5555378198623657
6.125,11008.0,0.5555905699729919
6.12890625,11008.0,0.5556433200836182
6.1328125,11016.0,0.5556960701942444
6.13671875,11016.0,0.5557488203048706
6.13671875,11016.0,0.5558015704154968
6.140625,11016.0,0.555854320526123
6.14453125,11016.0,0.5559070706367493
6.14453125,11016.0,0.5559598207473755
6.1484375,11016.0,0.5560125708580017
6.1484375,11016.0,0.5560653209686279
6.15234375,11024.0,0.5561180710792542
6.15234375,11024.0,0.5561708211898804
6.15625,11024.0,0.5562235713005066
6.15625,11024.0,0.5562763214111328
6.15625,11024.0,0.556329071521759
6.16015625,11024.0,0.5563818216323853
6.16015625,11024.0,0.5564345717430115
6.16015625,11032.0,0.5564873218536377
6.16015625,11032.0,0.5565400719642639
6.1640625,11032.0,0.5565928220748901
6.1640625,11032.0,0.5566455721855164
6.1640625,11032.0,0.5566983222961426
6.1640625,11032.0,0.5567510724067688
6.1640625,11032.0,0.556803822517395
6.1640625,11032.0,0.5568565726280212
6.16796875,11040.0,0.5569093227386475
6.16796875,11040.0,0.5569620728492737
6.16796875,11040.0,0.5570148229598999
6.16796875,11040.0,0.5570675730705261
6.16796875,11040.0,0.5571203231811523
6.16796875,11040.0,0.5571730732917786
6.16796875,11040.0,0.5572258234024048
6.16796875,11048.0,0.557278573513031
6.16796875,11048.0,0.5573313236236572
6.16796875,11048.0,0.5573840737342834
6.16796875,11048.0,0.5574368238449097
6.16796875,11048.0,0.5574895739555359
6.16796875,11048.0,0.5575423240661621
6.16796875,11048.0,0.5575950741767883
6.1640625,11048.0,0.5576478242874146
6.1640625,11056.0,0.5577005743980408
6.1640625,11056.0,0.557753324508667
6.1640625,11056.0,0.5578060746192932
6.1640625,11056.0,0.5578588247299194
6.16015625,11056.0,0.5579115748405457
6.16015625,11056.0,0.5579643249511719
6.16015625,11056.0,0.5580170750617981
6.15625,11064.0,0.5580698251724243
6.15625,11064.0,0.5581225752830505
6.15234375,11064.0,0.5581753253936768
6.15234375,11064.0,0.558228075504303
6.1484375,11064.0,0.5582808256149292
6.1484375,11064.0,0.5583335757255554
6.14453125,11064.0,0.5583863258361816
6.14453125,11064.0,0.5584390759468079
6.140625,11072.0,0.5584918260574341
6.13671875,11072.0,0.5585445761680603
6.13671875,11072.0,0.5585973262786865
6.1328125,11072.0,0.5586500763893127
6.12890625,11072.0,0.558702826499939
6.125,11072.0,0.5587555766105652
6.12109375,11072.0,0.5588083267211914
6.1171875,11080.0,0.5588610768318176
6.1171875,11080.0,0.5589138269424438
6.11328125,11080.0,0.5589665770530701
6.10546875,11080.0,0.5590193271636963
6.1015625,11080.0,0.5590720772743225
6.09765625,11080.0,0.5591248273849487
6.09375,11080.0,0.559177577495575
6.08984375,11080.0,0.5592303276062012
6.0859375,11088.0,0.5592830777168274
6.08203125,11088.0,0.5593358278274536
6.07421875,11088.0,0.5593885779380798
6.0703125,11088.0,0.559441328048706
6.0625,11088.0,0.5594940781593323
6.05859375,11088.0,0.5595468282699585
6.0546875,11088.0,0.5595995783805847
6.046875,11088.0,0.5596523284912109
6.04296875,11096.0,0.5597050786018372
6.03515625,11096.0,0.5597578287124634
6.02734375,11096.0,0.5598105788230896
6.0234375,11096.0,0.5598633289337158
6.015625,11096.0,0.559916079044342
6.01171875,11096.0,0.5599688291549683
6.00390625,11096.0,0.5600215792655945
5.99609375,11104.0,0.5600743293762207
5.98828125,11104.0,0.5601270794868469
5.984375,11104.0,0.5601798295974731
5.9765625,11104.0,0.5602325797080994
5.96875,11104.0,0.5602853298187256
5.9609375,11104.0,0.5603380799293518
5.95703125,11104.0,0.560390830039978
5.94921875,11104.0,0.5604435801506042
5.94140625,11112.0,0.5604963302612305
5.9375,11112.0,0.5605490803718567
5.9296875,11112.0,0.5606018304824829
5.921875,11112.0,0.5606545805931091
5.9140625,11112.0,0.5607073307037354
5.91015625,11112.0,0.5607600808143616
5.90234375,11112.0,0.5608128309249878
5.89453125,11120.0,0.560865581035614
5.890625,11120.0,0.5609183311462402
5.8828125,11120.0,0.5609710812568665
5.87890625,11120.0,0.5610238313674927
5.87109375,11120.0,0.5610765814781189
5.8671875,11120.0,0.5611293315887451
5.859375,11120.0,0.5611820816993713
5.8515625,11120.0,0.5612348318099976
5.84765625,11128.0,0.5612875819206238
5.83984375,11128.0,0.56134033203125
5.8359375,11128.0,0.5613930821418762
5.83203125,11128.0,0.5614458322525024
5.82421875,11128.0,0.5614985823631287
5.8203125,11128.0,0.5615513324737549
5.8125,11128.0,0.5616040825843811
5.80859375,11128.0,0.5616568326950073
5.80078125,11136.0,0.5617095828056335
5.796875,11136.0,0.5617623329162598
5.79296875,11136.0,0.561815083026886
5.78515625,11136.0,0.5618678331375122
5.78125,11136.0,0.5619205832481384
5.77734375,11136.0,0.5619733333587646
5.7734375,11136.0,0.5620260834693909
5.76953125,11144.0,0.5620788335800171
5.76171875,11144.0,0.5621315836906433
5.7578125,11144.0,0.5621843338012695
5.75390625,11144.0,0.5622370839118958
5.75,11144.0,0.562289834022522
5.74609375,11144.0,0.5623425841331482
5.7421875,11144.0,0.5623953342437744
5.73828125,11144.0,0.5624480843544006
5.734375,11152.0,0.5625008344650269
5.734375,11152.0,0.5625535845756531
5.73046875,11152.0,0.5626063346862793
5.7265625,11152.0,0.5626590847969055
5.72265625,11152.0,0.5627118349075317
5.72265625,11152.0,0.562764585018158
5.71875,11152.0,0.5628173351287842
5.71875,11160.0,0.5628700852394104
5.71484375,11160.0,0.5629228353500366
5.71484375,11160.0,0.5629755854606628
5.7109375,11160.0,0.5630283355712891
5.7109375,11160.0,0.5630810856819153
5.70703125,11160.0,0.5631338357925415
5.70703125,11160.0,0.5631865859031677
5.70703125,11160.0,0.563239336013794
5.703125,11168.0,0.5632920861244202
5.703125,11168.0,0.5633448362350464
5.703125,11168.0,0.5633975863456726
5.703125,11168.0,0.5634503364562988
5.69921875,11168.0,0.563503086566925
5.69921875,11168.0,0.5635558366775513
5.69921875,11168.0,0.5636085867881775
5.69921875,11168.0,0.5636613368988037
5.69921875,11176.0,0.5637140870094299
5.69921875,11176.0,0.5637668371200562
5.69921875,11176.0,0.5638195872306824
5.69921875,11176.0,0.5638723373413086
5.69921875,11176.0,0.5639250874519348
5.69921875,11176.0,0.563977837562561
5.69921875,11176.0,0.5640305876731873
5.69921875,11184.0,0.5640833377838135
5.69921875,11184.0,0.5641360878944397
5.69921875,11184.0,0.5641888380050659
5.69921875,11184.0,0.5642415881156921
5.703125,11184.0,0.5642943382263184
5.703125,11184.0,0.5643470883369446
5.703125,11184.0,0.5643998384475708
5.703125,11184.0,0.564452588558197
5.70703125,11192.0,0.5645053386688232
5.70703125,11192.0,0.5645580887794495
5.70703125,11192.0,0.5646108388900757
5.7109375,11192.0,0.5646635890007019
5.7109375,11192.0,0.5647163391113281
5.7109375,11192.0,0.5647690892219543
5.71484375,11192.0,0.5648218393325806
5.71484375,11192.0,0.5648745894432068
5.71875,11200.0,0.564927339553833
5.71875,11200.0,0.5649800896644592
5.72265625,11200.0,0.5650328397750854
5.7265625,11200.0,0.5650855898857117
5.7265625,11200.0,0.5651383399963379
5.73046875,11200.0,0.5651910901069641
5.734375,11200.0,0.5652438402175903
5.734375,11208.0,0.5652965903282166
5.73828125,11208.0,0.5653493404388428
5.7421875,11208.0,0.565402090549469
5.74609375,11208.0,0.5654548406600952
5.75,11208.0,0.5655075907707214
5.75390625,11208.0,0.5655603408813477
5.7578125,11208.0,0.5656130909919739
5.76171875,11208.0,0.5656658411026001
5.765625,11216.0,0.5657185912132263
5.76953125,11216.0,0.5657713413238525
5.7734375,11216.0,0.5658240914344788
5.77734375,11216.0,0.565876841545105
5.78125,11216.0,0.5659295916557312
5.78515625,11216.0,0.5659823417663574
5.7890625,11216.0,0.5660350918769836
5.796875,11216.0,0.5660878419876099
5.80078125,11224.0,0.5661405920982361
5.8046875,11224.0,0.5661933422088623
5.80859375,11224.0,0.5662460923194885
5.81640625,11224.0,0.5662988424301147
5.8203125,11224.0,0.566351592540741
5.828125,11224.0,0.5664043426513672
5.83203125,11224.0,0.5664570927619934
5.83984375,11232.0,0.5665098428726196
5.84375,11232.0,0.5665625929832458
5.8515625,11232.0,0.5666153430938721
5.85546875,11232.0,0.5666680932044983
5.86328125,11232.0,0.5667208433151245
5.8671875,11232.0,0.5667735934257507
5.875,11232.0,0.566826343536377
5.8828125,11232.0,0.5668790936470032
5.88671875,11240.0,0.5669318437576294
5.89453125,11240.0,0.5669845938682556
5.90234375,11240.0,0.5670373439788818
5.90625,11240.0,0.5670900940895081
5.9140625,11240.0,0.5671428442001343
5.921875,11240.0,0.5671955943107605
5.92578125,11240.0,0.5672483444213867
5.93359375,11240.0,0.5673010945320129
5.9375,11248.0,0.5673538446426392
5.9453125,11248.0,0.5674065947532654
5.953125,11248.0,0.5674593448638916
5.95703125,11248.0,0.5675120949745178
5.96484375,11248.0,0.567564845085144
5.97265625,11248.0,0.5676175951957703
5.9765625,11248.0,0.5676703453063965
5.984375,11256.0,0.5677230954170227
5.9921875,11256.0,0.5677758455276489
5.99609375,11256.0,0.5678285956382751
6.00390625,11256.0,0.5678813457489014
6.0078125,11256.0,0.5679340958595276
6.015625,11256.0,0.5679868459701538
6.01953125,11256.0,0.56803959608078
6.02734375,11256.0,0.5680923461914062
6.03515625,11264.0,0.5681450963020325
6.0390625,11264.0,0.5681978464126587
6.046875,11264.0,0.5682505965232849
6.05078125,11264.0,0.5683033466339111
6.0546875,11264.0,0.5683560967445374
6.0625,11264.0,0.5684088468551636
6.06640625,11264.0,0.5684615969657898
6.07421875,11264.0,0.568514347076416
6.078125,11272.0,0.5685670971870422
6.0859375,11272.0,0.5686198472976685
6.08984375,11272.0,0.5686725974082947
6.09375,11272.0,0.5687253475189209
6.1015625,11272.0,0.5687780976295471
6.10546875,11272.0,0.5688308477401733
6.109375,11272.0,0.5688835978507996
6.1171875,11280.0,0.5689363479614258
6.12109375,11280.0,0.568989098072052
6.125,11280.0,0.5690418481826782
6.12890625,11280.0,0.5690945982933044
6.1328125,11280.0,0.5691473484039307
6.140625,11280.0,0.5692000985145569
6.14453125,11280.0,0.5692528486251831
6.1484375,11280.0,0.5693055987358093
6.15234375,11288.0,0.5693583488464355
6.15625,11288.0,0.5694110989570618
6.16015625,11288.0,0.569463849067688
6.1640625,11288.0,0.5695165991783142
6.16796875,11288.0,0.5695693492889404
6.17578125,11288.0,0.5696220993995667
6.1796875,11288.0,0.5696748495101929
6.18359375,11288.0,0.5697275996208191
6.1875,11296.0,0.5697803497314453
6.19140625,11296.0,0.5698330998420715
6.19140625,11296.0,0.5698858499526978
6.1953125,11296.0,0.569938600063324
6.19921875,11296.0,0.5699913501739502
6.203125,11296.0,0.5700441002845764
6.20703125,11296.0,0.5700968503952026
6.2109375,11296.0,0.5701496005058289
6.21484375,11304.0,0.5702023506164551
6.21484375,11304.0,0.5702551007270813
6.21875,11304.0,0.5703078508377075
6.22265625,11304.0,0.5703606009483337
6.22265625,11304.0,0.57041335105896
6.2265625,11304.0,0.5704661011695862
6.23046875,11304.0,0.5705188512802124
6.23046875,11312.0,0.5705716013908386
6.234375,11312.0,0.5706243515014648
6.234375,11312.0,0.5706771016120911
6.23828125,11312.0,0.5707298517227173
6.23828125,11312.0,0.5707826018333435
6.23828125,11312.0,0.5708353519439697
6.2421875,11312.0,0.570888102054596
6.2421875,11312.0,0.5709408521652222
6.2421875,11320.0,0.5709936022758484
6.2421875,11320.0,0.5710463523864746
6.2421875,11320.0,0.5710991024971008
6.24609375,11320.0,0.571151852607727
6.24609375,11320.0,0.5712046027183533
6.24609375,11320.0,0.5712573528289795
6.24609375,11320.0,0.5713101029396057
6.24609375,11320.0,0.5713628530502319
6.24609375,11328.0,0.5714156031608582
6.2421875,11328.0,0.5714683532714844
6.2421875,11328.0,0.5715211033821106
6.2421875,11328.0,0.5715738534927368
6.2421875,11328.0,0.571626603603363
6.2421875,11328.0,0.5716793537139893
6.23828125,11328.0,0.5717321038246155
6.23828125,11328.0,0.5717848539352417
6.23828125,11336.0,0.5718376040458679
6.234375,11336.0,0.5718903541564941
6.234375,11336.0,0.5719431042671204
6.234375,11336.0,0.5719958543777466
6.23046875,11336.0,0.5720486044883728
6.2265625,11336.0,0.572101354598999
6.2265625,11336.0,0.5721541047096252
6.22265625,11344.0,0.5722068548202515
6.22265625,11344.0,0.5722596049308777
6.21875,11344.0,0.5723123550415039
6.21484375,11344.0,0.5723651051521301
6.2109375,11344.0,0.5724178552627563
6.20703125,11344.0,0.5724706053733826
6.20703125,11344.0,0.5725233554840088
6.203125,11344.0,0.572576105594635
6.19921875,11352.0,0.5726288557052612
6.1953125,11352.0,0.5726816058158875
6.19140625,11352.0,0.5727343559265137
6.18359375,11352.0,0.5727871060371399
6.1796875,11352.0,0.5728398561477661
6.17578125,11352.0,0.5728926062583923
6.171875,11352.0,0.5729453563690186
6.16796875,11352.0,0.5729981064796448
6.16015625,11360.0,0.573050856590271
6.15625,11360.0,0.5731036067008972
6.15234375,11360.0,0.5731563568115234
6.14453125,11360.0,0.5732091069221497
6.140625,11360.0,0.5732618570327759
6.13671875,11360.0,0.5733146071434021
6.12890625,11360.0,0.5733673572540283
6.125,11360.0,0.5734201073646545
6.1171875,11368.0,0.5734728574752808
6.11328125,11368.0,0.573525607585907
6.10546875,11368.0,0.5735783576965332
6.1015625,11368.0,0.5736311078071594
6.09375,11368.0,0.5736838579177856
6.08984375,11368.0,0.5737366080284119
6.08203125,11368.0,0.5737893581390381
6.078125,11376.0,0.5738421082496643
6.0703125,11376.0,0.5738948583602905
6.06640625,11376.0,0.5739476084709167
6.05859375,11376.0,0.574000358581543
6.0546875,11376.0,0.5740531086921692
6.046875,11376.0,0.5741058588027954
6.04296875,11376.0,0.5741586089134216
6.03515625,11376.0,0.5742113590240479
6.03125,11384.0,0.5742641091346741
6.0234375,11384.0,0.5743168592453003
6.01953125,11384.0,0.5743696093559265
6.01171875,11384.0,0.5744223594665527
6.0078125,11384.0,0.574475109577179
6.0,11384.0,0.5745278596878052
5.99609375,11384.0,0.5745806097984314
5.98828125,11384.0,0.5746333599090576
5.984375,11392.0,0.5746861100196838
5.9765625,11392.0,0.5747388601303101
5.97265625,11392.0,0.5747916102409363
5.96484375,11392.0,0.5748443603515625
5.9609375,11392.0,0.5748971104621887
5.95703125,11392.0,0.5749498605728149
5.94921875,11392.0,0.5750026106834412
5.9453125,11392.0,0.5750553607940674
5.9375,11400.0,0.5751081109046936
5.93359375,11400.0,0.5751608610153198
5.9296875,11400.0,0.575213611125946
5.92578125,11400.0,0.5752663612365723
5.91796875,11400.0,0.5753191113471985
5.9140625,11400.0,0.5753718614578247
5.91015625,11400.0,0.5754246115684509
5.90625,11400.0,0.5754773616790771
5.90234375,11408.0,0.5755301117897034
5.89453125,11408.0,0.5755828619003296
5.890625,11408.0,0.5756356120109558
5.88671875,11408.0,0.575688362121582
5.8828125,11408.0,0.5757411122322083
5.87890625,11408.0,0.5757938623428345
5.875,11408.0,0.5758466124534607
5.87109375,11416.0,0.5758993625640869
5.8671875,11416.0,0.5759521126747131
5.86328125,11416.0,0.5760048627853394
5.859375,11416.0,0.5760576128959656
5.85546875,11416.0,0.5761103630065918
5.8515625,11416.0,0.576163113117218
5.84765625,11416.0,0.5762158632278442
5.84375,11416.0,0.5762686133384705
5.83984375,11424.0,0.5763213634490967
5.8359375,11424.0,0.5763741135597229
5.83203125,11424.0,0.5764268636703491
5.828125,11424.0,0.5764796137809753
5.82421875,11424.0,0.5765323638916016
5.8203125,11424.0,0.5765851140022278
5.81640625,11424.0,0.576637864112854
5.8125,11424.0,0.5766906142234802
5.80859375,11432.0,0.5767433643341064
5.8046875,11432.0,0.5767961144447327
5.80078125,11432.0,0.5768488645553589
5.80078125,11432.0,0.5769016146659851
5.796875,11432.0,0.5769543647766113
5.79296875,11432.0,0.5770071148872375
5.7890625,11432.0,0.5770598649978638
5.7890625,11432.0,0.57711261510849
5.78515625,11440.0,0.5771653652191162
5.78125,11440.0,0.5772181153297424
5.78125,11440.0,0.5772708654403687
5.77734375,11440.0,0.5773236155509949
5.7734375,11440.0,0.5773763656616211
5.7734375,11440.0,0.5774291157722473
5.76953125,11440.0,0.5774818658828735
5.76953125,11440.0,0.5775346159934998
5.76953125,11448.0,0.577587366104126
5.765625,11448.0,0.5776401162147522
5.765625,11448.0,0.5776928663253784
5.76171875,11448.0,0.5777456164360046
5.76171875,11448.0,0.5777983665466309
5.76171875,11448.0,0.5778511166572571
5.76171875,11448.0,0.5779038667678833
5.76171875,11448.0,0.5779566168785095
5.7578125,11456.0,0.5780093669891357
5.7578125,11456.0,0.578062117099762
5.7578125,11456.0,0.5781148672103882
5.7578125,11456.0,0.5781676173210144
5.7578125,11456.0,0.5782203674316406
5.7578125,11456.0,0.5782731175422668
5.7578125,11456.0,0.5783258676528931
5.76171875,11456.0,0.5783786177635193
5.76171875,11464.0,0.5784313678741455
5.76171875,11464.0,0.5784841179847717
5.76171875,11464.0,0.578536868095398
5.76171875,11464.0,0.5785896182060242
5.765625,11464.0,0.5786423683166504
5.765625,11464.0,0.5786951184272766
5.76953125,11464.0,0.5787478685379028
5.76953125,11472.0,0.578800618648529
5.76953125,11472.0,0.5788533687591553
5.7734375,11472.0,0.5789061188697815
5.77734375,11472.0,0.5789588689804077
5.77734375,11472.0,0.5790116190910339
5.78125,11472.0,0.5790643692016602
5.78125,11472.0,0.5791171193122864
5.78515625,11472.0,0.5791698694229126
5.7890625,11480.0,0.5792226195335388
5.79296875,11480.0,0.579275369644165
5.79296875,11480.0,0.5793281197547913
5.796875,11480.0,0.5793808698654175
5.80078125,11480.0,0.5794336199760437
5.8046875,11480.0,0.5794863700866699
5.80859375,11480.0,0.5795391201972961
5.8125,11480.0,0.5795918703079224
5.81640625,11488.0,0.5796446204185486
5.8203125,11488.0,0.5796973705291748
5.82421875,11488.0,0.579750120639801
5.828125,11488.0,0.5798028707504272
5.83203125,11488.0,0.5798556208610535
5.8359375,11488.0,0.5799083709716797
5.83984375,11488.0,0.5799611210823059
5.84375,11488.0,0.5800138711929321
5.8515625,11496.0,0.5800666213035583
5.85546875,11496.0,0.5801193714141846
5.859375,11496.0,0.5801721215248108
5.86328125,11496.0,0.580224871635437
5.87109375,11496.0,0.5802776217460632
5.875,11496.0,0.5803303718566895
5.87890625,11496.0,0.5803831219673157
5.88671875,11496.0,0.5804358720779419
5.890625,11504.0,0.5804886221885681
5.8984375,11504.0,0.5805413722991943
5.90234375,11504.0,0.5805941224098206
5.90625,11504.0,0.5806468725204468
5.9140625,11504.0,0.580699622631073
5.91796875,11504.0,0.5807523727416992
5.92578125,11504.0,0.5808051228523254
5.9296875,11504.0,0.5808578729629517
5.9375,11512.0,0.5809106230735779
5.94140625,11512.0,0.5809633731842041
5.94921875,11512.0,0.5810161232948303
5.95703125,11512.0,0.5810688734054565
5.9609375,11512.0,0.5811216235160828
5.96875,11512.0,0.581174373626709
5.97265625,11512.0,0.5812271237373352
5.98046875,11512.0,0.5812798738479614
5.98828125,11520.0,0.5813326239585876
5.9921875,11520.0,0.5813853740692139
6.0,11520.0,0.5814381241798401
6.00390625,11520.0,0.5814908742904663
6.01171875,11520.0,0.5815436244010925
6.015625,11520.0,0.5815963745117188
6.0234375,11520.0,0.581649124622345
6.03125,11520.0,0.5817018747329712
6.03515625,11528.0,0.5817546248435974
6.04296875,11528.0,0.5818073749542236
6.046875,11528.0,0.5818601250648499
6.0546875,11528.0,0.5819128751754761
6.05859375,11528.0,0.5819656252861023
6.06640625,11528.0,0.5820183753967285
6.0703125,11528.0,0.5820711255073547
6.078125,11528.0,0.582123875617981
6.08203125,11536.0,0.5821766257286072
6.08984375,11536.0,0.5822293758392334
6.09375,11536.0,0.5822821259498596
6.1015625,11536.0,0.5823348760604858
6.10546875,11536.0,0.5823876261711121
6.11328125,11536.0,0.5824403762817383
6.1171875,11536.0,0.5824931263923645
6.125,11536.0,0.5825458765029907
6.12890625,11544.0,0.5825986266136169
6.13671875,11544.0,0.5826513767242432
6.140625,11544.0,0.5827041268348694
6.1484375,11544.0,0.5827568769454956
6.15234375,11544.0,0.5828096270561218
6.16015625,11544.0,0.582862377166748
6.1640625,11544.0,0.5829151272773743
6.16796875,11544.0,0.5829678773880005
6.17578125,11552.0,0.5830206274986267
6.1796875,11552.0,0.5830733776092529
6.18359375,11552.0,0.5831261277198792
6.19140625,11552.0,0.5831788778305054
6.1953125,11552.0,0.5832316279411316
6.19921875,11552.0,0.5832843780517578
6.20703125,11552.0,0.583337128162384
6.2109375,11560.0,0.5833898782730103
6.21484375,11560.0,0.5834426283836365
6.21875,11560.0,0.5834953784942627
6.22265625,11560.0,0.5835481286048889
6.2265625,11560.0,0.5836008787155151
6.234375,11560.0,0.5836536288261414
6.23828125,11560.0,0.5837063789367676
6.2421875,11560.0,0.5837591290473938
6.24609375,11568.0,0.58381187915802
6.25,11568.0,0.5838646292686462
6.25390625,11568.0,0.5839173793792725
6.2578125,11568.0,0.5839701294898987
6.2578125,11568.0,0.5840228796005249
6.26171875,11568.0,0.5840756297111511
6.265625,11568.0,0.5841283798217773
6.26953125,11568.0,0.5841811299324036
6.2734375,11576.0,0.5842338800430298
6.2734375,11576.0,0.584286630153656
6.27734375,11576.0,0.5843393802642822
6.28125,11576.0,0.5843921303749084
6.28125,11576.0,0.5844448804855347
6.28515625,11576.0,0.5844976305961609
6.28515625,11576.0,0.5845503807067871
6.2890625,11576.0,0.5846031308174133
6.2890625,11584.0,0.5846558809280396
6.29296875,11584.0,0.5847086310386658
6.29296875,11584.0,0.584761381149292
6.296875,11584.0,0.5848141312599182
6.296875,11584.0,0.5848668813705444
6.296875,11584.0,0.5849196314811707
6.30078125,11584.0,0.5849723815917969
6.30078125,11584.0,0.5850251317024231
6.30078125,11592.0,0.5850778818130493
6.30078125,11592.0,0.5851306319236755
6.30078125,11592.0,0.5851833820343018
6.30078125,11592.0,0.585236132144928
6.30078125,11592.0,0.5852888822555542
6.30078125,11592.0,0.5853416323661804
6.30078125,11592.0,0.5853943824768066
6.30078125,11592.0,0.5854471325874329
6.30078125,11600.0,0.5854998826980591
6.296875,11600.0,0.5855526328086853
6.296875,11600.0,0.5856053829193115
6.296875,11600.0,0.5856581330299377
6.29296875,11600.0,0.585710883140564
6.29296875,11600.0,0.5857636332511902
6.29296875,11600.0,0.5858163833618164
6.2890625,11600.0,0.5858691334724426
6.2890625,11608.0,0.5859218835830688
6.28515625,11608.0,0.5859746336936951
6.28515625,11608.0,0.5860273838043213
6.28125,11608.0,0.5860801339149475
6.28125,11608.0,0.5861328840255737
6.27734375,11608.0,0.5861856341362
6.2734375,11608.0,0.5862383842468262
6.2734375,11608.0,0.5862911343574524
6.26953125,11616.0,0.5863438844680786
6.26953125,11616.0,0.5863966345787048
6.265625,11616.0,0.586449384689331
6.26171875,11616.0,0.5865021347999573
6.2578125,11616.0,0.5865548849105835
6.2578125,11616.0,0.5866076350212097
6.25390625,11616.0,0.5866603851318359
6.25,11616.0,0.5867131352424622
6.24609375,11624.0,0.5867658853530884
6.24609375,11624.0,0.5868186354637146
6.2421875,11624.0,0.5868713855743408
6.23828125,11624.0,0.586924135684967
6.234375,11624.0,0.5869768857955933
6.23046875,11624.0,0.5870296359062195
6.2265625,11624.0,0.5870823860168457
6.22265625,11624.0,0.5871351361274719
6.21875,11632.0,0.5871878862380981
6.21484375,11632.0,0.5872406363487244
6.2109375,11632.0,0.5872933864593506
6.20703125,11632.0,0.5873461365699768
6.203125,11632.0,0.587398886680603
6.19921875,11632.0,0.5874516367912292
6.1953125,11632.0,0.5875043869018555
6.1875,11632.0,0.5875571370124817
6.18359375,11640.0,0.5876098871231079
6.1796875,11640.0,0.5876626372337341
6.17578125,11640.0,0.5877153873443604
6.16796875,11640.0,0.5877681374549866
6.1640625,11640.0,0.5878208875656128
6.16015625,11640.0,0.587873637676239
6.15234375,11640.0,0.5879263877868652
6.1484375,11640.0,0.5879791378974915
6.14453125,11648.0,0.5880318880081177
6.13671875,11648.0,0.5880846381187439
6.1328125,11648.0,0.5881373882293701
6.12890625,11648.0,0.5881901383399963
6.12109375,11648.0,0.5882428884506226
6.1171875,11648.0,0.5882956385612488
6.109375,11648.0,0.588348388671875
6.10546875,11648.0,0.5884011387825012
6.09765625,11656.0,0.5884538888931274
6.09375,11656.0,0.5885066390037537
6.0859375,11656.0,0.5885593891143799
6.08203125,11656.0,0.5886121392250061
6.07421875,11656.0,0.5886648893356323
6.0703125,11656.0,0.5887176394462585
6.0625,11656.0,0.5887703895568848
6.05859375,11656.0,0.588823139667511
6.05078125,11656.0,0.5888758897781372
6.046875,11664.0,0.5889286398887634
6.0390625,11664.0,0.5889813899993896
6.03515625,11664.0,0.5890341401100159
6.02734375,11664.0,0.5890868902206421
6.0234375,11664.0,0.5891396403312683
6.015625,11664.0,0.5891923904418945
6.01171875,11664.0,0.5892451405525208
6.00390625,11664.0,0.589297890663147
6.0,11672.0,0.5893506407737732
5.9921875,11672.0,0.5894033908843994
5.98828125,11672.0,0.5894561409950256
5.98046875,11672.0,0.5895088911056519
5.9765625,11672.0,0.5895616412162781
5.96875,11672.0,0.5896143913269043
5.96484375,11672.0,0.5896671414375305
5.9609375,11672.0,0.5897198915481567
5.953125,11680.0,0.589772641658783
5.94921875,11680.0,0.5898253917694092
5.9453125,11680.0,0.5898781418800354
5.9375,11680.0,0.5899308919906616
5.93359375,11680.0,0.5899836421012878
5.9296875,11680.0,0.5900363922119141
5.92578125,11680.0,0.5900891423225403
5.91796875,11680.0,0.5901418924331665
5.9140625,11688.0,0.5901946425437927
5.91015625,11688.0,0.590247392654419
5.90625,11688.0,0.5903001427650452
5.90234375,11688.0,0.5903528928756714
5.8984375,11688.0,0.5904056429862976
5.89453125,11688.0,0.5904583930969238
5.890625,11688.0,0.59051114320755
5.8828125,11688.0,0.5905638933181763
5.87890625,11696.0,0.5906166434288025
5.87890625,11696.0,0.5906693935394287
5.875,11696.0,0.5907221436500549
5.87109375,11696.0,0.5907748937606812
5.8671875,11696.0,0.5908276438713074
5.86328125,11696.0,0.5908803939819336
5.859375,11696.0,0.5909331440925598
5.85546875,11696.0,0.590985894203186
5.85546875,11704.0,0.5910386443138123
5.8515625,11704.0,0.5910913944244385
5.84765625,11704.0,0.5911441445350647
5.84765625,11704.0,0.5911968946456909
5.84375,11704.0,0.5912496447563171
5.83984375,11704.0,0.5913023948669434
5.83984375,11704.0,0.5913551449775696
5.8359375,11704.0,0.5914078950881958
5.8359375,11712.0,0.591460645198822
5.8359375,11712.0,0.5915133953094482
5.83203125,11712.0,0.5915661454200745
5.83203125,11712.0,0.5916188955307007
5.828125,11712.0,0.5916716456413269
5.828125,11712.0,0.5917243957519531
5.828125,11712.0,0.5917771458625793
5.828125,11712.0,0.5918298959732056
5.82421875,11720.0,0.5918826460838318
5.82421875,11720.0,0.591935396194458
5.82421875,11720.0,0.5919881463050842
5.82421875,11720.0,0.5920408964157104
5.82421875,11720.0,0.5920936465263367
5.82421875,11720.0,0.5921463966369629
5.82421875,11720.0,0.5921991467475891
5.82421875,11720.0,0.5922518968582153
5.82421875,11728.0,0.5923046469688416
5.82421875,11728.0,0.5923573970794678
5.82421875,11728.0,0.592410147190094
5.828125,11728.0,0.5924628973007202
5.828125,11728.0,0.5925156474113464
5.828125,11728.0,0.5925683975219727
5.828125,11728.0,0.5926211476325989
5.83203125,11728.0,0.5926738977432251
5.83203125,11736.0,0.5927266478538513
5.83203125,11736.0,0.5927793979644775
5.8359375,11736.0,0.5928321480751038
5.8359375,11736.0,0.59288489818573
5.8359375,11736.0,0.5929376482963562
5.83984375,11736.0,0.5929903984069824
5.83984375,11736.0,0.5930431485176086
5.84375,11736.0,0.5930958986282349
5.84375,11744.0,0.5931486487388611
5.84765625,11744.0,0.5932013988494873
5.8515625,11744.0,0.5932541489601135
5.8515625,11744.0,0.5933068990707397
5.85546875,11744.0,0.593359649181366
5.85546875,11744.0,0.5934123992919922
5.859375,11744.0,0.5934651494026184
5.86328125,11744.0,0.5935178995132446
5.8671875,11744.0,0.5935706496238708
5.87109375,11752.0,0.5936233997344971
5.87109375,11752.0,0.5936761498451233
5.875,11752.0,0.5937288999557495
5.87890625,11752.0,0.5937816500663757
5.8828125,11752.0,0.593834400177002
5.88671875,11752.0,0.5938871502876282
5.890625,11752.0,0.5939399003982544
5.89453125,11752.0,0.5939926505088806
5.8984375,11760.0,0.5940454006195068
5.90234375,11760.0,0.5940981507301331
5.90625,11760.0,0.5941509008407593
5.91015625,11760.0,0.5942036509513855
5.9140625,11760.0,0.5942564010620117
5.91796875,11760.0,0.5943091511726379
5.921875,11760.0,0.5943619012832642
5.9296875,11760.0,0.5944146513938904
5.93359375,11768.0,0.5944674015045166
5.9375,11768.0,0.5945201516151428
5.94140625,11768.0,0.594572901725769
5.9453125,11768.0,0.5946256518363953
5.953125,11768.0,0.5946784019470215
5.95703125,11768.0,0.5947311520576477
5.9609375,11768.0,0.5947839021682739
5.96875,11768.0,0.5948366522789001
5.97265625,11776.0,0.5948894023895264
5.9765625,11776.0,0.5949421525001526
5.984375,11776.0,0.5949949026107788
5.98828125,11776.0,0.595047652721405
5.99609375,11776.0,0.5951004028320312
6.0,11776.0,0.5951531529426575
6.0078125,11776.0,0.5952059030532837
6.01171875,11776.0,0.5952586531639099
6.01953125,11784.0,0.5953114032745361
6.0234375,11784.0,0.5953641533851624
6.03125,11784.0,0.5954169034957886
6.03515625,11784.0,0.5954696536064148
6.04296875,11784.0,0.595522403717041
6.046875,11784.0,0.5955751538276672
6.0546875,11784.0,0.5956279039382935
6.0625,11784.0,0.5956806540489197
6.06640625,11792.0,0.5957334041595459
6.07421875,11792.0,0.5957861542701721
6.078125,11792.0,0.5958389043807983
6.0859375,11792.0,0.5958916544914246
6.09375,11792.0,0.5959444046020508
6.09765625,11792.0,0.595997154712677
6.10546875,11792.0,0.5960499048233032
6.109375,11792.0,0.5961026549339294
6.1171875,11792.0,0.5961554050445557
6.12109375,11800.0,0.5962081551551819
6.12890625,11800.0,0.5962609052658081
6.1328125,11800.0,0.5963136553764343
6.140625,11800.0,0.5963664054870605
6.14453125,11800.0,0.5964191555976868
6.15234375,11800.0,0.596471905708313
6.15625,11800.0,0.5965246558189392
6.1640625,11800.0,0.5965774059295654
6.16796875,11808.0,0.5966301560401917
6.17578125,11808.0,0.5966829061508179
6.1796875,11808.0,0.5967356562614441
6.1875,11808.0,0.5967884063720703
6.19140625,11808.0,0.5968411564826965
6.19921875,11808.0,0.5968939065933228
6.203125,11808.0,0.596946656703949
6.20703125,11808.0,0.5969994068145752
6.21484375,11816.0,0.5970521569252014
6.21875,11816.0,0.5971049070358276
6.22265625,11816.0,0.5971576571464539
6.23046875,11816.0,0.5972104072570801
6.234375,11816.0,0.5972631573677063
6.23828125,11816.0,0.5973159074783325
6.24609375,11816.0,0.5973686575889587
6.25,11816.0,0.597421407699585
6.25390625,11824.0,0.5974741578102112
6.2578125,11824.0,0.5975269079208374
6.265625,11824.0,0.5975796580314636
6.26953125,11824.0,0.5976324081420898
6.2734375,11824.0,0.5976851582527161
6.27734375,11824.0,0.5977379083633423
6.28125,11824.0,0.5977906584739685
6.28515625,11824.0,0.5978434085845947
6.2890625,11824.0,0.597896158695221
6.296875,11832.0,0.5979489088058472
6.30078125,11832.0,0.5980016589164734
6.3046875,11832.0,0.5980544090270996
6.30859375,11832.0,0.5981071591377258
6.30859375,11832.0,0.598159909248352
6.3125,11832.0,0.5982126593589783
6.31640625,11832.0,0.5982654094696045
6.3203125,11832.0,0.5983181595802307
6.32421875,11840.0,0.5983709096908569
6.328125,11840.0,0.5984236598014832
6.33203125,11840.0,0.5984764099121094
6.33203125,11840.0,0.5985291600227356
6.3359375,11840.0,0.5985819101333618
6.33984375,11840.0,0.598634660243988
6.33984375,11840.0,0.5986874103546143
6.34375,11840.0,0.5987401604652405
6.34375,11848.0,0.5987929105758667
6.34765625,11848.0,0.5988456606864929
6.34765625,11848.0,0.5988984107971191
6.3515625,11848.0,0.5989511609077454
6.3515625,11848.0,0.5990039110183716
6.35546875,11848.0,0.5990566611289978
6.35546875,11848.0,0.599109411239624
6.35546875,11848.0,0.5991621613502502
6.359375,11856.0,0.5992149114608765
6.359375,11856.0,0.5992676615715027
6.359375,11856.0,0.5993204116821289
6.359375,11856.0,0.5993731617927551
6.359375,11856.0,0.5994259119033813
6.359375,11856.0,0.5994786620140076
6.359375,11856.0,0.5995314121246338
6.359375,11856.0,0.59958416223526
6.359375,11856.0,0.5996369123458862
6.359375,11864.0,0.5996896624565125
6.359375,11864.0,0.5997424125671387
6.359375,11864.0,0.5997951626777649
6.359375,11864.0,0.5998479127883911
6.35546875,11864.0,0.5999006628990173
6.35546875,11864.0,0.5999534130096436
6.35546875,11864.0,0.6000061631202698
6.3515625,11864.0,0.600058913230896
6.3515625,11872.0,0.6001116633415222
6.34765625,11872.0,0.6001644134521484
6.34765625,11872.0,0.6002171635627747
6.34375,11872.0,0.6002699136734009
6.34375,11872.0,0.6003226637840271
6.33984375,11872.0,0.6003754138946533
6.33984375,11872.0,0.6004281640052795
6.3359375,11872.0,0.6004809141159058
6.33203125,11880.0,0.600533664226532
6.33203125,11880.0,0.6005864143371582
6.328125,11880.0,0.6006391644477844
6.32421875,11880.0,0.6006919145584106
6.3203125,11880.0,0.6007446646690369
6.31640625,11880.0,0.6007974147796631
6.31640625,11880.0,0.6008501648902893
6.3125,11880.0,0.6009029150009155
6.30859375,11888.0,0.6009556651115417
6.3046875,11888.0,0.601008415222168
6.30078125,11888.0,0.6010611653327942
6.296875,11888.0,0.6011139154434204
6.29296875,11888.0,0.6011666655540466
6.2890625,11888.0,0.6012194156646729
6.28515625,11888.0,0.6012721657752991
6.28125,11888.0,0.6013249158859253
6.27734375,11888.0,0.6013776659965515
6.26953125,11896.0,0.6014304161071777
6.265625,11896.0,0.601483166217804
6.26171875,11896.0,0.6015359163284302
6.2578125,11896.0,0.6015886664390564
6.25390625,11896.0,0.6016414165496826
6.25,11896.0,0.6016941666603088
6.2421875,11896.0,0.6017469167709351
6.23828125,11896.0,0.6017996668815613
6.234375,11904.0,0.6018524169921875
6.23046875,11904.0,0.6019051671028137
6.22265625,11904.0,0.6019579172134399
6.21875,11904.0,0.6020106673240662
6.21484375,11904.0,0.6020634174346924
6.2109375,11904.0,0.6021161675453186
6.203125,11904.0,0.6021689176559448
6.19921875,11904.0,0.602221667766571
6.1953125,11912.0,0.6022744178771973
6.1875,11912.0,0.6023271679878235
6.18359375,11912.0,0.6023799180984497
6.1796875,11912.0,0.6024326682090759
6.171875,11912.0,0.6024854183197021
6.16796875,11912.0,0.6025381684303284
6.1640625,11912.0,0.6025909185409546
6.15625,11912.0,0.6026436686515808
6.15234375,11912.0,0.602696418762207
6.14453125,11920.0,0.6027491688728333
6.140625,11920.0,0.6028019189834595
6.13671875,11920.0,0.6028546690940857
6.12890625,11920.0,0.6029074192047119
6.125,11920.0,0.6029601693153381
6.1171875,11920.0,0.6030129194259644
6.11328125,11920.0,0.6030656695365906
6.109375,11920.0,0.6031184196472168
6.1015625,11928.0,0.603171169757843
6.09765625,11928.0,0.6032239198684692
6.08984375,11928.0,0.6032766699790955
6.0859375,11928.0,0.6033294200897217
6.08203125,11928.0,0.6033821702003479
6.07421875,11928.0,0.6034349203109741
6.0703125,11928.0,0.6034876704216003
6.0625,11928.0,0.6035404205322266
6.05859375,11936.0,0.6035931706428528
6.0546875,11936.0,0.603645920753479
6.046875,11936.0,0.6036986708641052
6.04296875,11936.0,0.6037514209747314
6.0390625,11936.0,0.6038041710853577
6.03125,11936.0,0.6038569211959839
6.02734375,11936.0,0.6039096713066101
6.0234375,11936.0,0.6039624214172363
6.015625,11936.0,0.6040151715278625
6.01171875,11944.0,0.6040679216384888
6.0078125,11944.0,0.604120671749115
6.00390625,11944.0,0.6041734218597412
6.0,11944.0,0.6042261719703674
5.9921875,11944.0,0.6042789220809937
5.98828125,11944.0,0.6043316721916199
5.984375,11944.0,0.6043844223022461
5.98046875,11944.0,0.6044371724128723
5.9765625,11952.0,0.6044899225234985
5.97265625,11952.0,0.6045426726341248
5.96484375,11952.0,0.604595422744751
5.9609375,11952.0,0.6046481728553772
5.95703125,11952.0,0.6047009229660034
5.953125,11952.0,0.6047536730766296
5.94921875,11952.0,0.6048064231872559
5.9453125,11952.0,0.6048591732978821
5.94140625,11952.0,0.6049119234085083
5.9375,11960.0,0.6049646735191345
5.93359375,11960.0,0.6050174236297607
5.9296875,11960.0,0.605070173740387
5.92578125,11960.0,0.6051229238510132
5.921875,11960.0,0.6051756739616394
5.921875,11960.0,0.6052284240722656
5.91796875,11960.0,0.6052811741828918
5.9140625,11960.0,0.6053339242935181
5.91015625,11968.0,0.6053866744041443
5.90625,11968.0,0.6054394245147705
5.90625,11968.0,0.6054921746253967
5.90234375,11968.0,0.605544924736023
5.8984375,11968.0,0.6055976748466492
5.8984375,11968.0,0.6056504249572754
5.89453125,11968.0,0.6057031750679016
5.89453125,11968.0,0.6057559251785278
5.890625,11976.0,0.605808675289154
5.890625,11976.0,0.6058614253997803
5.88671875,11976.0,0.6059141755104065
5.88671875,11976.0,0.6059669256210327
5.8828125,11976.0,0.6060196757316589
5.8828125,11976.0,0.6060724258422852
5.8828125,11976.0,0.6061251759529114
5.8828125,11976.0,0.6061779260635376
5.87890625,11976.0,0.6062306761741638
5.87890625,11984.0,0.60628342628479
5.87890625,11984.0,0.6063361763954163
5.87890625,11984.0,0.6063889265060425
5.87890625,11984.0,0.6064416766166687
5.87890625,11984.0,0.6064944267272949
5.87890625,11984.0,0.6065471768379211
5.87890625,11984.0,0.6065999269485474
5.87890625,11984.0,0.6066526770591736
5.87890625,11992.0,0.6067054271697998
5.8828125,11992.0,0.606758177280426
5.8828125,11992.0,0.6068109273910522
5.8828125,11992.0,0.6068636775016785
5.8828125,11992.0,0.6069164276123047
5.8828125,11992.0,0.6069691777229309
5.88671875,11992.0,0.6070219278335571
5.88671875,11992.0,0.6070746779441833
5.88671875,11992.0,0.6071274280548096
5.890625,12000.0,0.6071801781654358
5.890625,12000.0,0.607232928276062
5.89453125,12000.0,0.6072856783866882
5.89453125,12000.0,0.6073384284973145
5.8984375,12000.0,0.6073911786079407
5.8984375,12000.0,0.6074439287185669
5.90234375,12000.0,0.6074966788291931
5.90234375,12000.0,0.6075494289398193
5.90625,12008.0,0.6076021790504456
5.91015625,12008.0,0.6076549291610718
5.91015625,12008.0,0.607707679271698
5.9140625,12008.0,0.6077604293823242
5.91796875,12008.0,0.6078131794929504
5.921875,12008.0,0.6078659296035767
5.92578125,12008.0,0.6079186797142029
5.9296875,12008.0,0.6079714298248291
5.9296875,12008.0,0.6080241799354553
5.93359375,12016.0,0.6080769300460815
5.9375,12016.0,0.6081296801567078
5.94140625,12016.0,0.608182430267334
5.9453125,12016.0,0.6082351803779602
5.94921875,12016.0,0.6082879304885864
5.953125,12016.0,0.6083406805992126
5.95703125,12016.0,0.6083934307098389
5.96484375,12016.0,0.6084461808204651
5.96875,12024.0,0.6084989309310913
5.97265625,12024.0,0.6085516810417175
5.9765625,12024.0,0.6086044311523438
5.98046875,12024.0,0.60865718126297
5.984375,12024.0,0.6087099313735962
5.9921875,12024.0,0.6087626814842224
5.99609375,12024.0,0.6088154315948486
6.0,12024.0,0.6088681817054749
6.00390625,12024.0,0.6089209318161011
6.01171875,12032.0,0.6089736819267273
6.015625,12032.0,0.6090264320373535
6.01953125,12032.0,0.6090791821479797
6.02734375,12032.0,0.609131932258606
6.03125,12032.0,0.6091846823692322
6.0390625,12032.0,0.6092374324798584
6.04296875,12032.0,0.6092901825904846
6.046875,12032.0,0.6093429327011108
6.0546875,12040.0,0.6093956828117371
6.05859375,12040.0,0.6094484329223633
6.06640625,12040.0,0.6095011830329895
6.0703125,12040.0,0.6095539331436157
6.078125,12040.0,0.6096066832542419
6.08203125,12040.0,0.6096594333648682
6.08984375,12040.0,0.6097121834754944
6.09375,12040.0,0.6097649335861206
6.1015625,12040.0,0.6098176836967468
6.10546875,12048.0,0.609870433807373
6.11328125,12048.0,0.6099231839179993
6.1171875,12048.0,0.6099759340286255
6.125,12048.0,0.6100286841392517
6.12890625,12048.0,0.6100814342498779
6.13671875,12048.0,0.6101341843605042
6.14453125,12048.0,0.6101869344711304
6.1484375,12048.0,0.6102396845817566
6.15625,12056.0,0.6102924346923828
6.16015625,12056.0,0.610345184803009
6.16796875,12056.0,0.6103979349136353
6.171875,12056.0,0.6104506850242615
6.1796875,12056.0,0.6105034351348877
6.18359375,12056.0,0.6105561852455139
6.19140625,12056.0,0.6106089353561401
6.1953125,12056.0,0.6106616854667664
6.203125,12056.0,0.6107144355773926
6.20703125,12064.0,0.6107671856880188
6.21484375,12064.0,0.610819935798645
6.21875,12064.0,0.6108726859092712
6.22265625,12064.0,0.6109254360198975
6.23046875,12064.0,0.6109781861305237
6.234375,12064.0,0.6110309362411499
6.2421875,12064.0,0.6110836863517761
6.24609375,12064.0,0.6111364364624023
6.25,12072.0,0.6111891865730286
6.2578125,12072.0,0.6112419366836548
6.26171875,12072.0,0.611294686794281
6.265625,12072.0,0.6113474369049072
6.2734375,12072.0,0.6114001870155334
6.27734375,12072.0,0.6114529371261597
6.28125,12072.0,0.6115056872367859
6.2890625,12072.0,0.6115584373474121
6.29296875,12072.0,0.6116111874580383
6.296875,12080.0,0.6116639375686646
6.30078125,12080.0,0.6117166876792908
6.3046875,12080.0,0.611769437789917
6.3125,12080.0,0.6118221879005432
6.31640625,12080.0,0.6118749380111694
6.3203125,12080.0,0.6119276881217957
6.32421875,12080.0,0.6119804382324219
6.328125,12080.0,0.6120331883430481
6.33203125,12088.0,0.6120859384536743
6.3359375,12088.0,0.6121386885643005
6.33984375,12088.0,0.6121914386749268
6.34375,12088.0,0.612244188785553
6.34765625,12088.0,0.6122969388961792
6.3515625,12088.0,0.6123496890068054
6.35546875,12088.0,0.6124024391174316
6.359375,12088.0,0.6124551892280579
6.36328125,12088.0,0.6125079393386841
6.36328125,12096.0,0.6125606894493103
6.3671875,12096.0,0.6126134395599365
6.37109375,12096.0,0.6126661896705627
6.375,12096.0,0.612718939781189
6.37890625,12096.0,0.6127716898918152
6.37890625,12096.0,0.6128244400024414
6.3828125,12096.0,0.6128771901130676
6.38671875,12096.0,0.6129299402236938
6.38671875,12104.0,0.6129826903343201
6.390625,12104.0,0.6130354404449463
6.390625,12104.0,0.6130881905555725
6.39453125,12104.0,0.6131409406661987
6.39453125,12104.0,0.613193690776825
6.3984375,12104.0,0.6132464408874512
6.3984375,12104.0,0.6132991909980774
6.40234375,12104.0,0.6133519411087036
6.40234375,12104.0,0.6134046912193298
6.40234375,12112.0,0.613457441329956
6.40625,12112.0,0.6135101914405823
6.40625,12112.0,0.6135629415512085
6.40625,12112.0,0.6136156916618347
6.40625,12112.0,0.6136684417724609
6.41015625,12112.0,0.6137211918830872
6.41015625,12112.0,0.6137739419937134
6.41015625,12112.0,0.6138266921043396
6.41015625,12112.0,0.6138794422149658
6.41015625,12120.0,0.613932192325592
6.41015625,12120.0,0.6139849424362183
6.41015625,12120.0,0.6140376925468445
6.40625,12120.0,0.6140904426574707
6.40625,12120.0,0.6141431927680969
6.40625,12120.0,0.6141959428787231
6.40625,12120.0,0.6142486929893494
6.40625,12120.0,0.6143014430999756
6.40234375,12128.0,0.6143541932106018
6.40234375,12128.0,0.614406943321228
6.40234375,12128.0,0.6144596934318542
6.3984375,12128.0,0.6145124435424805
6.3984375,12128.0,0.6145651936531067
6.39453125,12128.0,0.6146179437637329
6.39453125,12128.0,0.6146706938743591
6.390625,12128.0,0.6147234439849854
6.390625,12128.0,0.6147761940956116
6.38671875,12136.0,0.6148289442062378
6.3828125,12136.0,0.614881694316864
6.3828125,12136.0,0.6149344444274902
6.37890625,12136.0,0.6149871945381165
6.375,12136.0,0.6150399446487427
6.375,12136.0,0.6150926947593689
6.37109375,12136.0,0.6151454448699951
6.3671875,12136.0,0.6151981949806213
6.36328125,12144.0,0.6152509450912476
6.359375,12144.0,0.6153036952018738
6.35546875,12144.0,0.6153564453125
6.3515625,12144.0,0.6154091954231262
6.34765625,12144.0,0.6154619455337524
6.34375,12144.0,0.6155146956443787
6.33984375,12144.0,0.6155674457550049
6.3359375,12144.0,0.6156201958656311
6.33203125,12144.0,0.6156729459762573
6.328125,12152.0,0.6157256960868835
6.32421875,12152.0,0.6157784461975098
6.3203125,12152.0,0.615831196308136
6.3125,12152.0,0.6158839464187622
6.30859375,12152.0,0.6159366965293884
6.3046875,12152.0,0.6159894466400146
6.30078125,12152.0,0.6160421967506409
6.29296875,12152.0,0.6160949468612671
6.2890625,12152.0,0.6161476969718933
6.28515625,12160.0,0.6162004470825195
6.28125,12160.0,0.6162531971931458
6.2734375,12160.0,0.616305947303772
6.26953125,12160.0,0.6163586974143982
6.265625,12160.0,0.6164114475250244
6.2578125,12160.0,0.6164641976356506
6.25390625,12160.0,0.6165169477462769
6.24609375,12160.0,0.6165696978569031
6.2421875,12168.0,0.6166224479675293
6.23828125,12168.0,0.6166751980781555
6.23046875,12168.0,0.6167279481887817
6.2265625,12168.0,0.616780698299408
6.22265625,12168.0,0.6168334484100342
6.21484375,12168.0,0.6168861985206604
6.2109375,12168.0,0.6169389486312866
6.203125,12168.0,0.6169916987419128
6.19921875,12168.0,0.6170444488525391
6.19140625,12176.0,0.6170971989631653
6.1875,12176.0,0.6171499490737915
6.18359375,12176.0,0.6172026991844177
6.17578125,12176.0,0.617255449295044
6.171875,12176.0,0.6173081994056702
6.1640625,12176.0,0.6173609495162964
6.16015625,12176.0,0.6174136996269226
6.15234375,12176.0,0.6174664497375488
6.1484375,12176.0,0.617519199848175
6.14453125,12184.0,0.6175719499588013
6.13671875,12184.0,0.6176247000694275
6.1328125,12184.0,0.6176774501800537
6.125,12184.0,0.6177302002906799
6.12109375,12184.0,0.6177829504013062
6.1171875,12184.0,0.6178357005119324
6.109375,12184.0,0.6178884506225586
6.10546875,12184.0,0.6179412007331848
6.1015625,12184.0,0.617993950843811
6.09375,12192.0,0.6180467009544373
6.08984375,12192.0,0.6180994510650635
6.08203125,12192.0,0.6181522011756897
6.078125,12192.0,0.6182049512863159
6.07421875,12192.0,0.6182577013969421
6.0703125,12192.0,0.6183104515075684
6.0625,12192.0,0.6183632016181946
6.05859375,12192.0,0.6184159517288208
6.0546875,12200.0,0.618468701839447
6.05078125,12200.0,0.6185214519500732
6.04296875,12200.0,0.6185742020606995
6.0390625,12200.0,0.6186269521713257
6.03515625,12200.0,0.6186797022819519
6.03125,12200.0,0.6187324523925781
6.02734375,12200.0,0.6187852025032043
6.0234375,12200.0,0.6188379526138306
6.01953125,12200.0,0.6188907027244568
6.015625,12208.0,0.618943452835083
6.0078125,12208.0,0.6189962029457092
6.00390625,12208.0,0.6190489530563354
6.0,12208.0,0.6191017031669617
5.99609375,12208.0,0.6191544532775879
5.99609375,12208.0,0.6192072033882141
5.9921875,12208.0,0.6192599534988403
5.98828125,12208.0,0.6193127036094666
5.984375,12208.0,0.6193654537200928
5.98046875,12216.0,0.619418203830719
5.9765625,12216.0,0.6194709539413452
5.97265625,12216.0,0.6195237040519714
5.96875,12216.0,0.6195764541625977
5.96875,12216.0,0.6196292042732239
5.96484375,12216.0,0.6196819543838501
5.9609375,12216.0,0.6197347044944763
5.9609375,12216.0,0.6197874546051025
5.95703125,12216.0,0.6198402047157288
5.953125,12224.0,0.619892954826355
5.953125,12224.0,0.6199457049369812
5.94921875,12224.0,0.6199984550476074
5.94921875,12224.0,0.6200512051582336
5.9453125,12224.0,0.6201039552688599
5.9453125,12224.0,0.6201567053794861
5.94140625,12224.0,0.6202094554901123
5.94140625,12224.0,0.6202622056007385
5.94140625,12232.0,0.6203149557113647
5.9375,12232.0,0.620367705821991
5.9375,12232.0,0.6204204559326172
5.9375,12232.0,0.6204732060432434
5.9375,12232.0,0.6205259561538696
5.93359375,12232.0,0.6205787062644958
5.93359375,12232.0,0.6206314563751221
5.93359375,12232.0,0.6206842064857483
5.93359375,12232.0,0.6207369565963745
5.93359375,12240.0,0.6207897067070007
5.93359375,12240.0,0.620842456817627
5.93359375,12240.0,0.6208952069282532
5.93359375,12240.0,0.6209479570388794
5.93359375,12240.0,0.6210007071495056
5.93359375,12240.0,0.6210534572601318
5.93359375,12240.0,0.6211062073707581
5.93359375,12240.0,0.6211589574813843
5.93359375,12240.0,0.6212117075920105
5.93359375,12248.0,0.6212644577026367
5.9375,12248.0,0.6213172078132629
5.9375,12248.0,0.6213699579238892
5.9375,12248.0,0.6214227080345154
5.94140625,12248.0,0.6214754581451416
5.94140625,12248.0,0.6215282082557678
5.94140625,12248.0,0.621580958366394
5.9453125,12248.0,0.6216337084770203
5.9453125,12248.0,0.6216864585876465
5.9453125,12256.0,0.6217392086982727
5.94921875,12256.0,0.6217919588088989
5.94921875,12256.0,0.6218447089195251
5.953125,12256.0,0.6218974590301514
5.95703125,12256.0,0.6219502091407776
5.95703125,12256.0,0.6220029592514038
5.9609375,12256.0,0.62205570936203
5.96484375,12256.0,0.6221084594726562
5.96484375,12256.0,0.6221612095832825
5.96875,12264.0,0.6222139596939087
5.97265625,12264.0,0.6222667098045349
5.97265625,12264.0,0.6223194599151611
5.9765625,12264.0,0.6223722100257874
5.98046875,12264.0,0.6224249601364136
5.984375,12264.0,0.6224777102470398
5.98828125,12264.0,0.622530460357666
5.9921875,12264.0,0.6225832104682922
5.99609375,12272.0,0.6226359605789185
6.0,12272.0,0.6226887106895447
6.00390625,12272.0,0.6227414608001709
6.0078125,12272.0,0.6227942109107971
6.01171875,12272.0,0.6228469610214233
6.015625,12272.0,0.6228997111320496
6.01953125,12272.0,0.6229524612426758
6.0234375,12272.0,0.623005211353302
6.02734375,12272.0,0.6230579614639282
6.03515625,12280.0,0.6231107115745544
6.0390625,12280.0,0.6231634616851807
6.04296875,12280.0,0.6232162117958069
6.046875,12280.0,0.6232689619064331
6.0546875,12280.0,0.6233217120170593
6.05859375,12280.0,0.6233744621276855
6.0625,12280.0,0.6234272122383118
6.0703125,12280.0,0.623479962348938
6.07421875,12280.0,0.6235327124595642
6.078125,12288.0,0.6235854625701904
6.0859375,12288.0,0.6236382126808167
6.08984375,12288.0,0.6236909627914429
6.09765625,12288.0,0.6237437129020691
6.1015625,12288.0,0.6237964630126953
6.109375,12288.0,0.6238492131233215
6.11328125,12288.0,0.6239019632339478
6.12109375,12288.0,0.623954713344574
6.125,12288.0,0.6240074634552002
6.1328125,12296.0,0.6240602135658264
6.13671875,12296.0,0.6241129636764526
6.14453125,12296.0,0.6241657137870789
6.1484375,12296.0,0.6242184638977051
6.15625,12296.0,0.6242712140083313
6.16015625,12296.0,0.6243239641189575
6.16796875,12296.0,0.6243767142295837
6.171875,12296.0,0.62442946434021
6.1796875,12296.0,0.6244822144508362
6.18359375,12304.0,0.6245349645614624
6.19140625,12304.0,0.6245877146720886
6.1953125,12304.0,0.6246404647827148
6.203125,12304.0,0.6246932148933411
6.20703125,12304.0,0.6247459650039673
6.21484375,12304.0,0.6247987151145935
6.21875,12304.0,0.6248514652252197
6.2265625,12304.0,0.624904215335846
6.23046875,12304.0,0.6249569654464722
6.23828125,12312.0,0.6250097155570984
6.2421875,12312.0,0.6250624656677246
6.25,12312.0,0.6251152157783508
6.25390625,12312.0,0.625167965888977
6.26171875,12312.0,0.6252207159996033
6.265625,12312.0,0.6252734661102295
6.2734375,12312.0,0.6253262162208557
6.27734375,12312.0,0.6253789663314819
6.28515625,12312.0,0.6254317164421082
6.2890625,12320.0,0.6254844665527344
6.296875,12320.0,0.6255372166633606
6.30078125,12320.0,0.6255899667739868
6.3046875,12320.0,0.625642716884613
6.3125,12320.0,0.6256954669952393
6.31640625,12320.0,0.6257482171058655
6.3203125,12320.0,0.6258009672164917
6.328125,12320.0,0.6258537173271179
6.33203125,12320.0,0.6259064674377441
6.3359375,12328.0,0.6259592175483704
6.33984375,12328.0,0.6260119676589966
6.34765625,12328.0,0.6260647177696228
6.3515625,12328.0,0.626117467880249
6.35546875,12328.0,0.6261702179908752
6.359375,12328.0,0.6262229681015015
6.36328125,12328.0,0.6262757182121277
6.3671875,12328.0,0.6263284683227539
6.37109375,12328.0,0.6263812184333801
6.375,12336.0,0.6264339685440063
6.37890625,12336.0,0.6264867186546326
6.3828125,12336.0,0.6265394687652588
6.38671875,12336.0,0.626592218875885
6.390625,12336.0,0.6266449689865112
6.39453125,12336.0,0.6266977190971375
6.3984375,12336.0,0.6267504692077637
6.40234375,12336.0,0.6268032193183899
6.40625,12344.0,0.6268559694290161
6.41015625,12344.0,0.6269087195396423
6.41015625,12344.0,0.6269614696502686
6.4140625,12344.0,0.6270142197608948
6.41796875,12344.0,0.627066969871521
6.421875,12344.0,0.6271197199821472
6.421875,12344.0,0.6271724700927734
6.42578125,12344.0,0.6272252202033997
6.42578125,12344.0,0.6272779703140259
6.4296875,12352.0,0.6273307204246521
6.43359375,12352.0,0.6273834705352783
6.43359375,12352.0,0.6274362206459045
6.4375,12352.0,0.6274889707565308
6.4375,12352.0,0.627541720867157
6.44140625,12352.0,0.6275944709777832
6.44140625,12352.0,0.6276472210884094
6.44140625,12352.0,0.6276999711990356
6.4453125,12352.0,0.6277527213096619
6.4453125,12360.0,0.6278054714202881
6.4453125,12360.0,0.6278582215309143
6.4453125,12360.0,0.6279109716415405
6.44921875,12360.0,0.6279637217521667
6.44921875,12360.0,0.628016471862793
6.44921875,12360.0,0.6280692219734192
6.44921875,12360.0,0.6281219720840454
6.44921875,12360.0,0.6281747221946716
6.44921875,12360.0,0.6282274723052979
6.44921875,12368.0,0.6282802224159241
6.44921875,12368.0,0.6283329725265503
6.44921875,12368.0,0.6283857226371765
6.44921875,12368.0,0.6284384727478027
6.44921875,12368.0,0.628491222858429
6.4453125,12368.0,0.6285439729690552
6.4453125,12368.0,0.6285967230796814
6.4453125,12368.0,0.6286494731903076
6.4453125,12368.0,0.6287022233009338
6.44140625,12376.0,0.6287549734115601
6.44140625,12376.0,0.6288077235221863
6.44140625,12376.0,0.6288604736328125
6.4375,12376.0,0.6289132237434387
6.4375,12376.0,0.6289659738540649
6.43359375,12376.0,0.6290187239646912
6.43359375,12376.0,0.6290714740753174
6.4296875,12376.0,0.6291242241859436
6.4296875,12376.0,0.6291769742965698
6.42578125,12384.0,0.629229724407196
6.421875,12384.0,0.6292824745178223
6.421875,12384.0,0.6293352246284485
6.41796875,12384.0,0.6293879747390747
6.4140625,12384.0,0.6294407248497009
6.4140625,12384.0,0.6294934749603271
6.41015625,12384.0,0.6295462250709534
6.40625,12384.0,0.6295989751815796
6.40234375,12384.0,0.6296517252922058
6.3984375,12384.0,0.629704475402832
6.3984375,12392.0,0.6297572255134583
6.39453125,12392.0,0.6298099756240845
6.390625,12392.0,0.6298627257347107
6.38671875,12392.0,0.6299154758453369
6.3828125,12392.0,0.6299682259559631
6.37890625,12392.0,0.6300209760665894
6.375,12392.0,0.6300737261772156
6.37109375,12392.0,0.6301264762878418
6.3671875,12392.0,0.630179226398468
6.36328125,12400.0,0.6302319765090942
6.359375,12400.0,0.6302847266197205
6.3515625,12400.0,0.6303374767303467
6.34765625,12400.0,0.6303902268409729
6.34375,12400.0,0.6304429769515991
6.33984375,12400.0,0.6304957270622253
6.3359375,12400.0,0.6305484771728516
6.328125,12400.0,0.6306012272834778
6.32421875,12400.0,0.630653977394104
6.3203125,12408.0,0.6307067275047302
6.31640625,12408.0,0.6307594776153564
6.30859375,12408.0,0.6308122277259827
6.3046875,12408.0,0.6308649778366089
6.30078125,12408.0,0.6309177279472351
6.29296875,12408.0,0.6309704780578613
6.2890625,12408.0,0.6310232281684875
6.28515625,12408.0,0.6310759782791138
6.27734375,12408.0,0.63112872838974
6.2734375,12416.0,0.6311814785003662
6.26953125,12416.0,0.6312342286109924
6.26171875,12416.0,0.6312869787216187
6.2578125,12416.0,0.6313397288322449
6.25390625,12416.0,0.6313924789428711
6.24609375,12416.0,0.6314452290534973
6.2421875,12416.0,0.6314979791641235
6.234375,12416.0,0.6315507292747498
6.23046875,12416.0,0.631603479385376
6.22265625,12424.0,0.6316562294960022
6.21875,12424.0,0.6317089796066284
6.2109375,12424.0,0.6317617297172546
6.20703125,12424.0,0.6318144798278809
6.203125,12424.0,0.6318672299385071
6.1953125,12424.0,0.6319199800491333
6.19140625,12424.0,0.6319727301597595
6.18359375,12424.0,0.6320254802703857
6.1796875,12424.0,0.632078230381012
6.171875,12432.0,0.6321309804916382
6.16796875,12432.0,0.6321837306022644
6.16015625,12432.0,0.6322364807128906
6.15625,12432.0,0.6322892308235168
6.15234375,12432.0,0.6323419809341431
6.14453125,12432.0,0.6323947310447693
6.140625,12432.0,0.6324474811553955
6.1328125,12432.0,0.6325002312660217
6.12890625,12432.0,0.632552981376648
6.125,12440.0,0.6326057314872742
6.1171875,12440.0,0.6326584815979004
6.11328125,12440.0,0.6327112317085266
6.109375,12440.0,0.6327639818191528
6.1015625,12440.0,0.632816731929779
6.09765625,12440.0,0.6328694820404053
6.09375,12440.0,0.6329222321510315
6.08984375,12440.0,0.6329749822616577
6.08203125,12440.0,0.6330277323722839
6.078125,12448.0,0.6330804824829102
6.07421875,12448.0,0.6331332325935364
6.0703125,12448.0,0.6331859827041626
6.06640625,12448.0,0.6332387328147888
6.05859375,12448.0,0.633291482925415
6.0546875,12448.0,0.6333442330360413
6.05078125,12448.0,0.6333969831466675
6.046875,12448.0,0.6334497332572937
6.04296875,12448.0,0.6335024833679199
6.0390625,12456.0,0.6335552334785461
6.03515625,12456.0,0.6336079835891724
6.03125,12456.0,0.6336607336997986
6.02734375,12456.0,0.6337134838104248
6.0234375,12456.0,0.633766233921051
6.01953125,12456.0,0.6338189840316772
6.01953125,12456.0,0.6338717341423035
6.015625,12456.0,0.6339244842529297
6.01171875,12456.0,0.6339772343635559
6.0078125,12456.0,0.6340299844741821
6.0078125,12464.0,0.6340827345848083
6.00390625,12464.0,0.6341354846954346
6.0,12464.0,0.6341882348060608
6.0,12464.0,0.634240984916687
5.99609375,12464.0,0.6342937350273132
5.99609375,12464.0,0.6343464851379395
5.9921875,12464.0,0.6343992352485657
5.9921875,12464.0,0.6344519853591919
5.98828125,12464.0,0.6345047354698181
5.98828125,12472.0,0.6345574855804443
5.984375,12472.0,0.6346102356910706
5.984375,12472.0,0.6346629858016968
5.984375,12472.0,0.634715735912323
5.98046875,12472.0,0.6347684860229492
5.98046875,12472.0,0.6348212361335754
5.98046875,12472.0,0.6348739862442017
5.9765625,12472.0,0.6349267363548279
5.9765625,12472.0,0.6349794864654541
5.9765625,12480.0,0.6350322365760803
5.9765625,12480.0,0.6350849866867065
5.9765625,12480.0,0.6351377367973328
5.9765625,12480.0,0.635190486907959
5.9765625,12480.0,0.6352432370185852
5.97265625,12480.0,0.6352959871292114
5.97265625,12480.0,0.6353487372398376
5.9765625,12480.0,0.6354014873504639
5.9765625,12480.0,0.6354542374610901
5.9765625,12488.0,0.6355069875717163
5.9765625,12488.0,0.6355597376823425
5.9765625,12488.0,0.6356124877929688
5.9765625,12488.0,0.635665237903595
5.9765625,12488.0,0.6357179880142212
5.98046875,12488.0,0.6357707381248474
5.98046875,12488.0,0.6358234882354736
5.98046875,12488.0,0.6358762383460999
5.984375,12488.0,0.6359289884567261
5.984375,12496.0,0.6359817385673523
5.984375,12496.0,0.6360344886779785
5.98828125,12496.0,0.6360872387886047
5.98828125,12496.0,0.636139988899231
5.9921875,12496.0,0.6361927390098572
5.9921875,12496.0,0.6362454891204834
5.99609375,12496.0,0.6362982392311096
6.0,12496.0,0.6363509893417358
6.0,12496.0,0.6364037394523621
6.00390625,12496.0,0.6364564895629883
6.00390625,12504.0,0.6365092396736145
6.0078125,12504.0,0.6365619897842407
6.01171875,12504.0,0.6366147398948669
6.015625,12504.0,0.6366674900054932
6.015625,12504.0,0.6367202401161194
6.01953125,12504.0,0.6367729902267456
6.0234375,12504.0,0.6368257403373718
6.02734375,12504.0,0.636878490447998
6.03125,12504.0,0.6369312405586243
6.03515625,12512.0,0.6369839906692505
6.0390625,12512.0,0.6370367407798767
6.0390625,12512.0,0.6370894908905029
6.04296875,12512.0,0.6371422410011292
6.046875,12512.0,0.6371949911117554
6.05078125,12512.0,0.6372477412223816
6.05859375,12512.0,0.6373004913330078
6.0625,12512.0,0.637353241443634
6.06640625,12512.0,0.6374059915542603
6.0703125,12520.0,0.6374587416648865
6.07421875,12520.0,0.6375114917755127
6.078125,12520.0,0.6375642418861389
6.08203125,12520.0,0.6376169919967651
6.0859375,12520.0,0.6376697421073914
6.09375,12520.0,0.6377224922180176
6.09765625,12520.0,0.6377752423286438
6.1015625,12520.0,0.63782799243927
6.10546875,12520.0,0.6378807425498962
6.11328125,12528.0,0.6379334926605225
6.1171875,12528.0,0.6379862427711487
6.12109375,12528.0,0.6380389928817749
6.12890625,12528.0,0.6380917429924011
6.1328125,12528.0,0.6381444931030273
6.13671875,12528.0,0.6381972432136536
6.14453125,12528.0,0.6382499933242798
6.1484375,12528.0,0.638302743434906
6.15625,12528.0,0.6383554935455322
6.16015625,12528.0,0.6384082436561584
6.1640625,12536.0,0.6384609937667847
6.171875,12536.0,0.6385137438774109
6.17578125,12536.0,0.6385664939880371
6.18359375,12536.0,0.6386192440986633
6.1875,12536.0,0.6386719942092896
6.1953125,12536.0,0.6387247443199158
6.19921875,12536.0,0.638777494430542
6.20703125,12536.0,0.6388302445411682
6.2109375,12536.0,0.6388829946517944
6.21875,12544.0,0.6389357447624207
6.22265625,12544.0,0.6389884948730469
6.23046875,12544.0,0.6390412449836731
6.234375,12544.0,0.6390939950942993
6.2421875,12544.0,0.6391467452049255
6.24609375,12544.0,0.6391994953155518
6.25,12544.0,0.639252245426178
6.2578125,12544.0,0.6393049955368042
6.26171875,12544.0,0.6393577456474304
6.26953125,12552.0,0.6394104957580566
6.2734375,12552.0,0.6394632458686829
6.28125,12552.0,0.6395159959793091
6.28515625,12552.0,0.6395687460899353
6.29296875,12552.0,0.6396214962005615
6.296875,12552.0,0.6396742463111877
6.3046875,12552.0,0.639726996421814
6.30859375,12552.0,0.6397797465324402
6.31640625,12552.0,0.6398324966430664
6.3203125,12552.0,0.6398852467536926
6.328125,12560.0,0.6399379968643188
6.33203125,12560.0,0.6399907469749451
6.3359375,12560.0,0.6400434970855713
6.34375,12560.0,0.6400962471961975
6.34765625,12560.0,0.6401489973068237
6.3515625,12560.0,0.64020174741745
6.359375,12560.0,0.6402544975280762
6.36328125,12560.0,0.6403072476387024
6.3671875,12560.0,0.6403599977493286
6.375,12568.0,0.6404127478599548
6.37890625,12568.0,0.640465497970581
6.3828125,12568.0,0.6405182480812073
6.38671875,12568.0,0.6405709981918335
6.39453125,12568.0,0.6406237483024597
6.3984375,12568.0,0.6406764984130859
6.40234375,12568.0,0.6407292485237122
6.40625,12568.0,0.6407819986343384
6.41015625,12568.0,0.6408347487449646
6.4140625,12568.0,0.6408874988555908
6.421875,12576.0,0.640940248966217
6.42578125,12576.0,0.6409929990768433
6.4296875,12576.0,0.6410457491874695
6.43359375,12576.0,0.6410984992980957
6.4375,12576.0,0.6411512494087219
6.44140625,12576.0,0.6412039995193481
6.44140625,12576.0,0.6412567496299744
6.4453125,12576.0,0.6413094997406006
6.44921875,12576.0,0.6413622498512268
6.453125,12584.0,0.641414999961853
6.45703125,12584.0,0.6414677500724792
6.4609375,12584.0,0.6415205001831055
6.4609375,12584.0,0.6415732502937317
6.46484375,12584.0,0.6416260004043579
6.46875,12584.0,0.6416787505149841
6.46875,12584.0,0.6417315006256104
6.47265625,12584.0,0.6417842507362366
6.47265625,12584.0,0.6418370008468628
6.4765625,12592.0,0.641889750957489
6.4765625,12592.0,0.6419425010681152
6.48046875,12592.0,0.6419952511787415
6.48046875,12592.0,0.6420480012893677
6.484375,12592.0,0.6421007513999939
6.484375,12592.0,0.6421535015106201
6.484375,12592.0,0.6422062516212463
6.48828125,12592.0,0.6422590017318726
6.48828125,12592.0,0.6423117518424988
6.48828125,12592.0,0.642364501953125
6.48828125,12600.0,0.6424172520637512
6.48828125,12600.0,0.6424700021743774
6.4921875,12600.0,0.6425227522850037
6.4921875,12600.0,0.6425755023956299
6.4921875,12600.0,0.6426282525062561
6.4921875,12600.0,0.6426810026168823
6.4921875,12600.0,0.6427337527275085
6.4921875,12600.0,0.6427865028381348
6.48828125,12600.0,0.642839252948761
6.48828125,12608.0,0.6428920030593872
6.48828125,12608.0,0.6429447531700134
6.48828125,12608.0,0.6429975032806396
6.48828125,12608.0,0.6430502533912659
6.484375,12608.0,0.6431030035018921
6.484375,12608.0,0.6431557536125183
6.484375,12608.0,0.6432085037231445
6.48046875,12608.0,0.6432612538337708
6.48046875,12608.0,0.643314003944397
6.4765625,12608.0,0.6433667540550232
6.4765625,12616.0,0.6434195041656494
6.4765625,12616.0,0.6434722542762756
6.47265625,12616.0,0.6435250043869019
6.46875,12616.0,0.6435777544975281
6.46875,12616.0,0.6436305046081543
6.46484375,12616.0,0.6436832547187805
6.46484375,12616.0,0.6437360048294067
6.4609375,12616.0,0.643788754940033
6.45703125,12616.0,0.6438415050506592
6.45703125,12624.0,0.6438942551612854
6.453125,12624.0,0.6439470052719116
6.44921875,12624.0,0.6439997553825378
6.4453125,12624.0,0.6440525054931641
6.44140625,12624.0,0.6441052556037903
6.44140625,12624.0,0.6441580057144165
6.4375,12624.0,0.6442107558250427
6.43359375,12624.0,0.644263505935669
6.4296875,12624.0,0.6443162560462952
6.42578125,12624.0,0.6443690061569214
6.421875,12632.0,0.6444217562675476
6.41796875,12632.0,0.6444745063781738
6.4140625,12632.0,0.6445272564888
6.41015625,12632.0,0.6445800065994263
6.40625,12632.0,0.6446327567100525
6.40234375,12632.0,0.6446855068206787
6.3984375,12632.0,0.6447382569313049
6.39453125,12632.0,0.6447910070419312
6.390625,12632.0,0.6448437571525574
6.38671875,12640.0,0.6448965072631836
6.37890625,12640.0,0.6449492573738098
6.375,12640.0,0.645002007484436
6.37109375,12640.0,0.6450547575950623
6.3671875,12640.0,0.6451075077056885
6.36328125,12640.0,0.6451602578163147
6.359375,12640.0,0.6452130079269409
6.3515625,12640.0,0.6452657580375671
6.34765625,12640.0,0.6453185081481934
6.34375,12640.0,0.6453712582588196
6.3359375,12648.0,0.6454240083694458
6.33203125,12648.0,0.645476758480072
6.328125,12648.0,0.6455295085906982
6.3203125,12648.0,0.6455822587013245
6.31640625,12648.0,0.6456350088119507
6.3125,12648.0,0.6456877589225769
6.3046875,12648.0,0.6457405090332031
6.30078125,12648.0,0.6457932591438293
6.296875,12648.0,0.6458460092544556
6.2890625,12656.0,0.6458987593650818
6.28515625,12656.0,0.645951509475708
6.28125,12656.0,0.6460042595863342
6.2734375,12656.0,0.6460570096969604
6.26953125,12656.0,0.6461097598075867
6.26171875,12656.0,0.6461625099182129
6.2578125,12656.0,0.6462152600288391
6.25390625,12656.0,0.6462680101394653
6.24609375,12656.0,0.6463207602500916
6.2421875,12656.0,0.6463735103607178
6.234375,12664.0,0.646426260471344
6.23046875,12664.0,0.6464790105819702
6.2265625,12664.0,0.6465317606925964
6.21875,12664.0,0.6465845108032227
6.21484375,12664.0,0.6466372609138489
6.2109375,12664.0,0.6466900110244751
6.203125,12664.0,0.6467427611351013
6.19921875,12664.0,0.6467955112457275
6.1953125,12664.0,0.6468482613563538
6.1875,12664.0,0.64690101146698
6.18359375,12672.0,0.6469537615776062
6.1796875,12672.0,0.6470065116882324
6.171875,12672.0,0.6470592617988586
6.16796875,12672.0,0.6471120119094849
6.1640625,12672.0,0.6471647620201111
6.15625,12672.0,0.6472175121307373
6.15234375,12672.0,0.6472702622413635
6.1484375,12672.0,0.6473230123519897
6.14453125,12672.0,0.647375762462616
6.13671875,12680.0,0.6474285125732422
6.1328125,12680.0,0.6474812626838684
6.12890625,12680.0,0.6475340127944946
6.125,12680.0,0.6475867629051208
6.12109375,12680.0,0.6476395130157471
6.11328125,12680.0,0.6476922631263733
6.109375,12680.0,0.6477450132369995
6.10546875,12680.0,0.6477977633476257
6.1015625,12680.0,0.647850513458252
6.09765625,12680.0,0.6479032635688782
6.09375,12688.0,0.6479560136795044
6.08984375,12688.0,0.6480087637901306
6.0859375,12688.0,0.6480615139007568
6.08203125,12688.0,0.6481142640113831
6.078125,12688.0,0.6481670141220093
6.07421875,12688.0,0.6482197642326355
6.0703125,12688.0,0.6482725143432617
6.06640625,12688.0,0.6483252644538879
6.0625,12688.0,0.6483780145645142
6.0625,12696.0,0.6484307646751404
6.05859375,12696.0,0.6484835147857666
6.0546875,12696.0,0.6485362648963928
6.05078125,12696.0,0.648589015007019
6.05078125,12696.0,0.6486417651176453
6.046875,12696.0,0.6486945152282715
6.04296875,12696.0,0.6487472653388977
6.04296875,12696.0,0.6488000154495239
6.0390625,12696.0,0.6488527655601501
6.03515625,12696.0,0.6489055156707764
6.03515625,12704.0,0.6489582657814026
6.03125,12704.0,0.6490110158920288
6.03125,12704.0,0.649063766002655
6.02734375,12704.0,0.6491165161132812
6.02734375,12704.0,0.6491692662239075
6.0234375,12704.0,0.6492220163345337
6.0234375,12704.0,0.6492747664451599
6.0234375,12704.0,0.6493275165557861
6.01953125,12704.0,0.6493802666664124
6.01953125,12704.0,0.6494330167770386
6.01953125,12712.0,0.6494857668876648
6.01953125,12712.0,0.649538516998291
6.01953125,12712.0,0.6495912671089172
6.015625,12712.0,0.6496440172195435
6.015625,12712.0,0.6496967673301697
6.015625,12712.0,0.6497495174407959
6.015625,12712.0,0.6498022675514221
6.015625,12712.0,0.6498550176620483
6.015625,12712.0,0.6499077677726746
6.015625,12712.0,0.6499605178833008
6.015625,12720.0,0.650013267993927
6.01953125,12720.0,0.6500660181045532
6.01953125,12720.0,0.6501187682151794
6.01953125,12720.0,0.6501715183258057
6.01953125,12720.0,0.6502242684364319
6.0234375,12720.0,0.6502770185470581
6.0234375,12720.0,0.6503297686576843
6.0234375,12720.0,0.6503825187683105
6.02734375,12720.0,0.6504352688789368
6.02734375,12728.0,0.650488018989563
6.02734375,12728.0,0.6505407691001892
6.03125,12728.0,0.6505935192108154
6.03125,12728.0,0.6506462693214417
6.03515625,12728.0,0.6506990194320679
6.0390625,12728.0,0.6507517695426941
6.0390625,12728.0,0.6508045196533203
6.04296875,12728.0,0.6508572697639465
6.04296875,12728.0,0.6509100198745728
6.046875,12728.0,0.650962769985199
6.05078125,12736.0,0.6510155200958252
6.0546875,12736.0,0.6510682702064514
6.0546875,12736.0,0.6511210203170776
6.05859375,12736.0,0.6511737704277039
6.0625,12736.0,0.6512265205383301
6.06640625,12736.0,0.6512792706489563
6.0703125,12736.0,0.6513320207595825
6.07421875,12736.0,0.6513847708702087
6.078125,12736.0,0.651437520980835
6.08203125,12736.0,0.6514902710914612
6.0859375,12744.0,0.6515430212020874
6.08984375,12744.0,0.6515957713127136
6.09375,12744.0,0.6516485214233398
6.09765625,12744.0,0.6517012715339661
6.1015625,12744.0,0.6517540216445923
6.10546875,12744.0,0.6518067717552185
6.109375,12744.0,0.6518595218658447
6.11328125,12744.0,0.651912271976471
6.1171875,12744.0,0.6519650220870972
6.12109375,12744.0,0.6520177721977234
6.12890625,12752.0,0.6520705223083496
6.1328125,12752.0,0.6521232724189758
6.13671875,12752.0,0.652176022529602
6.140625,12752.0,0.6522287726402283
6.14453125,12752.0,0.6522815227508545
6.15234375,12752.0,0.6523342728614807
6.15625,12752.0,0.6523870229721069
6.16015625,12752.0,0.6524397730827332
6.16796875,12752.0,0.6524925231933594
6.171875,12760.0,0.6525452733039856
6.17578125,12760.0,0.6525980234146118
6.18359375,12760.0,0.652650773525238
6.1875,12760.0,0.6527035236358643
6.19140625,12760.0,0.6527562737464905
6.19921875,12760.0,0.6528090238571167
6.203125,12760.0,0.6528617739677429
6.20703125,12760.0,0.6529145240783691
6.21484375,12760.0,0.6529672741889954
6.21875,12760.0,0.6530200242996216
6.2265625,12768.0,0.6530727744102478
6.23046875,12768.0,0.653125524520874
6.23828125,12768.0,0.6531782746315002
6.2421875,12768.0,0.6532310247421265
6.24609375,12768.0,0.6532837748527527
6.25390625,12768.0,0.6533365249633789
6.2578125,12768.0,0.6533892750740051
6.265625,12768.0,0.6534420251846313
6.26953125,12768.0,0.6534947752952576
6.27734375,12768.0,0.6535475254058838
6.28125,12776.0,0.65360027551651
6.2890625,12776.0,0.6536530256271362
6.29296875,12776.0,0.6537057757377625
6.30078125,12776.0,0.6537585258483887
6.3046875,12776.0,0.6538112759590149
6.3125,12776.0,0.6538640260696411
6.31640625,12776.0,0.6539167761802673
6.3203125,12776.0,0.6539695262908936
6.328125,12776.0,0.6540222764015198
6.33203125,12776.0,0.654075026512146
6.33984375,12784.0,0.6541277766227722
6.34375,12784.0,0.6541805267333984
6.3515625,12784.0,0.6542332768440247
6.35546875,12784.0,0.6542860269546509
6.36328125,12784.0,0.6543387770652771
6.3671875,12784.0,0.6543915271759033
6.37109375,12784.0,0.6544442772865295
6.37890625,12784.0,0.6544970273971558
6.3828125,12784.0,0.654549777507782
6.390625,12784.0,0.6546025276184082
6.39453125,12792.0,0.6546552777290344
6.3984375,12792.0,0.6547080278396606
6.40625,12792.0,0.6547607779502869
6.41015625,12792.0,0.6548135280609131
6.4140625,12792.0,0.6548662781715393
6.421875,12792.0,0.6549190282821655
6.42578125,12792.0,0.6549717783927917
6.4296875,12792.0,0.655024528503418
6.43359375,12792.0,0.6550772786140442
6.44140625,12792.0,0.6551300287246704
6.4453125,12800.0,0.6551827788352966
6.44921875,12800.0,0.6552355289459229
6.453125,12800.0,0.6552882790565491
6.45703125,12800.0,0.6553410291671753
6.4609375,12800.0,0.6553937792778015
6.46875,12800.0,0.6554465293884277
6.47265625,12800.0,0.655499279499054
6.4765625,12800.0,0.6555520296096802
6.48046875,12800.0,0.6556047797203064
6.484375,12800.0,0.6556575298309326
6.48828125,12808.0,0.6557102799415588
6.4921875,12808.0,0.6557630300521851
6.49609375,12808.0,0.6558157801628113
6.5,12808.0,0.6558685302734375
6.5,12808.0,0.6559212803840637
6.50390625,12808.0,0.6559740304946899
6.5078125,12808.0,0.6560267806053162
6.51171875,12808.0,0.6560795307159424
6.515625,12808.0,0.6561322808265686
6.515625,12808.0,0.6561850309371948
6.51953125,12816.0,0.656237781047821
6.5234375,12816.0,0.6562905311584473
6.5234375,12816.0,0.6563432812690735
6.52734375,12816.0,0.6563960313796997
6.52734375,12816.0,0.6564487814903259
6.53125,12816.0,0.6565015316009521
6.53515625,12816.0,0.6565542817115784
6.53515625,12816.0,0.6566070318222046
6.53515625,12816.0,0.6566597819328308
6.5390625,12816.0,0.656712532043457
6.5390625,12824.0,0.6567652821540833
6.54296875,12824.0,0.6568180322647095
6.54296875,12824.0,0.6568707823753357
6.54296875,12824.0,0.6569235324859619
6.546875,12824.0,0.6569762825965881
6.546875,12824.0,0.6570290327072144
6.546875,12824.0,0.6570817828178406
6.546875,12824.0,0.6571345329284668
6.546875,12824.0,0.657187283039093
6.546875,12824.0,0.6572400331497192
6.546875,12832.0,0.6572927832603455
6.546875,12832.0,0.6573455333709717
6.546875,12832.0,0.6573982834815979
6.546875,12832.0,0.6574510335922241
6.546875,12832.0,0.6575037837028503
6.546875,12832.0,0.6575565338134766
6.546875,12832.0,0.6576092839241028
6.546875,12832.0,0.657662034034729
6.54296875,12832.0,0.6577147841453552
6.54296875,12832.0,0.6577675342559814
6.54296875,12840.0,0.6578202843666077
6.54296875,12840.0,0.6578730344772339
6.5390625,12840.0,0.6579257845878601
6.5390625,12840.0,0.6579785346984863
6.53515625,12840.0,0.6580312848091125
6.53515625,12840.0,0.6580840349197388
6.53125,12840.0,0.658136785030365
6.53125,12840.0,0.6581895351409912
6.52734375,12840.0,0.6582422852516174
6.52734375,12840.0,0.6582950353622437
6.5234375,12848.0,0.6583477854728699
6.51953125,12848.0,0.6584005355834961
6.51953125,12848.0,0.6584532856941223
6.515625,12848.0,0.6585060358047485
6.51171875,12848.0,0.6585587859153748
6.51171875,12848.0,0.658611536026001
6.5078125,12848.0,0.6586642861366272
6.50390625,12848.0,0.6587170362472534
6.5,12848.0,0.6587697863578796
6.49609375,12848.0,0.6588225364685059
6.4921875,12856.0,0.6588752865791321
6.4921875,12856.0,0.6589280366897583
6.48828125,12856.0,0.6589807868003845
6.484375,12856.0,0.6590335369110107
6.48046875,12856.0,0.659086287021637
6.4765625,12856.0,0.6591390371322632
6.47265625,12856.0,0.6591917872428894
6.46875,12856.0,0.6592445373535156
6.46484375,12856.0,0.6592972874641418
6.45703125,12856.0,0.6593500375747681
6.453125,12864.0,0.6594027876853943
6.44921875,12864.0,0.6594555377960205
6.4453125,12864.0,0.6595082879066467
6.44140625,12864.0,0.659561038017273
6.4375,12864.0,0.6596137881278992
6.4296875,12864.0,0.6596665382385254
6.42578125,12864.0,0.6597192883491516
6.421875,12864.0,0.6597720384597778
6.41796875,12864.0,0.659824788570404
6.4140625,12864.0,0.6598775386810303
6.40625,12872.0,0.6599302887916565
6.40234375,12872.0,0.6599830389022827
6.3984375,12872.0,0.6600357890129089
6.39453125,12872.0,0.6600885391235352
6.38671875,12872.0,0.6601412892341614
6.3828125,12872.0,0.6601940393447876
6.37890625,12872.0,0.6602467894554138
6.37109375,12872.0,0.66029953956604
6.3671875,12872.0,0.6603522896766663
6.36328125,12872.0,0.6604050397872925
6.359375,12880.0,0.6604577898979187
6.3515625,12880.0,0.6605105400085449
6.34765625,12880.0,0.6605632901191711
6.34375,12880.0,0.6606160402297974
6.3359375,12880.0,0.6606687903404236
6.33203125,12880.0,0.6607215404510498
6.328125,12880.0,0.660774290561676
6.32421875,12880.0,0.6608270406723022
6.31640625,12880.0,0.6608797907829285
6.3125,12880.0,0.6609325408935547
6.30859375,12888.0,0.6609852910041809
6.30078125,12888.0,0.6610380411148071
6.296875,12888.0,0.6610907912254333
6.29296875,12888.0,0.6611435413360596
6.2890625,12888.0,0.6611962914466858
6.28125,12888.0,0.661249041557312
6.27734375,12888.0,0.6613017916679382
6.2734375,12888.0,0.6613545417785645
6.26953125,12888.0,0.6614072918891907
6.26171875,12888.0,0.6614600419998169
6.2578125,12896.0,0.6615127921104431
6.25390625,12896.0,0.6615655422210693
6.25,12896.0,0.6616182923316956
6.24609375,12896.0,0.6616710424423218
6.23828125,12896.0,0.661723792552948
6.234375,12896.0,0.6617765426635742
6.23046875,12896.0,0.6618292927742004
6.2265625,12896.0,0.6618820428848267
6.22265625,12896.0,0.6619347929954529
6.21875,12896.0,0.6619875431060791
6.21484375,12896.0,0.6620402932167053
6.2109375,12904.0,0.6620930433273315
6.20703125,12904.0,0.6621457934379578
6.19921875,12904.0,0.662198543548584
6.1953125,12904.0,0.6622512936592102
6.19140625,12904.0,0.6623040437698364
6.1875,12904.0,0.6623567938804626
6.18359375,12904.0,0.6624095439910889
6.1796875,12904.0,0.6624622941017151
6.1796875,12904.0,0.6625150442123413
6.17578125,12904.0,0.6625677943229675
6.171875,12912.0,0.6626205444335938
6.16796875,12912.0,0.66267329454422
6.1640625,12912.0,0.6627260446548462
6.16015625,12912.0,0.6627787947654724
6.15625,12912.0,0.6628315448760986
6.15625,12912.0,0.6628842949867249
6.15234375,12912.0,0.6629370450973511
6.1484375,12912.0,0.6629897952079773
6.14453125,12912.0,0.6630425453186035
6.14453125,12912.0,0.6630952954292297
6.140625,12920.0,0.663148045539856
6.13671875,12920.0,0.6632007956504822
6.13671875,12920.0,0.6632535457611084
6.1328125,12920.0,0.6633062958717346
6.1328125,12920.0,0.6633590459823608
6.12890625,12920.0,0.6634117960929871
6.12890625,12920.0,0.6634645462036133
6.125,12920.0,0.6635172963142395
6.125,12920.0,0.6635700464248657
6.12109375,12920.0,0.6636227965354919
6.12109375,12928.0,0.6636755466461182
6.12109375,12928.0,0.6637282967567444
6.1171875,12928.0,0.6637810468673706
6.1171875,12928.0,0.6638337969779968
6.1171875,12928.0,0.663886547088623
6.11328125,12928.0,0.6639392971992493
6.11328125,12928.0,0.6639920473098755
6.11328125,12928.0,0.6640447974205017
6.11328125,12928.0,0.6640975475311279
6.11328125,12928.0,0.6641502976417542
6.11328125,12928.0,0.6642030477523804
6.11328125,12936.0,0.6642557978630066
6.11328125,12936.0,0.6643085479736328
6.11328125,12936.0,0.664361298084259
6.11328125,12936.0,0.6644140481948853
6.11328125,12936.0,0.6644667983055115
6.11328125,12936.0,0.6645195484161377
6.11328125,12936.0,0.6645722985267639
6.1171875,12936.0,0.6646250486373901
6.1171875,12936.0,0.6646777987480164
6.1171875,12936.0,0.6647305488586426
6.1171875,12944.0,0.6647832989692688
6.12109375,12944.0,0.664836049079895
6.12109375,12944.0,0.6648887991905212
6.12109375,12944.0,0.6649415493011475
6.125,12944.0,0.6649942994117737
6.125,12944.0,0.6650470495223999
6.12890625,12944.0,0.6650997996330261
6.12890625,12944.0,0.6651525497436523
6.1328125,12944.0,0.6652052998542786
6.13671875,12944.0,0.6652580499649048
6.13671875,12952.0,0.665310800075531
6.140625,12952.0,0.6653635501861572
6.14453125,12952.0,0.6654163002967834
6.14453125,12952.0,0.6654690504074097
6.1484375,12952.0,0.6655218005180359
6.15234375,12952.0,0.6655745506286621
6.15625,12952.0,0.6656273007392883
6.15625,12952.0,0.6656800508499146
6.16015625,12952.0,0.6657328009605408
6.1640625,12952.0,0.665785551071167
6.16796875,12952.0,0.6658383011817932
6.171875,12960.0,0.6658910512924194
6.17578125,12960.0,0.6659438014030457
6.1796875,12960.0,0.6659965515136719
6.18359375,12960.0,0.6660493016242981
6.1875,12960.0,0.6661020517349243
6.19140625,12960.0,0.6661548018455505
6.19921875,12960.0,0.6662075519561768
6.203125,12960.0,0.666260302066803
6.20703125,12960.0,0.6663130521774292
6.2109375,12960.0,0.6663658022880554
6.21484375,12968.0,0.6664185523986816
6.22265625,12968.0,0.6664713025093079
6.2265625,12968.0,0.6665240526199341
6.23046875,12968.0,0.6665768027305603
6.23828125,12968.0,0.6666295528411865
6.2421875,12968.0,0.6666823029518127
6.24609375,12968.0,0.666735053062439
6.25390625,12968.0,0.6667878031730652
6.2578125,12968.0,0.6668405532836914
6.265625,12968.0,0.6668933033943176
6.26953125,12968.0,0.6669460535049438
6.27734375,12976.0,0.6669988036155701
6.28125,12976.0,0.6670515537261963
6.2890625,12976.0,0.6671043038368225
6.29296875,12976.0,0.6671570539474487
6.30078125,12976.0,0.667209804058075
6.3046875,12976.0,0.6672625541687012
6.3125,12976.0,0.6673153042793274
6.3203125,12976.0,0.6673680543899536
6.32421875,12976.0,0.6674208045005798
6.33203125,12976.0,0.667473554611206
6.3359375,12984.0,0.6675263047218323
6.34375,12984.0,0.6675790548324585
6.3515625,12984.0,0.6676318049430847
6.35546875,12984.0,0.6676845550537109
6.36328125,12984.0,0.6677373051643372
6.37109375,12984.0,0.6677900552749634
6.375,12984.0,0.6678428053855896
6.3828125,12984.0,0.6678955554962158
6.390625,12984.0,0.667948305606842
6.3984375,12984.0,0.6680010557174683
6.40234375,12984.0,0.6680538058280945
6.41015625,12992.0,0.6681065559387207
6.41796875,12992.0,0.6681593060493469
6.421875,12992.0,0.6682120561599731
6.4296875,12992.0,0.6682648062705994
6.4375,12992.0,0.6683175563812256
6.44140625,12992.0,0.6683703064918518
6.44921875,12992.0,0.668423056602478
6.45703125,12992.0,0.6684758067131042
6.46484375,12992.0,0.6685285568237305
6.46875,12992.0,0.6685813069343567
6.4765625,13000.0,0.6686340570449829
6.484375,13000.0,0.6686868071556091
6.48828125,13000.0,0.6687395572662354
6.49609375,13000.0,0.6687923073768616
6.50390625,13000.0,0.6688450574874878
6.5078125,13000.0,0.668897807598114
6.515625,13000.0,0.6689505577087402
6.5234375,13000.0,0.6690033078193665
6.52734375,13000.0,0.6690560579299927
6.53515625,13000.0,0.6691088080406189
6.54296875,13000.0,0.6691615581512451
6.546875,13008.0,0.6692143082618713
6.5546875,13008.0,0.6692670583724976
6.55859375,13008.0,0.6693198084831238
6.56640625,13008.0,0.66937255859375
6.57421875,13008.0,0.6694253087043762
6.578125,13008.0,0.6694780588150024
6.5859375,13008.0,0.6695308089256287
6.58984375,13008.0,0.6695835590362549
6.59765625,13008.0,0.6696363091468811
6.6015625,13008.0,0.6696890592575073
6.609375,13016.0,0.6697418093681335
6.61328125,13016.0,0.6697945594787598
6.62109375,13016.0,0.669847309589386
6.625,13016.0,0.6699000597000122
6.62890625,13016.0,0.6699528098106384
6.63671875,13016.0,0.6700055599212646
6.640625,13016.0,0.6700583100318909
6.6484375,13016.0,0.6701110601425171
6.65234375,13016.0,0.6701638102531433
6.65625,13016.0,0.6702165603637695
6.6640625,13016.0,0.6702693104743958
6.66796875,13024.0,0.670322060585022
6.671875,13024.0,0.6703748106956482
6.67578125,13024.0,0.6704275608062744
6.68359375,13024.0,0.6704803109169006
6.6875,13024.0,0.6705330610275269
6.69140625,13024.0,0.6705858111381531
6.6953125,13024.0,0.6706385612487793
6.69921875,13024.0,0.6706913113594055
6.703125,13024.0,0.6707440614700317
6.70703125,13024.0,0.670796811580658
6.7109375,13024.0,0.6708495616912842
6.71484375,13032.0,0.6709023118019104
6.72265625,13032.0,0.6709550619125366
6.72265625,13032.0,0.6710078120231628
6.7265625,13032.0,0.6710605621337891
6.73046875,13032.0,0.6711133122444153
6.734375,13032.0,0.6711660623550415
6.73828125,13032.0,0.6712188124656677
6.7421875,13032.0,0.671271562576294
6.74609375,13032.0,0.6713243126869202
6.75,13032.0,0.6713770627975464
6.75,13040.0,0.6714298129081726
6.75390625,13040.0,0.6714825630187988
6.7578125,13040.0,0.671535313129425
6.76171875,13040.0,0.6715880632400513
6.76171875,13040.0,0.6716408133506775
6.765625,13040.0,0.6716935634613037
6.765625,13040.0,0.6717463135719299
6.76953125,13040.0,0.6717990636825562
6.7734375,13040.0,0.6718518137931824
6.7734375,13040.0,0.6719045639038086
6.7734375,13040.0,0.6719573140144348
6.77734375,13048.0,0.672010064125061
6.77734375,13048.0,0.6720628142356873
6.78125,13048.0,0.6721155643463135
6.78125,13048.0,0.6721683144569397
6.78125,13048.0,0.6722210645675659
6.78515625,13048.0,0.6722738146781921
6.78515625,13048.0,0.6723265647888184
6.78515625,13048.0,0.6723793148994446
6.78515625,13048.0,0.6724320650100708
6.78515625,13048.0,0.672484815120697
6.7890625,13048.0,0.6725375652313232
6.7890625,13056.0,0.6725903153419495
6.7890625,13056.0,0.6726430654525757
6.7890625,13056.0,0.6726958155632019
6.7890625,13056.0,0.6727485656738281
6.7890625,13056.0,0.6728010177612305
6.7890625,13056.0,0.6728522777557373
6.7890625,13056.0,0.6729035377502441
6.7890625,13056.0,0.672954797744751
6.78515625,13056.0,0.6730060577392578
6.78515625,13056.0,0.6730573177337646
6.78515625,13056.0,0.6731085777282715
6.78515625,13064.0,0.6731598377227783
6.78515625,13064.0,0.6732110977172852
6.78125,13064.0,0.673262357711792
6.78125,13064.0,0.6733130216598511
6.78125,13064.0,0.6733624935150146
6.77734375,13064.0,0.6734119653701782
6.77734375,13064.0,0.6734614372253418
6.77734375,13064.0,0.6735109090805054
6.7734375,13064.0,0.673560380935669
6.7734375,13064.0,0.6736098527908325
6.76953125,13064.0,0.6736593246459961
6.76953125,13072.0,0.6737087965011597
6.765625,13072.0,0.6737582683563232
6.765625,13072.0,0.6738077402114868
6.76171875,13072.0,0.6738572120666504
6.76171875,13072.0,0.673906683921814
6.7578125,13072.0,0.6739561557769775
6.7578125,13072.0,0.6740056276321411
6.75390625,13072.0,0.6740550994873047
6.75390625,13072.0,0.6741045713424683
6.75,13072.0,0.6741535067558289
6.74609375,13072.0,0.6742023825645447
6.74609375,13072.0,0.6742512583732605
6.7421875,13080.0,0.6743001341819763
6.73828125,13080.0,0.6743490099906921
6.73828125,13080.0,0.674397885799408
6.734375,13080.0,0.6744467616081238
6.73046875,13080.0,0.6744956374168396
6.73046875,13080.0,0.6745445132255554
6.7265625,13080.0,0.6745933890342712
6.72265625,13080.0,0.6746422648429871
6.71875,13080.0,0.6746911406517029
6.71875,13080.0,0.6747400164604187
6.71484375,13080.0,0.6747888922691345
6.7109375,13080.0,0.6748377680778503
6.70703125,13088.0,0.6748866438865662
6.703125,13088.0,0.674935519695282
6.703125,13088.0,0.6749843955039978
6.69921875,13088.0,0.6750332713127136
6.6953125,13088.0,0.6750821471214294
6.69140625,13088.0,0.6751310229301453
6.6875,13088.0,0.6751798987388611
6.68359375,13088.0,0.6752287745475769
6.68359375,13088.0,0.6752776503562927
6.6796875,13088.0,0.6753265261650085
6.67578125,13088.0,0.6753754019737244
6.671875,13088.0,0.6754242777824402
6.66796875,13096.0,0.675473153591156
6.6640625,13096.0,0.6755220293998718
6.66015625,13096.0,0.6755709052085876
6.66015625,13096.0,0.6756197810173035
6.65625,13096.0,0.6756686568260193
6.65234375,13096.0,0.6757175326347351
6.6484375,13096.0,0.6757664084434509
6.64453125,13096.0,0.6758152842521667
6.640625,13096.0,0.6758641600608826
6.63671875,13096.0,0.6759130358695984
6.63671875,13096.0,0.6759619116783142
6.6328125,13096.0,0.67601078748703
6.62890625,13104.0,0.6760596632957458
6.625,13104.0,0.6761085391044617
6.62109375,13104.0,0.6761574149131775
6.6171875,13104.0,0.6762062907218933
6.6171875,13104.0,0.6762551665306091
6.61328125,13104.0,0.676304042339325
6.609375,13104.0,0.6763529181480408
6.60546875,13104.0,0.6764017939567566
6.6015625,13104.0,0.6764506697654724
6.6015625,13104.0,0.6764995455741882
6.59765625,13104.0,0.676548421382904
6.59375,13104.0,0.6765972971916199
6.58984375,13112.0,0.6766461730003357
6.58984375,13112.0,0.6766950488090515
6.5859375,13112.0,0.6767439246177673
6.58203125,13112.0,0.6767928004264832
6.58203125,13112.0,0.676841676235199
6.578125,13112.0,0.6768905520439148
6.57421875,13112.0,0.6769394278526306
6.57421875,13112.0,0.6769883036613464
6.5703125,13112.0,0.6770371794700623
6.56640625,13112.0,0.6770860552787781
6.56640625,13112.0,0.6771349310874939
6.5625,13112.0,0.6771838068962097
6.5625,13120.0,0.6772326827049255
6.55859375,13120.0,0.6772815585136414
6.55859375,13120.0,0.6773304343223572
6.5546875,13120.0,0.677379310131073
6.5546875,13120.0,0.6774281859397888
6.55078125,13120.0,0.6774770617485046
6.55078125,13120.0,0.6775259375572205
6.546875,13120.0,0.6775748133659363
6.546875,13120.0,0.6776236891746521
6.54296875,13120.0,0.6776725649833679
6.54296875,13120.0,0.6777214407920837
6.54296875,13120.0,0.6777703166007996
6.5390625,13128.0,0.6778191924095154
6.5390625,13128.0,0.6778680682182312
6.5390625,13128.0,0.677916944026947
6.53515625,13128.0,0.6779658198356628
6.53515625,13128.0,0.6780146956443787
6.53515625,13128.0,0.6780635714530945
6.53515625,13128.0,0.6781124472618103
6.53125,13128.0,0.6781613230705261
6.53125,13128.0,0.6782101988792419
6.53125,13128.0,0.6782590746879578
6.53125,13128.0,0.6783079504966736
6.53125,13128.0,0.6783568263053894
6.52734375,13136.0,0.6784057021141052
6.52734375,13136.0,0.678454577922821
6.52734375,13136.0,0.6785034537315369
6.52734375,13136.0,0.6785523295402527
6.52734375,13136.0,0.6786012053489685
6.52734375,13136.0,0.6786500811576843
6.52734375,13136.0,0.6786989569664001
6.52734375,13136.0,0.678747832775116
6.52734375,13136.0,0.6787967085838318
6.52734375,13136.0,0.6788455843925476
6.52734375,13136.0,0.6788944602012634
6.52734375,13136.0,0.6789433360099792
6.53125,13136.0,0.6789922118186951
6.53125,13144.0,0.6790410876274109
6.53125,13144.0,0.6790899634361267
6.53125,13144.0,0.6791388392448425
6.53125,13144.0,0.6791877150535583
6.53125,13144.0,0.6792365908622742
6.53515625,13144.0,0.67928546667099
6.53515625,13144.0,0.6793343424797058
6.53515625,13144.0,0.6793832182884216
6.5390625,13144.0,0.6794320940971375
6.5390625,13144.0,0.6794809699058533
6.5390625,13144.0,0.6795298457145691
6.54296875,13144.0,0.6795787215232849
6.54296875,13152.0,0.6796275973320007
6.546875,13152.0,0.6796764731407166
6.546875,13152.0,0.6797253489494324
6.546875,13152.0,0.6797742247581482
6.55078125,13152.0,0.679823100566864
6.55078125,13152.0,0.6798719763755798
6.5546875,13152.0,0.6799208521842957
6.55859375,13152.0,0.6799697279930115
6.55859375,13152.0,0.6800186038017273
6.5625,13152.0,0.6800674796104431
6.5625,13152.0,0.6801163554191589
6.56640625,13152.0,0.6801652312278748
6.5703125,13160.0,0.6802141070365906
6.57421875,13160.0,0.6802629828453064
6.57421875,13160.0,0.6803118586540222
6.578125,13160.0,0.680360734462738
6.58203125,13160.0,0.6804096102714539
6.5859375,13160.0,0.6804584860801697
6.58984375,13160.0,0.6805073618888855
6.59375,13160.0,0.6805562376976013
6.59375,13160.0,0.6806051135063171
6.59765625,13160.0,0.680653989315033
6.6015625,13160.0,0.6807028651237488
6.60546875,13160.0,0.6807517409324646
6.609375,13160.0,0.6808006167411804
6.61328125,13168.0,0.6808494925498962
6.6171875,13168.0,0.6808983683586121
6.62109375,13168.0,0.6809472441673279
6.625,13168.0,0.6809961199760437
6.62890625,13168.0,0.6810449957847595
6.63671875,13168.0,0.6810938715934753
6.640625,13168.0,0.6811427474021912
6.64453125,13168.0,0.681191623210907
6.6484375,13168.0,0.6812404990196228
6.65234375,13168.0,0.6812893748283386
6.65625,13168.0,0.6813382506370544
6.6640625,13168.0,0.6813871264457703
6.66796875,13176.0,0.6814360022544861
6.671875,13176.0,0.6814848780632019
6.67578125,13176.0,0.6815337538719177
6.68359375,13176.0,0.6815826296806335
6.6875,13176.0,0.6816315054893494
6.69140625,13176.0,0.6816803812980652
6.69921875,13176.0,0.681729257106781
6.703125,13176.0,0.6817781329154968
6.70703125,13176.0,0.6818270087242126
6.71484375,13176.0,0.6818758845329285
6.71875,13176.0,0.6819247603416443
6.7265625,13176.0,0.6819736361503601
6.73046875,13176.0,0.6820225119590759
6.734375,13184.0,0.6820713877677917
6.7421875,13184.0,0.6821202635765076
6.74609375,13184.0,0.6821691393852234
6.75390625,13184.0,0.6822180151939392
6.7578125,13184.0,0.682266891002655
6.765625,13184.0,0.6823157668113708
6.76953125,13184.0,0.6823646426200867
6.77734375,13184.0,0.6824135184288025
6.78125,13184.0,0.6824623942375183
6.7890625,13184.0,0.6825112700462341
6.79296875,13184.0,0.68256014585495
6.80078125,13184.0,0.6826090216636658
6.8046875,13184.0,0.6826578974723816
6.8125,13192.0,0.6827067732810974
6.8203125,13192.0,0.6827556490898132
6.82421875,13192.0,0.682804524898529
6.83203125,13192.0,0.6828534007072449
6.8359375,13192.0,0.6829022765159607
6.84375,13192.0,0.6829511523246765
6.84765625,13192.0,0.6830000281333923
6.85546875,13192.0,0.6830489039421082
6.86328125,13192.0,0.683097779750824
6.8671875,13192.0,0.6831466555595398
6.875,13192.0,0.6831955313682556
6.87890625,13192.0,0.6832444071769714
6.88671875,13192.0,0.6832932829856873
6.890625,13200.0,0.6833421587944031
6.8984375,13200.0,0.6833910346031189
6.90234375,13200.0,0.6834399104118347
6.91015625,13200.0,0.6834887862205505
6.91796875,13200.0,0.6835376620292664
6.921875,13200.0,0.6835865378379822
6.9296875,13200.0,0.683635413646698
6.93359375,13200.0,0.6836842894554138
6.94140625,13200.0,0.6837331652641296
6.9453125,13200.0,0.6837820410728455
6.953125,13200.0,0.6838309168815613
6.95703125,13200.0,0.6838797926902771
6.96484375,13208.0,0.6839286684989929
6.96875,13208.0,0.6839775443077087
6.9765625,13208.0,0.6840264201164246
6.98046875,13208.0,0.6840752959251404
6.98828125,13208.0,0.6841241717338562
6.9921875,13208.0,0.684173047542572
7.0,13208.0,0.6842219233512878
7.00390625,13208.0,0.6842707991600037
7.01171875,13208.0,0.6843196749687195
7.015625,13208.0,0.6843685507774353
7.01953125,13208.0,0.6844174265861511
7.02734375,13208.0,0.6844663023948669
7.03125,13208.0,0.6845151782035828
7.0390625,13216.0,0.6845640540122986
7.04296875,13216.0,0.6846129298210144
7.046875,13216.0,0.6846618056297302
7.0546875,13216.0,0.684710681438446
7.05859375,13216.0,0.6847595572471619
7.0625,13216.0,0.6848084330558777
7.0703125,13216.0,0.6848573088645935
7.07421875,13216.0,0.6849061846733093
7.078125,13216.0,0.6849550604820251
7.08203125,13216.0,0.685003936290741
7.08984375,13216.0,0.6850528120994568
7.09375,13216.0,0.6851016879081726
7.09765625,13216.0,0.6851505637168884
7.1015625,13224.0,0.6851994395256042
7.10546875,13224.0,0.6852483153343201
7.109375,13224.0,0.6852971911430359
7.11328125,13224.0,0.6853460669517517
7.1171875,13224.0,0.6853949427604675
7.12109375,13224.0,0.6854438185691833
7.125,13224.0,0.6854926943778992
7.12890625,13224.0,0.685541570186615
7.1328125,13224.0,0.6855904459953308
7.13671875,13224.0,0.6856393218040466
7.140625,13224.0,0.6856881976127625
7.14453125,13224.0,0.6857370734214783
7.1484375,13224.0,0.6857859492301941
7.15234375,13224.0,0.6858348250389099
7.15625,13232.0,0.6858837008476257
7.16015625,13232.0,0.6859325766563416
7.1640625,13232.0,0.6859814524650574
7.1640625,13232.0,0.6860303282737732
7.16796875,13232.0,0.686079204082489
7.171875,13232.0,0.6861280798912048
7.17578125,13232.0,0.6861769556999207
7.17578125,13232.0,0.6862258315086365
7.1796875,13232.0,0.6862747073173523
7.18359375,13232.0,0.6863235831260681
7.18359375,13232.0,0.6863724589347839
7.1875,13232.0,0.6864213347434998
7.19140625,13232.0,0.6864702105522156
7.19140625,13240.0,0.6865190863609314
7.1953125,13240.0,0.6865679621696472
7.1953125,13240.0,0.686616837978363
7.19921875,13240.0,0.6866657137870789
7.19921875,13240.0,0.6867145895957947
7.19921875,13240.0,0.6867634654045105
7.203125,13240.0,0.6868123412132263
7.203125,13240.0,0.6868612170219421
7.20703125,13240.0,0.686910092830658
7.20703125,13240.0,0.6869589686393738
7.20703125,13240.0,0.6870078444480896
7.2109375,13240.0,0.6870567202568054
7.2109375,13240.0,0.6871055960655212
7.2109375,13248.0,0.6871544718742371
7.2109375,13248.0,0.6872033476829529
7.2109375,13248.0,0.6872522234916687
7.21484375,13248.0,0.6873010993003845
7.21484375,13248.0,0.6873499751091003
7.21484375,13248.0,0.6873988509178162
7.21484375,13248.0,0.687447726726532
7.21484375,13248.0,0.6874966025352478
7.21484375,13248.0,0.6875454783439636
7.21484375,13248.0,0.6875943541526794
7.21484375,13248.0,0.6876432299613953
7.21484375,13248.0,0.6876921057701111
7.21484375,13248.0,0.6877409815788269
7.21484375,13248.0,0.6877898573875427
7.21484375,13256.0,0.6878387331962585
7.21484375,13256.0,0.6878876090049744
7.21484375,13256.0,0.6879364848136902
7.2109375,13256.0,0.687985360622406
7.2109375,13256.0,0.6880342364311218
7.2109375,13256.0,0.6880831122398376
7.2109375,13256.0,0.6881319880485535
7.20703125,13256.0,0.6881808638572693
7.20703125,13256.0,0.6882297396659851
7.20703125,13256.0,0.6882786154747009
7.203125,13256.0,0.6883274912834167
7.203125,13256.0,0.6883763670921326
7.19921875,13256.0,0.6884252429008484
7.19921875,13264.0,0.6884741187095642
7.1953125,13264.0,0.68852299451828
7.1953125,13264.0,0.6885718703269958
7.19140625,13264.0,0.6886207461357117
7.19140625,13264.0,0.6886696219444275
7.1875,13264.0,0.6887184977531433
7.1875,13264.0,0.6887673735618591
7.18359375,13264.0,0.688816249370575
7.18359375,13264.0,0.6888651251792908
7.1796875,13264.0,0.6889140009880066
7.17578125,13264.0,0.6889628767967224
7.17578125,13264.0,0.6890117526054382
7.171875,13264.0,0.689060628414154
7.16796875,13264.0,0.6891095042228699
7.1640625,13272.0,0.6891583800315857
7.1640625,13272.0,0.6892072558403015
7.16015625,13272.0,0.6892561316490173
7.15625,13272.0,0.6893050074577332
7.15234375,13272.0,0.689353883266449
7.1484375,13272.0,0.6894027590751648
7.1484375,13272.0,0.6894516348838806
7.14453125,13272.0,0.6895005106925964
7.140625,13272.0,0.6895493865013123
7.13671875,13272.0,0.6895982623100281
7.1328125,13272.0,0.6896471381187439
7.12890625,13272.0,0.6896960139274597
7.125,13272.0,0.6897448897361755
7.125,13272.0,0.6897937655448914
7.12109375,13280.0,0.6898426413536072
7.1171875,13280.0,0.689891517162323
7.11328125,13280.0,0.6899403929710388
7.109375,13280.0,0.6899892687797546
7.10546875,13280.0,0.6900381445884705
7.1015625,13280.0,0.6900870203971863
7.09765625,13280.0,0.6901358962059021
7.09375,13280.0,0.6901847720146179
7.08984375,13280.0,0.6902336478233337
7.0859375,13280.0,0.6902825236320496
7.08203125,13280.0,0.6903313994407654
7.078125,13280.0,0.6903802752494812
7.07421875,13280.0,0.690429151058197
7.0703125,13280.0,0.6904780268669128
7.06640625,13288.0,0.6905269026756287
7.0625,13288.0,0.6905757784843445
7.05859375,13288.0,0.6906246542930603
7.0546875,13288.0,0.6906735301017761
7.05078125,13288.0,0.6907224059104919
7.046875,13288.0,0.6907712817192078
7.046875,13288.0,0.6908201575279236
7.04296875,13288.0,0.6908690333366394
7.0390625,13288.0,0.6909179091453552
7.03515625,13288.0,0.690966784954071
7.03125,13288.0,0.6910156607627869
7.02734375,13288.0,0.6910645365715027
7.0234375,13288.0,0.6911134123802185
7.01953125,13288.0,0.6911622881889343
7.015625,13296.0,0.6912111639976501
7.01171875,13296.0,0.691260039806366
7.0078125,13296.0,0.6913089156150818
7.00390625,13296.0,0.6913577914237976
7.0,13296.0,0.6914066672325134
6.99609375,13296.0,0.6914555430412292
6.99609375,13296.0,0.6915044188499451
6.9921875,13296.0,0.6915532946586609
6.98828125,13296.0,0.6916021704673767
6.984375,13296.0,0.6916510462760925
6.98046875,13296.0,0.6916999220848083
6.9765625,13296.0,0.6917487978935242
6.9765625,13296.0,0.69179767370224
6.97265625,13296.0,0.6918465495109558
6.96875,13304.0,0.6918954253196716
6.96484375,13304.0,0.6919443011283875
6.9609375,13304.0,0.6919931769371033
6.9609375,13304.0,0.6920420527458191
6.95703125,13304.0,0.6920909285545349
6.953125,13304.0,0.6921398043632507
6.94921875,13304.0,0.6921886801719666
6.94921875,13304.0,0.6922375559806824
6.9453125,13304.0,0.6922864317893982
6.94140625,13304.0,0.692335307598114
6.94140625,13304.0,0.6923841834068298
6.9375,13304.0,0.6924330592155457
6.93359375,13304.0,0.6924819350242615
6.93359375,13304.0,0.6925308108329773
6.9296875,13312.0,0.6925796866416931
6.9296875,13312.0,0.6926285624504089
6.92578125,13312.0,0.6926774382591248
6.92578125,13312.0,0.6927263140678406
6.921875,13312.0,0.6927751898765564
6.91796875,13312.0,0.6928240656852722
6.91796875,13312.0,0.692872941493988
6.9140625,13312.0,0.6929218173027039
6.9140625,13312.0,0.6929706931114197
6.91015625,13312.0,0.6930195689201355
6.91015625,13312.0,0.6930684447288513
6.91015625,13312.0,0.6931173205375671
6.90625,13312.0,0.693166196346283
6.90625,13312.0,0.6932150721549988
6.90234375,13312.0,0.6932639479637146
6.90234375,13320.0,0.6933128237724304
6.90234375,13320.0,0.6933616995811462
6.8984375,13320.0,0.6934105753898621
6.8984375,13320.0,0.6934594511985779
6.8984375,13320.0,0.6935083270072937
6.8984375,13320.0,0.6935572028160095
6.89453125,13320.0,0.6936060786247253
6.89453125,13320.0,0.6936549544334412
6.89453125,13320.0,0.693703830242157
6.89453125,13320.0,0.6937527060508728
6.89453125,13320.0,0.6938015818595886
6.890625,13320.0,0.6938504576683044
6.890625,13320.0,0.6938993334770203
6.890625,13320.0,0.6939482092857361
6.890625,13328.0,0.6939970850944519
6.890625,13328.0,0.6940459609031677
6.890625,13328.0,0.6940948367118835
6.890625,13328.0,0.6941437125205994
6.890625,13328.0,0.6941925883293152
6.890625,13328.0,0.694241464138031
6.890625,13328.0,0.6942903399467468
6.890625,13328.0,0.6943392157554626
6.890625,13328.0,0.6943880915641785
6.890625,13328.0,0.6944369673728943
6.890625,13328.0,0.6944858431816101
6.890625,13328.0,0.6945347189903259
6.89453125,13328.0,0.6945835947990417
6.89453125,13328.0,0.6946324706077576
6.89453125,13328.0,0.6946813464164734
6.89453125,13336.0,0.6947302222251892
6.89453125,13336.0,0.694779098033905
6.8984375,13336.0,0.6948279738426208
6.8984375,13336.0,0.6948768496513367
6.8984375,13336.0,0.6949257254600525
6.8984375,13336.0,0.6949746012687683
6.90234375,13336.0,0.6950234770774841
6.90234375,13336.0,0.6950723528862
6.90234375,13336.0,0.6951212286949158
6.90625,13336.0,0.6951701045036316
6.90625,13336.0,0.6952189803123474
6.91015625,13336.0,0.6952678561210632
6.91015625,13336.0,0.695316731929779
6.9140625,13336.0,0.6953656077384949
6.9140625,13336.0,0.6954144835472107
6.91796875,13344.0,0.6954633593559265
6.91796875,13344.0,0.6955122351646423
6.921875,13344.0,0.6955611109733582
6.921875,13344.0,0.695609986782074
6.92578125,13344.0,0.6956588625907898
6.9296875,13344.0,0.6957077383995056
6.9296875,13344.0,0.6957566142082214
6.93359375,13344.0,0.6958054900169373
6.9375,13344.0,0.6958543658256531
6.94140625,13344.0,0.6959032416343689
6.94140625,13344.0,0.6959521174430847
6.9453125,13344.0,0.6960009932518005
6.94921875,13344.0,0.6960498690605164
6.953125,13344.0,0.6960987448692322
6.95703125,13344.0,0.696147620677948
6.95703125,13352.0,0.6961964964866638
6.9609375,13352.0,0.6962453722953796
6.96484375,13352.0,0.6962942481040955
6.96875,13352.0,0.6963431239128113
6.97265625,13352.0,0.6963919997215271
6.9765625,13352.0,0.6964408755302429
6.98046875,13352.0,0.6964897513389587
6.984375,13352.0,0.6965386271476746
6.98828125,13352.0,0.6965875029563904
6.9921875,13352.0,0.6966363787651062
7.0,13352.0,0.696685254573822
7.00390625,13352.0,0.6967341303825378
7.0078125,13352.0,0.6967830061912537
7.01171875,13352.0,0.6968318819999695
7.015625,13352.0,0.6968807578086853
7.01953125,13352.0,0.6969296336174011
7.02734375,13360.0,0.6969785094261169
7.03125,13360.0,0.6970273852348328
7.03515625,13360.0,0.6970762610435486
7.0390625,13360.0,0.6971251368522644
7.046875,13360.0,0.6971740126609802
7.05078125,13360.0,0.697222888469696
7.0546875,13360.0,0.6972717642784119
7.0625,13360.0,0.6973206400871277
7.06640625,13360.0,0.6973695158958435
7.07421875,13360.0,0.6974183917045593
7.078125,13360.0,0.6974672675132751
7.08203125,13360.0,0.697516143321991
7.08984375,13360.0,0.6975650191307068
7.09375,13360.0,0.6976138949394226
7.1015625,13360.0,0.6976627707481384
7.10546875,13368.0,0.6977116465568542
7.11328125,13368.0,0.6977605223655701
7.1171875,13368.0,0.6978093981742859
7.125,13368.0,0.6978582739830017
7.12890625,13368.0,0.6979071497917175
7.13671875,13368.0,0.6979560256004333
7.140625,13368.0,0.6980049014091492
7.14453125,13368.0,0.698053777217865
7.15234375,13368.0,0.6981026530265808
7.15625,13368.0,0.6981515288352966
7.1640625,13368.0,0.6982004046440125
7.16796875,13368.0,0.6982492804527283
7.17578125,13368.0,0.6982981562614441
7.1796875,13368.0,0.6983470320701599
7.1875,13368.0,0.6983959078788757
7.19140625,13368.0,0.6984447836875916
7.19921875,13376.0,0.6984936594963074
7.203125,13376.0,0.6985425353050232
7.2109375,13376.0,0.698591411113739
7.21484375,13376.0,0.6986402869224548
7.22265625,13376.0,0.6986891627311707
7.2265625,13376.0,0.6987380385398865
7.234375,13376.0,0.6987869143486023
7.23828125,13376.0,0.6988357901573181
7.24609375,13376.0,0.6988846659660339
7.25,13376.0,0.6989335417747498
7.25390625,13376.0,0.6989824175834656
7.26171875,13376.0,0.6990312933921814
7.265625,13376.0,0.6990801692008972
7.2734375,13376.0,0.699129045009613
7.27734375,13376.0,0.6991779208183289
7.28125,13376.0,0.6992267966270447
7.2890625,13384.0,0.6992756724357605
7.29296875,13384.0,0.6993245482444763
7.296875,13384.0,0.6993734240531921
7.3046875,13384.0,0.699422299861908
7.30859375,13384.0,0.6994711756706238
7.3125,13384.0,0.6995200514793396
7.31640625,13384.0,0.6995689272880554
7.32421875,13384.0,0.6996178030967712
7.328125,13384.0,0.6996666789054871
7.33203125,13384.0,0.6997155547142029
7.3359375,13384.0,0.6997644305229187
7.33984375,13384.0,0.6998133063316345
7.34375,13384.0,0.6998621821403503
7.34765625,13384.0,0.6999110579490662
7.3515625,13384.0,0.699959933757782
7.359375,13384.0,0.7000088095664978
7.36328125,13392.0,0.7000576853752136
7.3671875,13392.0,0.7001065611839294
7.37109375,13392.0,0.7001554369926453
7.375,13392.0,0.7002043128013611
7.375,13392.0,0.7002531886100769
7.37890625,13392.0,0.7003020644187927
7.3828125,13392.0,0.7003509402275085
7.38671875,13392.0,0.7003998160362244
7.390625,13392.0,0.7004486918449402
7.39453125,13392.0,0.700497567653656
7.3984375,13392.0,0.7005464434623718
7.40234375,13392.0,0.7005953192710876
7.40234375,13392.0,0.7006441950798035
7.40625,13392.0,0.7006930708885193
7.41015625,13392.0,0.7007419466972351
7.41015625,13392.0,0.7007908225059509
7.4140625,13400.0,0.7008396983146667
7.41796875,13400.0,0.7008885741233826
7.41796875,13400.0,0.7009374499320984
7.421875,13400.0,0.7009863257408142
7.42578125,13400.0,0.70103520154953
7.42578125,13400.0,0.7010840773582458
7.4296875,13400.0,0.7011329531669617
7.4296875,13400.0,0.7011818289756775
7.43359375,13400.0,0.7012307047843933
7.43359375,13400.0,0.7012795805931091
7.4375,13400.0,0.701328456401825
7.4375,13400.0,0.7013773322105408
7.4375,13400.0,0.7014262080192566
7.44140625,13400.0,0.7014750838279724
7.44140625,13400.0,0.7015239596366882
7.4453125,13400.0,0.701572835445404
7.4453125,13400.0,0.7016217112541199
7.4453125,13408.0,0.7016705870628357
7.4453125,13408.0,0.7017194628715515
7.44921875,13408.0,0.7017683386802673
7.44921875,13408.0,0.7018172144889832
7.44921875,13408.0,0.701866090297699
7.44921875,13408.0,0.7019149661064148
7.453125,13408.0,0.7019638419151306
7.453125,13408.0,0.7020127177238464
7.453125,13408.0,0.7020615935325623
7.453125,13408.0,0.7021104693412781
7.453125,13408.0,0.7021593451499939
7.453125,13408.0,0.7022082209587097
7.453125,13408.0,0.7022570967674255
7.45703125,13408.0,0.7023059725761414
7.45703125,13408.0,0.7023548483848572
7.45703125,13408.0,0.702403724193573
7.45703125,13416.0,0.7024526000022888
7.45703125,13416.0,0.7025014758110046
7.45703125,13416.0,0.7025503516197205
7.45703125,13416.0,0.7025992274284363
7.45703125,13416.0,0.7026481032371521
7.45703125,13416.0,0.7026969790458679
7.45703125,13416.0,0.7027458548545837
7.45703125,13416.0,0.7027947306632996
7.45703125,13416.0,0.7028436064720154
7.45703125,13416.0,0.7028924822807312
7.453125,13416.0,0.702941358089447
7.453125,13416.0,0.7029902338981628
7.453125,13416.0,0.7030391097068787
7.453125,13416.0,0.7030879855155945
7.453125,13416.0,0.7031368613243103
7.453125,13416.0,0.7031857371330261
7.453125,13416.0,0.7032346129417419
7.453125,13416.0,0.7032834887504578
7.453125,13424.0,0.7033323645591736
7.453125,13424.0,0.7033812403678894
7.44921875,13424.0,0.7034301161766052
7.44921875,13424.0,0.703478991985321
7.44921875,13424.0,0.7035278677940369
7.44921875,13424.0,0.7035767436027527
7.44921875,13424.0,0.7036256194114685
7.44921875,13424.0,0.7036744952201843
7.44921875,13424.0,0.7037233710289001
7.4453125,13424.0,0.703772246837616
7.4453125,13424.0,0.7038211226463318
7.4453125,13424.0,0.7038699984550476
7.4453125,13424.0,0.7039188742637634
7.4453125,13424.0,0.7039677500724792
7.4453125,13424.0,0.7040166258811951
7.44140625,13424.0,0.7040655016899109
7.44140625,13424.0,0.7041143774986267
7.44140625,13432.0,0.7041632533073425
7.44140625,13432.0,0.7042121291160583
7.44140625,13432.0,0.7042610049247742
7.4375,13432.0,0.70430988073349
7.4375,13432.0,0.7043587565422058
7.4375,13432.0,0.7044076323509216
7.4375,13432.0,0.7044565081596375
7.4375,13432.0,0.7045053839683533
7.43359375,13432.0,0.7045542597770691
7.43359375,13432.0,0.7046031355857849
7.43359375,13432.0,0.7046520113945007
7.43359375,13432.0,0.7047008872032166
7.4296875,13432.0,0.7047497630119324
7.4296875,13432.0,0.7047986388206482
7.4296875,13432.0,0.704847514629364
7.4296875,13432.0,0.7048963904380798
7.42578125,13432.0,0.7049452662467957
7.42578125,13432.0,0.7049941420555115
7.42578125,13440.0,0.7050430178642273
7.42578125,13440.0,0.7050918936729431
7.421875,13440.0,0.7051407694816589
7.421875,13440.0,0.7051896452903748
7.421875,13440.0,0.7052385210990906
7.421875,13440.0,0.7052873969078064
7.41796875,13440.0,0.7053362727165222
7.41796875,13440.0,0.705385148525238
7.41796875,13440.0,0.7054340243339539
7.41796875,13440.0,0.7054829001426697
7.4140625,13440.0,0.7055317759513855
7.4140625,13440.0,0.7055806517601013
7.4140625,13440.0,0.7056295275688171
7.4140625,13440.0,0.705678403377533
7.41015625,13440.0,0.7057272791862488
7.41015625,13440.0,0.7057761549949646
7.41015625,13440.0,0.7058250308036804
7.41015625,13440.0,0.7058739066123962
7.40625,13448.0,0.7059227824211121
7.40625,13448.0,0.7059716582298279
7.40625,13448.0,0.7060205340385437
7.40625,13448.0,0.7060694098472595
7.40625,13448.0,0.7061182856559753
7.40234375,13448.0,0.7061671614646912
7.40234375,13448.0,0.706216037273407
7.40234375,13448.0,0.7062649130821228
7.40234375,13448.0,0.7063137888908386
7.40234375,13448.0,0.7063626646995544
7.3984375,13448.0,0.7064115405082703
7.3984375,13448.0,0.7064604163169861
7.3984375,13448.0,0.7065092921257019
7.3984375,13448.0,0.7065581679344177
7.3984375,13448.0,0.7066070437431335
7.3984375,13448.0,0.7066559195518494
7.39453125,13448.0,0.7067047953605652
7.39453125,13448.0,0.706753671169281
7.39453125,13456.0,0.7068025469779968
7.39453125,13456.0,0.7068514227867126
7.39453125,13456.0,0.7069002985954285
7.39453125,13456.0,0.7069491744041443
7.39453125,13456.0,0.7069980502128601
7.39453125,13456.0,0.7070469260215759
7.39453125,13456.0,0.7070958018302917
7.390625,13456.0,0.7071446776390076
7.390625,13456.0,0.7071935534477234
7.390625,13456.0,0.7072424292564392
7.390625,13456.0,0.707291305065155
7.390625,13456.0,0.7073401808738708
7.390625,13456.0,0.7073890566825867
7.390625,13456.0,0.7074379324913025
7.390625,13456.0,0.7074868083000183
7.390625,13456.0,0.7075356841087341
7.390625,13456.0,0.70758455991745
7.390625,13456.0,0.7076334357261658
7.390625,13456.0,0.7076823115348816
7.390625,13464.0,0.7077311873435974
7.390625,13464.0,0.7077800631523132
7.390625,13464.0,0.707828938961029
7.390625,13464.0,0.7078778147697449
7.390625,13464.0,0.7079266905784607
7.390625,13464.0,0.7079755663871765
7.390625,13464.0,0.7080244421958923
7.390625,13464.0,0.7080733180046082
7.390625,13464.0,0.708122193813324
7.390625,13464.0,0.7081710696220398
7.390625,13464.0,0.7082199454307556
7.390625,13464.0,0.7082688212394714
7.390625,13464.0,0.7083176970481873
7.390625,13464.0,0.7083665728569031
7.390625,13464.0,0.7084154486656189
7.390625,13464.0,0.7084643244743347
7.390625,13464.0,0.7085132002830505
7.39453125,13464.0,0.7085620760917664
7.39453125,13464.0,0.7086109519004822
7.39453125,13472.0,0.708659827709198
7.39453125,13472.0,0.7087087035179138
7.39453125,13472.0,0.7087575793266296
7.3984375,13472.0,0.7088064551353455
7.3984375,13472.0,0.7088553309440613
7.3984375,13472.0,0.7089042067527771
7.40234375,13472.0,0.7089530825614929
7.40234375,13472.0,0.7090019583702087
7.40234375,13472.0,0.7090508341789246
7.40625,13472.0,0.7090997099876404
7.40625,13472.0,0.7091485857963562
7.41015625,13472.0,0.709197461605072
7.41015625,13472.0,0.7092463374137878
7.4140625,13472.0,0.7092952132225037
7.4140625,13472.0,0.7093440890312195
7.41796875,13472.0,0.7093929648399353
7.421875,13472.0,0.7094418406486511
7.421875,13472.0,0.7094907164573669
7.42578125,13472.0,0.7095395922660828
7.4296875,13472.0,0.7095884680747986
7.43359375,13480.0,0.7096373438835144
7.43359375,13480.0,0.7096862196922302
7.4375,13480.0,0.709735095500946
7.44140625,13480.0,0.7097839713096619
7.4453125,13480.0,0.7098328471183777
7.44921875,13480.0,0.7098817229270935
7.453125,13480.0,0.7099305987358093
7.45703125,13480.0,0.7099794745445251
7.4609375,13480.0,0.710028350353241
7.46484375,13480.0,0.7100772261619568
7.46875,13480.0,0.7101261019706726
7.47265625,13480.0,0.7101749777793884
7.4765625,13480.0,0.7102238535881042
7.48046875,13480.0,0.7102727293968201
7.48828125,13480.0,0.7103216052055359
7.4921875,13480.0,0.7103704810142517
7.49609375,13480.0,0.7104193568229675
7.50390625,13480.0,0.7104682326316833
7.5078125,13480.0,0.7105171084403992
7.51171875,13480.0,0.710565984249115
7.51953125,13480.0,0.7106148600578308
7.5234375,13488.0,0.7106637358665466
7.53125,13488.0,0.7107126116752625
7.53515625,13488.0,0.7107614874839783
7.54296875,13488.0,0.7108103632926941
7.55078125,13488.0,0.7108592391014099
7.5546875,13488.0,0.7109081149101257
7.5625,13488.0,0.7109569907188416
7.5703125,13488.0,0.7110058665275574
7.578125,13488.0,0.7110547423362732
7.58203125,13488.0,0.711103618144989
7.58984375,13488.0,0.7111517786979675
7.59765625,13488.0,0.7111968398094177
7.60546875,13488.0,0.7112415432929993
7.609375,13488.0,0.7112862467765808
7.6171875,13488.0,0.7113309502601624
7.625,13488.0,0.7113756537437439
7.6328125,13488.0,0.7114203572273254
7.640625,13488.0,0.711465060710907
7.6484375,13488.0,0.7115097641944885
7.65625,13488.0,0.7115544676780701
7.6640625,13488.0,0.7115991711616516
7.671875,13488.0,0.7116438746452332
7.6796875,13496.0,0.7116885781288147
7.6875,13496.0,0.7117332816123962
7.6953125,13496.0,0.7117779850959778
7.703125,13496.0,0.7118226885795593
7.71484375,13496.0,0.7118673920631409
7.72265625,13496.0,0.7119120955467224
7.73046875,13496.0,0.711956799030304
7.73828125,13496.0,0.7120015025138855
7.75,13496.0,0.712046205997467
7.7578125,13496.0,0.7120909094810486
7.76953125,13496.0,0.7121356129646301
7.77734375,13496.0,0.7121803164482117
7.7890625,13496.0,0.7122250199317932
7.80078125,13496.0,0.7122697234153748
7.80859375,13496.0,0.7123144268989563
7.8203125,13496.0,0.7123591303825378
7.83203125,13496.0,0.7124038338661194
7.84375,13496.0,0.7124485373497009
7.8515625,13496.0,0.7124932408332825
7.86328125,13496.0,0.712537944316864
7.875,13496.0,0.7125826478004456
7.88671875,13496.0,0.7126273512840271
7.90234375,13496.0,0.7126720547676086
7.9140625,13496.0,0.7127167582511902
7.92578125,13504.0,0.7127614617347717
7.9375,13504.0,0.7128061652183533
7.953125,13504.0,0.7128508687019348
7.96484375,13504.0,0.7128955721855164
7.98046875,13504.0,0.7129402756690979
7.99609375,13504.0,0.7129849791526794
8.0078125,13504.0,0.713029682636261
8.0234375,13504.0,0.7130743861198425
8.0390625,13504.0,0.7131190896034241
8.0546875,13504.0,0.7131637930870056
8.0703125,13504.0,0.7132084965705872
8.09375,13504.0,0.7132532000541687
8.109375,13504.0,0.7132979035377502
8.125,13504.0,0.7133426070213318
8.140625,13504.0,0.7133873105049133
8.1640625,13504.0,0.7134320139884949
8.1796875,13504.0,0.7134767174720764
8.203125,13504.0,0.713521420955658
8.21875,13504.0,0.7135661244392395
8.2421875,13504.0,0.713610827922821
8.2578125,13504.0,0.7136555314064026
8.28125,13504.0,0.7137002348899841
8.3046875,13504.0,0.7137449383735657
8.3203125,13504.0,0.7137896418571472
8.34375,13504.0,0.7138343453407288
8.3671875,13504.0,0.7138790488243103
8.3828125,13512.0,0.7139237523078918
8.40625,13512.0,0.7139684557914734
8.4296875,13512.0,0.7140131592750549
8.453125,13512.0,0.7140578627586365
8.4765625,13512.0,0.714102566242218
8.5,13512.0,0.7141472697257996
8.5234375,13512.0,0.7141919732093811
8.546875,13512.0,0.7142366766929626
8.5703125,13512.0,0.7142813801765442
8.59375,13512.0,0.7143260836601257
8.6171875,13512.0,0.7143707871437073
8.640625,13512.0,0.7144154906272888
8.6640625,13512.0,0.7144601941108704
8.6875,13512.0,0.7145048975944519
8.7109375,13512.0,0.7145496010780334
8.734375,13512.0,0.714594304561615
8.7578125,13512.0,0.7146390080451965
8.78125,13512.0,0.7146837115287781
8.8046875,13512.0,0.7147284150123596
8.828125,13512.0,0.7147731184959412
8.859375,13512.0,0.7148178219795227
8.8828125,13512.0,0.7148625254631042
8.90625,13512.0,0.7149072289466858
8.9296875,13512.0,0.7149519324302673
8.953125,13512.0,0.7149966359138489
8.9765625,13512.0,0.7150413393974304
9.0,13512.0,0.715086042881012
9.0234375,13512.0,0.7151307463645935
9.0546875,13520.0,0.715175449848175
9.078125,13520.0,0.7152201533317566
9.1015625,13520.0,0.7152648568153381
9.125,13520.0,0.7153095602989197
9.1484375,13520.0,0.7153542637825012
9.171875,13520.0,0.7153989672660828
9.1953125,13520.0,0.7154436707496643
9.21875,13520.0,0.7154883742332458
9.2421875,13520.0,0.7155330777168274
9.265625,13520.0,0.7155777812004089
9.2890625,13520.0,0.7156224846839905
9.3125,13520.0,0.715667188167572
9.3359375,13520.0,0.7157118916511536
9.359375,13520.0,0.7157565951347351
9.3828125,13520.0,0.7158012986183167
9.40625,13520.0,0.7158460021018982
9.421875,13520.0,0.7158907055854797
9.4453125,13520.0,0.7159354090690613
9.46875,13520.0,0.7159801125526428
9.4921875,13520.0,0.7160248160362244
9.5078125,13520.0,0.7160695195198059
9.53125,13520.0,0.7161142230033875
9.546875,13520.0,0.716158926486969
9.5703125,13520.0,0.7162036299705505
9.5859375,13520.0,0.7162483334541321
9.609375,13520.0,0.7162930369377136
9.625,13520.0,0.7163377404212952
9.640625,13520.0,0.7163824439048767
9.6640625,13520.0,0.7164271473884583
9.6796875,13528.0,0.7164718508720398
9.6953125,13528.0,0.7165165543556213
9.7109375,13528.0,0.7165612578392029
9.7265625,13528.0,0.7166059613227844
9.7421875,13528.0,0.716650664806366
9.75,13528.0,0.7166953682899475
9.765625,13528.0,0.716740071773529
9.7734375,13528.0,0.7167847752571106
9.7890625,13528.0,0.7168294787406921
9.796875,13528.0,0.7168741822242737
9.8046875,13528.0,0.7169188857078552
9.8203125,13528.0,0.7169635891914368
9.8203125,13528.0,0.7170082926750183
9.828125,13528.0,0.7170529961585999
9.8359375,13528.0,0.7170976996421814
9.84375,13528.0,0.7171424031257629
9.84375,13528.0,0.7171871066093445
9.84375,13528.0,0.717231810092926
9.84375,13528.0,0.7172765135765076
9.84375,13528.0,0.7173212170600891
9.84375,13528.0,0.7173659205436707
9.84375,13528.0,0.7174106240272522
9.84375,13528.0,0.7174553275108337
9.8359375,13528.0,0.7175000309944153
9.828125,13528.0,0.7175447344779968
9.8203125,13528.0,0.7175894379615784
9.8125,13528.0,0.7176341414451599
9.8046875,13528.0,0.7176788449287415
9.7890625,13528.0,0.717723548412323
9.78125,13528.0,0.7177682518959045
9.765625,13528.0,0.7178129553794861
9.75,13536.0,0.7178576588630676
9.734375,13536.0,0.7179023623466492
9.71875,13536.0,0.7179470658302307
9.6953125,13536.0,0.7179917693138123
9.6796875,13536.0,0.7180364727973938
9.65625,13536.0,0.7180811762809753
9.640625,13536.0,0.7181258797645569
9.6171875,13536.0,0.7181705832481384
9.59375,13536.0,0.71821528673172
9.5703125,13536.0,0.7182599902153015
9.5390625,13536.0,0.7183046936988831
9.515625,13536.0,0.7183493971824646
9.4921875,13536.0,0.7183941006660461
9.4609375,13536.0,0.7184388041496277
9.4375,13536.0,0.7184835076332092
9.40625,13536.0,0.7185282111167908
9.375,13536.0,0.7185729146003723
9.34375,13536.0,0.7186176180839539
9.3125,13536.0,0.7186623215675354
9.28125,13536.0,0.7187070250511169
9.25,13536.0,0.7187517285346985
9.21875,13536.0,0.71879643201828
9.1875,13536.0,0.7188411355018616
9.1484375,13536.0,0.7188858389854431
9.1171875,13536.0,0.7189305424690247
9.0859375,13536.0,0.7189752459526062
9.046875,13536.0,0.7190199494361877
9.0078125,13536.0,0.7190646529197693
8.96875,13536.0,0.7191093564033508
8.9375,13536.0,0.7191540598869324
8.8984375,13536.0,0.7191987633705139
8.859375,13536.0,0.7192434668540955
8.8203125,13544.0,0.719288170337677
8.7734375,13544.0,0.7193328738212585
8.734375,13544.0,0.7193775773048401
8.6953125,13544.0,0.7194222807884216
8.65625,13544.0,0.7194669842720032
8.609375,13544.0,0.7195116877555847
8.5703125,13544.0,0.7195563912391663
8.5234375,13544.0,0.7196010947227478
8.484375,13544.0,0.7196457982063293
8.4375,13544.0,0.7196905016899109
8.3984375,13544.0,0.7197352051734924
8.3515625,13544.0,0.719779908657074
8.3046875,13544.0,0.7198246121406555
8.265625,13544.0,0.7198693156242371
8.21875,13544.0,0.7199140191078186
8.171875,13544.0,0.7199587225914001
8.125,13544.0,0.7200034260749817
8.0859375,13544.0,0.7200481295585632
8.0390625,13544.0,0.7200928330421448
7.99609375,13544.0,0.7201375365257263
7.94921875,13544.0,0.7201822400093079
7.90234375,13544.0,0.7202269434928894
7.859375,13544.0,0.720271646976471
7.8125,13544.0,0.7203163504600525
7.765625,13544.0,0.720361053943634
7.71875,13544.0,0.7204057574272156
7.67578125,13544.0,0.7204504609107971
7.62890625,13544.0,0.7204951643943787
7.58203125,13544.0,0.7205398678779602
7.5390625,13544.0,0.7205845713615417
7.4921875,13544.0,0.7206292748451233
7.4453125,13544.0,0.7206739783287048
7.40234375,13544.0,0.7207186818122864
7.35546875,13544.0,0.7207633852958679
7.30859375,13552.0,0.7208080887794495
7.265625,13552.0,0.720852792263031
7.21875,13552.0,0.7208974957466125
7.171875,13552.0,0.7209421992301941
7.125,13552.0,0.7209869027137756
7.08203125,13552.0,0.7210316061973572
7.03515625,13552.0,0.7210763096809387
6.98828125,13552.0,0.7211210131645203
6.9453125,13552.0,0.7211657166481018
6.8984375,13552.0,0.7212104201316833
6.85546875,13552.0,0.7212551236152649
6.80859375,13552.0,0.7212998270988464
6.765625,13552.0,0.721344530582428
6.72265625,13552.0,0.7213892340660095
6.6796875,13552.0,0.7214339375495911
6.6328125,13552.0,0.7214786410331726
6.58984375,13552.0,0.7215233445167542
6.55078125,13552.0,0.7215680480003357
6.5078125,13552.0,0.7216127514839172
6.46484375,13552.0,0.7216574549674988
6.421875,13552.0,0.7217021584510803
6.3828125,13552.0,0.7217468619346619
6.33984375,13552.0,0.7217915654182434
6.30078125,13552.0,0.721836268901825
6.2578125,13552.0,0.7218809723854065
6.21875,13552.0,0.721925675868988
6.1796875,13552.0,0.7219703793525696
6.13671875,13552.0,0.7220150828361511
6.09765625,13552.0,0.7220597863197327
6.05859375,13552.0,0.7221044898033142
6.01953125,13552.0,0.7221491932868958
5.98046875,13552.0,0.7221938967704773
5.9453125,13552.0,0.7222386002540588
5.90625,13552.0,0.7222833037376404
5.87109375,13552.0,0.7223280072212219
5.83203125,13560.0,0.7223727107048035
5.796875,13560.0,0.722417414188385
5.76171875,13560.0,0.7224621176719666
5.72265625,13560.0,0.7225068211555481
5.69140625,13560.0,0.7225515246391296
5.65625,13560.0,0.7225962281227112
5.62109375,13560.0,0.7226409316062927
5.5859375,13560.0,0.7226856350898743
5.5546875,13560.0,0.7227303385734558
5.51953125,13560.0,0.7227750420570374
5.48828125,13560.0,0.7228197455406189
5.45703125,13560.0,0.7228644490242004
5.42578125,13560.0,0.722909152507782
5.39453125,13560.0,0.7229538559913635
5.36328125,13560.0,0.7229985594749451
5.33203125,13560.0,0.7230432629585266
5.3046875,13560.0,0.7230879664421082
5.2734375,13560.0,0.7231326699256897
5.24609375,13560.0,0.7231773734092712
5.21875,13560.0,0.7232220768928528
5.1875,13560.0,0.7232667803764343
5.16015625,13560.0,0.7233114838600159
5.1328125,13560.0,0.7233561873435974
5.109375,13560.0,0.723400890827179
5.08203125,13560.0,0.7234455943107605
5.0546875,13560.0,0.723490297794342
5.03125,13560.0,0.7235350012779236
5.00390625,13560.0,0.7235797047615051
4.98046875,13560.0,0.7236244082450867
4.953125,13560.0,0.7236691117286682
4.9296875,13560.0,0.7237138152122498
4.90625,13560.0,0.7237585186958313
4.8828125,13560.0,0.7238032221794128
4.86328125,13560.0,0.7238479256629944
4.83984375,13560.0,0.7238926291465759
4.81640625,13560.0,0.7239373326301575
4.796875,13560.0,0.723982036113739
4.7734375,13568.0,0.7240267395973206
4.75390625,13568.0,0.7240714430809021
4.734375,13568.0,0.7241161465644836
4.71484375,13568.0,0.7241608500480652
4.6953125,13568.0,0.7242055535316467
4.6796875,13568.0,0.7242502570152283
4.66015625,13568.0,0.7242949604988098
4.64453125,13568.0,0.7243396639823914
4.625,13568.0,0.7243843674659729
4.609375,13568.0,0.7244290709495544
4.59375,13568.0,0.724473774433136
4.578125,13568.0,0.7245184779167175
4.5625,13568.0,0.7245631814002991
4.546875,13568.0,0.7246078848838806
4.53515625,13568.0,0.7246525883674622
4.51953125,13568.0,0.7246972918510437
4.5078125,13568.0,0.7247419953346252
4.49609375,13568.0,0.7247866988182068
4.484375,13568.0,0.7248314023017883
4.47265625,13568.0,0.7248761057853699
4.4609375,13568.0,0.7249208092689514
4.453125,13568.0,0.724965512752533
4.4453125,13568.0,0.7250102162361145
4.4375,13568.0,0.725054919719696
4.4296875,13568.0,0.7250996232032776
4.421875,13568.0,0.7251443266868591
4.41796875,13568.0,0.7251890301704407
4.4140625,13568.0,0.7252337336540222
4.41015625,13568.0,0.7252784371376038
4.40625,13568.0,0.7253231406211853
4.40625,13568.0,0.7253678441047668
4.40234375,13568.0,0.7254125475883484
4.40234375,13568.0,0.7254572510719299
4.40625,13568.0,0.7255019545555115
4.40625,13568.0,0.725546658039093
4.40625,13568.0,0.7255913615226746
4.41015625,13568.0,0.7256360650062561
4.4140625,13568.0,0.7256807684898376
4.421875,13576.0,0.7257254719734192
4.42578125,13576.0,0.7257701754570007
4.43359375,13576.0,0.7258148789405823
4.44140625,13576.0,0.7258595824241638
4.453125,13576.0,0.7259042859077454
4.4609375,13576.0,0.7259489893913269
4.47265625,13576.0,0.7259936928749084
4.484375,13576.0,0.72603839635849
4.49609375,13576.0,0.7260830998420715
4.51171875,13576.0,0.7261278033256531
4.52734375,13576.0,0.7261725068092346
4.5390625,13576.0,0.7262172102928162
4.55859375,13576.0,0.7262619137763977
4.57421875,13576.0,0.7263066172599792
4.59375,13576.0,0.7263513207435608
4.61328125,13576.0,0.7263960242271423
4.6328125,13576.0,0.7264407277107239
4.65234375,13576.0,0.7264854311943054
4.671875,13576.0,0.726530134677887
4.6953125,13576.0,0.7265748381614685
4.71484375,13576.0,0.72661954164505
4.73828125,13576.0,0.7266642451286316
4.76171875,13576.0,0.7267089486122131
4.78515625,13576.0,0.7267536520957947
4.80859375,13576.0,0.7267983555793762
4.8359375,13576.0,0.7268430590629578
4.859375,13576.0,0.7268877625465393
4.88671875,13576.0,0.7269324660301208
4.91015625,13576.0,0.7269771695137024
4.9375,13576.0,0.7270218729972839
4.96484375,13576.0,0.7270665764808655
4.9921875,13576.0,0.727111279964447
5.01953125,13576.0,0.7271559834480286
5.046875,13576.0,0.7272006869316101
5.078125,13576.0,0.7272453904151917
5.10546875,13576.0,0.7272900938987732
5.13671875,13576.0,0.7273347973823547
5.1640625,13576.0,0.7273795008659363
5.1953125,13584.0,0.7274242043495178
5.2265625,13584.0,0.7274689078330994
5.25390625,13584.0,0.7275136113166809
5.28515625,13584.0,0.7275583148002625
5.31640625,13584.0,0.727603018283844
5.3515625,13584.0,0.7276477217674255
5.3828125,13584.0,0.7276924252510071
5.4140625,13584.0,0.7277371287345886
5.44921875,13584.0,0.7277818322181702
5.48046875,13584.0,0.7278265357017517
5.515625,13584.0,0.7278712391853333
5.55078125,13584.0,0.7279159426689148
5.58203125,13584.0,0.7279606461524963
5.6171875,13584.0,0.7280053496360779
5.65234375,13584.0,0.7280500531196594
5.6875,13584.0,0.728094756603241
5.72265625,13584.0,0.7281394600868225
5.7578125,13584.0,0.728184163570404
5.796875,13584.0,0.7282288670539856
5.83203125,13584.0,0.7282735705375671
5.8671875,13584.0,0.7283182740211487
5.90625,13584.0,0.7283629775047302
5.94140625,13584.0,0.7284076809883118
5.98046875,13584.0,0.7284523844718933
6.015625,13584.0,0.7284970879554749
6.0546875,13584.0,0.7285417914390564
6.08984375,13584.0,0.7285864949226379
6.12890625,13584.0,0.7286311984062195
6.1640625,13584.0,0.7286757826805115
6.203125,13584.0,0.7287201881408691
6.2421875,13584.0,0.7287645936012268
6.27734375,13584.0,0.7288089990615845
6.31640625,13584.0,0.7288534045219421
6.35546875,13584.0,0.7288978099822998
6.390625,13584.0,0.7289422154426575
6.42578125,13584.0,0.7289816737174988
6.453125,13584.0,0.7290119528770447
6.484375,13584.0,0.7290454506874084
6.51171875,13584.0,0.7290806770324707
6.5390625,13584.0,0.729110598564148
6.5625,13584.0,0.7291386723518372
6.58984375,13592.0,0.7291693091392517
6.61328125,13592.0,0.729202389717102
6.6484375,13592.0,0.7292397618293762
6.671875,13592.0,0.7292689681053162
6.6953125,13592.0,0.729295551776886
6.7265625,13592.0,0.7293309569358826
6.7578125,13592.0,0.7293661832809448
6.78125,13592.0,0.7293941974639893
6.80859375,13592.0,0.729426383972168
6.8359375,13592.0,0.7294610142707825
6.86328125,13592.0,0.7294926047325134
6.890625,13592.0,0.7295188307762146
6.9140625,13592.0,0.7295528054237366
6.9453125,13592.0,0.7295888662338257
6.97265625,13592.0,0.7296178936958313
6.99609375,13592.0,0.729649007320404
7.01953125,13592.0,0.7296751141548157
7.05078125,13592.0,0.7297112941741943
7.07421875,13592.0,0.7297384142875671
7.10546875,13592.0,0.7297762036323547
7.125,13592.0,0.7297985553741455
7.1484375,13592.0,0.7298283576965332
7.1796875,13592.0,0.7298657298088074
7.21484375,13592.0,0.729907751083374
7.25,13592.0,0.7299497723579407
7.28515625,13592.0,0.7299917936325073
7.32421875,13592.0,0.730033814907074
7.359375,13592.0,0.7300758361816406
7.39453125,13592.0,0.7301178574562073
7.4296875,13592.0,0.7301598787307739
7.46484375,13592.0,0.7302019000053406
7.49609375,13592.0,0.7302439212799072
7.53125,13592.0,0.7302859425544739
7.56640625,13592.0,0.7303279638290405
7.59765625,13592.0,0.7303699851036072
7.6328125,13592.0,0.7304120063781738
7.6640625,13592.0,0.7304540276527405
7.6953125,13592.0,0.7304960489273071
7.7265625,13592.0,0.7305380702018738
7.7578125,13592.0,0.7305800914764404
7.7890625,13592.0,0.7306221127510071
7.8203125,13592.0,0.7306641340255737
7.8515625,13592.0,0.7307061553001404
7.8828125,13592.0,0.730748176574707
7.91015625,13592.0,0.7307901978492737
7.9375,13592.0,0.7308322191238403
7.96875,13592.0,0.730874240398407
7.99609375,13592.0,0.7309162616729736
8.0234375,13592.0,0.7309582829475403
8.046875,13600.0,0.7310003042221069
8.0703125,13600.0,0.7310423254966736
8.1015625,13600.0,0.7310843467712402
8.125,13600.0,0.7311263680458069
8.1484375,13600.0,0.7311683893203735
8.171875,13600.0,0.7312104105949402
8.1953125,13600.0,0.7312524318695068
8.21875,13600.0,0.7312944531440735
8.2421875,13600.0,0.7313364744186401
8.2578125,13600.0,0.7313784956932068
8.28125,13600.0,0.7314205169677734
8.3046875,13600.0,0.7314625382423401
8.3203125,13600.0,0.7315045595169067
8.34375,13600.0,0.7315465807914734
8.359375,13600.0,0.73158860206604
8.3828125,13600.0,0.7316306233406067
8.3984375,13600.0,0.7316726446151733
8.4140625,13600.0,0.73171466588974
8.4296875,13600.0,0.7317566871643066
8.4453125,13600.0,0.7317987084388733
8.4609375,13600.0,0.7318407297134399
8.46875,13600.0,0.7318827509880066
8.484375,13600.0,0.7319247722625732
8.5,13600.0,0.7319667935371399
8.5078125,13600.0,0.7320088148117065
8.5234375,13600.0,0.7320508360862732
8.53125,13600.0,0.7320928573608398
8.5390625,13600.0,0.7321348786354065
8.546875,13600.0,0.7321768999099731
8.5546875,13600.0,0.7322189211845398
8.5625,13600.0,0.7322609424591064
8.5703125,13600.0,0.7323029637336731
8.578125,13600.0,0.7323449850082397
8.578125,13600.0,0.7323870062828064
8.5859375,13600.0,0.732429027557373
8.5859375,13600.0,0.7324710488319397
8.5859375,13600.0,0.7325130701065063
8.59375,13600.0,0.732555091381073
8.59375,13600.0,0.7325971126556396
8.59375,13600.0,0.7326391339302063
8.59375,13600.0,0.732681155204773
8.5859375,13600.0,0.7327231764793396
8.5859375,13600.0,0.7327651977539062
8.5859375,13600.0,0.7328072190284729
8.578125,13608.0,0.7328492403030396
8.578125,13608.0,0.7328912615776062
8.5703125,13608.0,0.7329332828521729
8.5625,13608.0,0.7329753041267395
8.5546875,13608.0,0.7330173254013062
8.546875,13608.0,0.7330593466758728
8.5390625,13608.0,0.7331013679504395
8.5234375,13608.0,0.7331433892250061
8.515625,13608.0,0.7331854104995728
8.5078125,13608.0,0.7332274317741394
8.4921875,13608.0,0.733269453048706
8.4765625,13608.0,0.7333114743232727
8.4609375,13608.0,0.7333534955978394
8.4453125,13608.0,0.733395516872406
8.4296875,13608.0,0.7334375381469727
8.4140625,13608.0,0.7334795594215393
8.390625,13608.0,0.733521580696106
8.3671875,13608.0,0.7335636019706726
8.3515625,13608.0,0.7336056232452393
8.328125,13608.0,0.7336476445198059
8.3046875,13608.0,0.7336896657943726
8.28125,13608.0,0.7337316870689392
8.2578125,13608.0,0.7337737083435059
8.2265625,13608.0,0.7338157296180725
8.203125,13608.0,0.7338577508926392
8.171875,13608.0,0.7338997721672058
8.140625,13608.0,0.7339417934417725
8.109375,13608.0,0.7339838147163391
8.0859375,13608.0,0.7340258359909058
8.046875,13608.0,0.7340678572654724
8.015625,13608.0,0.7341098785400391
7.984375,13608.0,0.7341518998146057
7.94921875,13608.0,0.7341939210891724
7.9140625,13608.0,0.734235942363739
7.87890625,13608.0,0.7342779636383057
7.84375,13608.0,0.7343199849128723
7.8046875,13608.0,0.734362006187439
7.76953125,13608.0,0.7344040274620056
7.73046875,13608.0,0.7344460487365723
7.69140625,13608.0,0.7344880700111389
7.6484375,13608.0,0.7345300912857056
7.609375,13608.0,0.7345721125602722
7.5703125,13608.0,0.7346141338348389
7.52734375,13608.0,0.7346561551094055
7.484375,13616.0,0.7346981763839722
7.44140625,13616.0,0.7347401976585388
7.40234375,13616.0,0.7347822189331055
7.359375,13616.0,0.7348242402076721
7.31640625,13616.0,0.7348662614822388
7.26953125,13616.0,0.7349082827568054
7.2265625,13616.0,0.7349503040313721
7.18359375,13616.0,0.7349923253059387
7.140625,13616.0,0.7350343465805054
7.09375,13616.0,0.735076367855072
7.05078125,13616.0,0.7351183891296387
7.0078125,13616.0,0.7351604104042053
6.9609375,13616.0,0.735202431678772
6.91796875,13616.0,0.7352444529533386
6.87109375,13616.0,0.7352864742279053
6.828125,13616.0,0.7353284955024719
6.78515625,13616.0,0.7353705167770386
6.73828125,13616.0,0.7354125380516052
6.6953125,13616.0,0.7354545593261719
6.65234375,13616.0,0.7354965806007385
6.609375,13616.0,0.7355386018753052
6.56640625,13616.0,0.7355806231498718
6.5234375,13616.0,0.7356226444244385
6.48046875,13616.0,0.7356646656990051
6.4375,13616.0,0.7357066869735718
6.39453125,13616.0,0.7357487082481384
6.3515625,13616.0,0.7357907295227051
6.30859375,13616.0,0.7358327507972717
6.26953125,13616.0,0.7358747720718384
6.2265625,13616.0,0.735916793346405
6.1875,13616.0,0.7359588146209717
6.14453125,13616.0,0.7360008358955383
6.10546875,13616.0,0.736042857170105
6.06640625,13616.0,0.7360848784446716
6.02734375,13616.0,0.7361268997192383
5.984375,13616.0,0.7361689209938049
5.9453125,13616.0,0.7362109422683716
5.90625,13616.0,0.7362529635429382
5.8671875,13616.0,0.7362949848175049
5.83203125,13616.0,0.7363370060920715
5.79296875,13616.0,0.7363790273666382
5.75390625,13616.0,0.7364210486412048
5.71875,13616.0,0.7364630699157715
5.6796875,13616.0,0.7365050911903381
5.64453125,13624.0,0.7365471124649048
5.60546875,13624.0,0.7365891337394714
5.5703125,13624.0,0.7366311550140381
5.53515625,13624.0,0.7366731762886047
5.5,13624.0,0.7367151975631714
5.46875,13624.0,0.736757218837738
5.43359375,13624.0,0.7367992401123047
5.3984375,13624.0,0.7368412613868713
5.3671875,13624.0,0.736883282661438
5.3359375,13624.0,0.7369253039360046
5.30078125,13624.0,0.7369673252105713
5.26953125,13624.0,0.7370093464851379
5.23828125,13624.0,0.7370513677597046
5.20703125,13624.0,0.7370933890342712
5.1796875,13624.0,0.7371354103088379
5.1484375,13624.0,0.7371774315834045
5.12109375,13624.0,0.7372194528579712
5.09375,13624.0,0.7372614741325378
5.06640625,13624.0,0.7373034954071045
5.0390625,13624.0,0.7373455166816711
5.01171875,13624.0,0.7373875379562378
4.984375,13624.0,0.7374295592308044
4.95703125,13624.0,0.7374715805053711
4.93359375,13624.0,0.7375136017799377
4.91015625,13624.0,0.7375556230545044
4.8828125,13624.0,0.737597644329071
4.859375,13624.0,0.7376396656036377
4.8359375,13624.0,0.7376816868782043
4.8125,13624.0,0.737723708152771
4.79296875,13624.0,0.7377657294273376
4.76953125,13624.0,0.7378077507019043
4.74609375,13624.0,0.737849771976471
4.7265625,13624.0,0.7378917932510376
4.70703125,13624.0,0.7379338145256042
4.68359375,13624.0,0.7379758358001709
4.6640625,13624.0,0.7380178570747375
4.64453125,13624.0,0.7380598783493042
4.625,13624.0,0.7381018996238708
4.60546875,13624.0,0.7381439208984375
4.5859375,13624.0,0.7381859421730042
4.5703125,13624.0,0.7382279634475708
4.55078125,13624.0,0.7382699847221375
4.53125,13624.0,0.7383120059967041
4.515625,13624.0,0.7383540272712708
4.5,13624.0,0.7383960485458374
4.484375,13624.0,0.738438069820404
4.46875,13624.0,0.7384800910949707
4.453125,13632.0,0.7385221123695374
4.4375,13632.0,0.738564133644104
4.421875,13632.0,0.7386061549186707
4.40625,13632.0,0.7386481761932373
4.39453125,13632.0,0.738690197467804
4.3828125,13632.0,0.7387322187423706
4.3671875,13632.0,0.7387742400169373
4.35546875,13632.0,0.7388162612915039
4.34375,13632.0,0.7388582825660706
4.33203125,13632.0,0.7389003038406372
4.3203125,13632.0,0.7389423251152039
4.30859375,13632.0,0.7389843463897705
4.30078125,13632.0,0.7390263676643372
4.29296875,13632.0,0.7390683889389038
4.28125,13632.0,0.7391104102134705
4.2734375,13632.0,0.7391524314880371
4.265625,13632.0,0.7391944527626038
4.2578125,13632.0,0.7392364740371704
4.25,13632.0,0.7392784953117371
4.25,13632.0,0.7393205165863037
4.2421875,13632.0,0.7393625378608704
4.234375,13632.0,0.7393999695777893
4.23046875,13632.0,0.739441990852356
4.2265625,13632.0,0.7394840121269226
4.23046875,13632.0,0.7395208477973938
4.23046875,13632.0,0.7395362854003906
4.2265625,13632.0,0.7395575046539307
4.22265625,13632.0,0.7395905256271362
4.21875,13632.0,0.7396254539489746
4.22265625,13632.0,0.7396652698516846
4.21875,13632.0,0.7396979928016663
4.21484375,13632.0,0.7397291660308838
4.21484375,13632.0,0.7397711873054504
4.21875,13632.0,0.7398132085800171
4.21484375,13632.0,0.7398552298545837
4.21484375,13632.0,0.7398972511291504
4.21875,13632.0,0.739939272403717
4.21875,13632.0,0.7399812936782837
4.21875,13632.0,0.7400233149528503
4.21875,13632.0,0.740065336227417
4.2265625,13632.0,0.7401073575019836
4.2265625,13632.0,0.7401490211486816
4.2265625,13632.0,0.7401906847953796
4.234375,13632.0,0.7402327060699463
4.23828125,13632.0,0.7402747273445129
4.2421875,13632.0,0.7403167486190796
4.24609375,13632.0,0.7403587698936462
4.25390625,13632.0,0.7404007911682129
4.2578125,13640.0,0.7404428124427795
4.26171875,13640.0,0.7404848337173462
4.26953125,13640.0,0.7405268549919128
4.27734375,13640.0,0.7405688762664795
4.28515625,13640.0,0.7406108975410461
4.29296875,13640.0,0.7406529188156128
4.3046875,13640.0,0.7406949400901794
4.3125,13640.0,0.7407369613647461
4.3203125,13640.0,0.7407789826393127
4.33203125,13640.0,0.7408210039138794
4.34375,13640.0,0.740863025188446
4.3515625,13640.0,0.7409050464630127
4.3671875,13640.0,0.7409470677375793
4.37890625,13640.0,0.740989089012146
4.390625,13640.0,0.7410311102867126
4.40625,13640.0,0.7410731315612793
4.421875,13640.0,0.741115152835846
4.4375,13640.0,0.7411571741104126
4.44921875,13640.0,0.7411991953849792
4.46875,13640.0,0.7412412166595459
4.484375,13640.0,0.7412832379341125
4.50390625,13640.0,0.7413252592086792
4.51953125,13640.0,0.7413672804832458
4.54296875,13640.0,0.7414093017578125
4.5625,13640.0,0.7414513230323792
4.578125,13640.0,0.7414933443069458
4.6015625,13640.0,0.7415353655815125
4.625,13640.0,0.7415773868560791
4.64453125,13640.0,0.7416194081306458
4.66796875,13640.0,0.7416614294052124
4.69140625,13640.0,0.741703450679779
4.71484375,13640.0,0.7417454719543457
4.73828125,13640.0,0.7417874932289124
4.765625,13640.0,0.741829514503479
4.79296875,13640.0,0.7418715357780457
4.8203125,13640.0,0.7419135570526123
4.84765625,13640.0,0.741955578327179
4.875,13640.0,0.7419975996017456
4.90625,13640.0,0.7420396208763123
4.93359375,13640.0,0.7420816421508789
4.96484375,13640.0,0.7421236634254456
4.99609375,13640.0,0.7421656847000122
5.02734375,13640.0,0.7422077059745789
5.0625,13640.0,0.7422497272491455
5.09765625,13640.0,0.7422917485237122
5.12890625,13648.0,0.7423337697982788
5.1640625,13648.0,0.7423757910728455
5.19921875,13648.0,0.7424178123474121
5.234375,13648.0,0.7424598336219788
5.2734375,13648.0,0.7425018548965454
5.3125,13648.0,0.7425438761711121
5.34765625,13648.0,0.7425858974456787
5.38671875,13648.0,0.7426279187202454
5.42578125,13648.0,0.742669939994812
5.46484375,13648.0,0.7427119612693787
5.50390625,13648.0,0.7427539825439453
5.54296875,13648.0,0.742796003818512
5.5859375,13648.0,0.7428380250930786
5.62890625,13648.0,0.7428800463676453
5.66796875,13648.0,0.7429220676422119
5.7109375,13648.0,0.7429640889167786
5.75,13648.0,0.7430061101913452
5.79296875,13648.0,0.7430481314659119
5.8359375,13648.0,0.7430901527404785
5.87890625,13648.0,0.7431321740150452
5.91796875,13648.0,0.7431741952896118
5.9609375,13648.0,0.7432162165641785
6.00390625,13648.0,0.7432582378387451
6.046875,13648.0,0.7433002591133118
6.0859375,13648.0,0.7433422803878784
6.12890625,13648.0,0.7433843016624451
6.17578125,13648.0,0.7434263229370117
6.21484375,13648.0,0.7434683442115784
6.2578125,13648.0,0.743510365486145
6.30078125,13648.0,0.7435523867607117
6.33984375,13648.0,0.7435944080352783
6.3828125,13648.0,0.743636429309845
6.42578125,13648.0,0.7436784505844116
6.46484375,13648.0,0.7437204718589783
6.5078125,13648.0,0.7437624931335449
6.546875,13648.0,0.7438045144081116
6.58984375,13648.0,0.7438465356826782
6.62890625,13648.0,0.7438885569572449
6.66796875,13648.0,0.7439305782318115
6.70703125,13648.0,0.7439725995063782
6.74609375,13648.0,0.7440146207809448
6.78515625,13648.0,0.7440566420555115
6.82421875,13648.0,0.7440986633300781
6.86328125,13648.0,0.7441406846046448
6.90234375,13648.0,0.7441827058792114
6.94140625,13648.0,0.7442247271537781
6.9765625,13648.0,0.7442667484283447
7.015625,13656.0,0.7443087697029114
7.05078125,13656.0,0.744350790977478
7.08984375,13656.0,0.7443928122520447
7.125,13656.0,0.7444348335266113
7.16015625,13656.0,0.744476854801178
7.1953125,13656.0,0.7445188760757446
7.234375,13656.0,0.7445608973503113
7.26953125,13656.0,0.7446029186248779
7.30078125,13656.0,0.7446449398994446
7.3359375,13656.0,0.7446869611740112
7.3671875,13656.0,0.7447289824485779
7.40234375,13656.0,0.7447710037231445
7.43359375,13656.0,0.7448130249977112
7.46875,13656.0,0.7448550462722778
7.5,13656.0,0.7448970675468445
7.53125,13656.0,0.7449390888214111
7.55859375,13656.0,0.7449811100959778
7.58984375,13656.0,0.7450231313705444
7.62109375,13656.0,0.7450651526451111
7.6484375,13656.0,0.7451071739196777
7.6796875,13656.0,0.7451491951942444
7.703125,13656.0,0.745191216468811
7.73046875,13656.0,0.7452332377433777
7.7578125,13656.0,0.7452752590179443
7.78515625,13656.0,0.745317280292511
7.80859375,13656.0,0.7453593015670776
7.8359375,13656.0,0.7454013228416443
7.859375,13656.0,0.7454433441162109
7.8828125,13656.0,0.7454853653907776
7.90234375,13656.0,0.7455273866653442
7.92578125,13656.0,0.7455694079399109
7.9453125,13656.0,0.7456114292144775
7.96875,13656.0,0.7456534504890442
7.98828125,13656.0,0.7456954717636108
8.0078125,13656.0,0.7457374930381775
8.0234375,13656.0,0.7457795143127441
8.046875,13656.0,0.7458215355873108
8.0625,13656.0,0.7458635568618774
8.078125,13656.0,0.7459055781364441
8.09375,13656.0,0.7459475994110107
8.109375,13656.0,0.7459896206855774
8.125,13656.0,0.746031641960144
8.140625,13656.0,0.7460736632347107
8.1484375,13656.0,0.7461156845092773
8.1640625,13656.0,0.746157705783844
8.1796875,13656.0,0.7461997270584106
8.1875,13656.0,0.7462417483329773
8.1953125,13656.0,0.746283769607544
8.2109375,13664.0,0.7463257908821106
8.21875,13664.0,0.7463678121566772
8.2265625,13664.0,0.7464098334312439
8.234375,13664.0,0.7464518547058105
8.2421875,13664.0,0.7464938759803772
8.25,13664.0,0.7465358972549438
8.25,13664.0,0.7465779185295105
8.2578125,13664.0,0.7466199398040771
8.2578125,13664.0,0.7466619610786438
8.265625,13664.0,0.7467039823532104
8.265625,13664.0,0.7467383146286011
8.265625,13664.0,0.7467648983001709
8.2734375,13664.0,0.7467877268791199
8.2734375,13664.0,0.7468234300613403
8.2734375,13664.0,0.7468518614768982
8.2734375,13664.0,0.7468878626823425
8.2734375,13664.0,0.7469149827957153
8.2734375,13664.0,0.746944785118103
8.2734375,13664.0,0.7469658851623535
8.265625,13664.0,0.7469896674156189
8.265625,13664.0,0.7470256686210632
8.265625,13664.0,0.747048556804657
8.265625,13664.0,0.747079610824585
8.2578125,13664.0,0.7471076250076294
8.2578125,13664.0,0.7471320033073425
8.2578125,13664.0,0.7471659779548645
8.25,13664.0,0.7471964955329895
8.2421875,13664.0,0.7472217679023743
8.2421875,13664.0,0.7472469806671143
8.234375,13664.0,0.7472745776176453
8.2265625,13664.0,0.747312605381012
8.2265625,13664.0,0.7473409175872803
8.21875,13664.0,0.7473675012588501
8.2109375,13664.0,0.747399091720581
8.203125,13664.0,0.7474269866943359
8.1953125,13664.0,0.747459352016449
8.1875,13664.0,0.7474954128265381
8.1796875,13664.0,0.7475178837776184
8.171875,13664.0,0.7475458979606628
8.15625,13664.0,0.7475790977478027
8.1484375,13664.0,0.7476047873497009
8.140625,13664.0,0.7476346492767334
8.125,13664.0,0.7476741671562195
8.1171875,13664.0,0.747698187828064
8.109375,13664.0,0.7477224469184875
8.09375,13664.0,0.7477573752403259
8.0859375,13664.0,0.7477841973304749
8.0703125,13664.0,0.7478124499320984
8.0546875,13664.0,0.7478466629981995
8.046875,13664.0,0.7478705644607544
8.03125,13664.0,0.7479027509689331
8.015625,13664.0,0.7479318976402283
8.0,13664.0,0.7479608654975891
7.984375,13664.0,0.7479891777038574
7.97265625,13664.0,0.7480170726776123
7.95703125,13664.0,0.7480437159538269
7.94140625,13664.0,0.748075544834137
7.9296875,13664.0,0.7480996251106262
7.91015625,13664.0,0.7481362819671631
7.89453125,13664.0,0.7481619715690613
7.875,13664.0,0.7481887936592102
7.859375,13664.0,0.7482191324234009
7.83984375,13664.0,0.7482483983039856
7.8203125,13672.0,0.7482839822769165
7.8046875,13672.0,0.7483101487159729
7.78515625,13672.0,0.7483400106430054
7.765625,13672.0,0.7483724355697632
7.74609375,13672.0,0.7483987808227539
7.734375,13672.0,0.7484230399131775
7.70703125,13672.0,0.7484554648399353
7.69140625,13672.0,0.748481810092926
7.66796875,13672.0,0.7485174536705017
7.6484375,13672.0,0.7485455870628357
7.62890625,13672.0,0.7485716342926025
7.61328125,13672.0,0.7485952377319336
7.59765625,13672.0,0.7486230134963989
7.57421875,13672.0,0.7486550211906433
7.5546875,13672.0,0.7486842274665833
7.53125,13672.0,0.7487107515335083
7.51171875,13672.0,0.7487368583679199
7.48828125,13672.0,0.7487667202949524
7.46875,13672.0,0.748793363571167
7.44921875,13672.0,0.7488231062889099
7.42578125,13672.0,0.7488532662391663
7.40625,13672.0,0.7488777041435242
7.37890625,13672.0,0.7489150762557983
7.35546875,13672.0,0.7489430904388428
7.3359375,13672.0,0.7489754557609558
7.3125,13672.0,0.7490008473396301
7.2890625,13672.0,0.7490302324295044
7.26953125,13672.0,0.7490546107292175
7.23828125,13672.0,0.7490919828414917
7.21484375,13672.0,0.7491210699081421
7.19140625,13672.0,0.7491490244865417
7.16015625,13672.0,0.7491852641105652
7.13671875,13672.0,0.7492124438285828
7.109375,13672.0,0.7492493391036987
7.0859375,13672.0,0.7492755651473999
7.0625,13672.0,0.749302864074707
7.03515625,13672.0,0.7493299245834351
7.015625,13672.0,0.7493541836738586
6.98828125,13672.0,0.7493837475776672
6.96875,13672.0,0.7494075894355774
6.9453125,13672.0,0.749435305595398
6.921875,13672.0,0.7494639158248901
6.8984375,13672.0,0.7494874596595764
6.87109375,13672.0,0.7495182156562805
6.84765625,13672.0,0.7495439648628235
6.8203125,13672.0,0.7495772242546082
6.79296875,13672.0,0.7496048212051392
6.76953125,13672.0,0.7496300339698792
6.7421875,13672.0,0.7496623396873474
6.71484375,13672.0,0.7496892809867859
6.6875,13672.0,0.7497207522392273
6.65234375,13672.0,0.7497548460960388
6.625,13672.0,0.7497855424880981
6.59765625,13672.0,0.7498108744621277
6.57421875,13672.0,0.7498404383659363
6.5390625,13672.0,0.7498719692230225
6.51953125,13672.0,0.7498959302902222
6.484375,13672.0,0.7499348521232605
6.453125,13672.0,0.7499597668647766
6.42578125,13672.0,0.7499895691871643
6.3984375,13672.0,0.7500155568122864
6.37109375,13672.0,0.7500428557395935
6.33984375,13672.0,0.7500805854797363
6.30859375,13672.0,0.7501081824302673
6.28515625,13672.0,0.7501351833343506
6.2578125,13672.0,0.7501643896102905
6.21875,13680.0,0.7501999139785767
6.19140625,13680.0,0.7502304315567017
6.15625,13680.0,0.7502639293670654
6.12890625,13680.0,0.7502894401550293
6.10546875,13680.0,0.750313937664032
6.08203125,13680.0,0.7503394484519958
6.04296875,13680.0,0.7503777146339417
6.015625,13680.0,0.7504017949104309
5.9921875,13680.0,0.7504312992095947
5.95703125,13680.0,0.7504611611366272
5.9375,13680.0,0.7504851818084717
5.91015625,13680.0,0.7505112886428833
5.87890625,13680.0,0.7505411505699158
5.84765625,13680.0,0.750572919845581
5.81640625,13680.0,0.750603437423706
5.79296875,13680.0,0.7506278157234192
5.76171875,13680.0,0.7506601214408875
5.73046875,13680.0,0.7506899833679199
5.703125,13680.0,0.7507182955741882
5.67578125,13680.0,0.7507463097572327
5.65234375,13680.0,0.7507725358009338
5.62109375,13680.0,0.7508038878440857
5.58984375,13680.0,0.7508339285850525
5.55859375,13680.0,0.7508671283721924
5.53125,13680.0,0.7508965134620667
5.49609375,13680.0,0.7509351968765259
5.46484375,13680.0,0.7509629726409912
5.4375,13680.0,0.7509977221488953
5.3984375,13680.0,0.7510366439819336
5.37109375,13680.0,0.7510647177696228
5.34375,13680.0,0.7510983943939209
5.3125,13680.0,0.7511281967163086
5.28515625,13680.0,0.75115567445755
5.26171875,13680.0,0.7511818408966064
5.23828125,13680.0,0.7512102127075195
5.21484375,13680.0,0.7512350678443909
5.1796875,13680.0,0.7512735724449158
5.15234375,13680.0,0.7513020634651184
5.125,13680.0,0.7513332366943359
5.10546875,13680.0,0.7513595223426819
5.078125,13680.0,0.7513883709907532
5.0546875,13680.0,0.7514204978942871
5.03125,13680.0,0.7514467835426331
5.0078125,13680.0,0.7514724135398865
4.98828125,13680.0,0.7515035271644592
4.95703125,13680.0,0.7515358924865723
4.9375,13680.0,0.751560628414154
4.91796875,13680.0,0.7515864372253418
4.8984375,13680.0,0.7516162395477295
4.87109375,13680.0,0.7516472339630127
4.84765625,13680.0,0.7516793608665466
4.828125,13680.0,0.7517102360725403
4.8046875,13680.0,0.7517406344413757
4.78515625,13680.0,0.7517681121826172
4.765625,13680.0,0.7517926692962646
4.74609375,13680.0,0.751824140548706
4.72265625,13680.0,0.7518627047538757
4.703125,13680.0,0.7518900632858276
4.6796875,13680.0,0.7519246935844421
4.6640625,13680.0,0.7519496083259583
4.6484375,13680.0,0.7519742250442505
4.62890625,13680.0,0.7520037293434143
4.61328125,13680.0,0.7520291805267334
4.59375,13680.0,0.7520621418952942
4.57421875,13680.0,0.7520930767059326
4.55859375,13680.0,0.7521237730979919
4.54296875,13680.0,0.752152144908905
4.52734375,13680.0,0.7521808743476868
4.51171875,13688.0,0.7522163987159729
4.49609375,13688.0,0.7522428631782532
4.48046875,13688.0,0.7522746920585632
4.46484375,13688.0,0.7523008584976196
4.44921875,13688.0,0.7523347735404968
4.4375,13688.0,0.7523597478866577
4.42578125,13688.0,0.7523851990699768
4.4140625,13688.0,0.7524121999740601
4.40234375,13688.0,0.7524511218070984
4.38671875,13688.0,0.752479076385498
4.375,13688.0,0.7525092959403992
4.36328125,13688.0,0.7525391578674316
4.3515625,13688.0,0.7525710463523865
4.33984375,13688.0,0.7526038885116577
4.328125,13688.0,0.7526355981826782
4.31640625,13688.0,0.75266432762146
4.3046875,13688.0,0.7527047991752625
4.29296875,13688.0,0.7527363300323486
4.28515625,13688.0,0.7527685165405273
4.27734375,13688.0,0.7527943849563599
4.265625,13688.0,0.7528209090232849
4.2578125,13688.0,0.7528491020202637
4.25,13688.0,0.752877414226532
4.24609375,13688.0,0.7529025077819824
4.234375,13688.0,0.752937912940979
4.23046875,13688.0,0.7529643774032593
4.22265625,13688.0,0.7529942989349365
4.21484375,13688.0,0.753023624420166
4.2109375,13688.0,0.7530494928359985
4.203125,13688.0,0.753075361251831
4.19921875,13688.0,0.7531082630157471
4.19140625,13688.0,0.7531362771987915
4.1875,13688.0,0.7531676292419434
4.1796875,13688.0,0.7532002329826355
4.17578125,13688.0,0.7532283663749695
4.171875,13688.0,0.7532539963722229
4.16796875,13688.0,0.7532820701599121
4.1640625,13688.0,0.7533097863197327
4.16015625,13688.0,0.7533435821533203
4.15625,13688.0,0.7533716559410095
4.15234375,13688.0,0.7534048557281494
4.1484375,13688.0,0.7534410357475281
4.14453125,13688.0,0.7534681558609009
4.14453125,13688.0,0.753495991230011
4.140625,13688.0,0.7535256743431091
4.140625,13688.0,0.7535542845726013
4.13671875,13688.0,0.753583550453186
4.13671875,13688.0,0.7536165118217468
4.1328125,13688.0,0.753646194934845
4.1328125,13688.0,0.7536770701408386
4.1328125,13688.0,0.7537044882774353
4.1328125,13688.0,0.753739595413208
4.1328125,13688.0,0.7537674307823181
4.1328125,13688.0,0.7537939548492432
4.1328125,13688.0,0.7538213133811951
4.1328125,13688.0,0.7538540959358215
4.1328125,13688.0,0.7538846731185913
4.13671875,13688.0,0.7539183497428894
4.13671875,13688.0,0.7539476156234741
4.13671875,13688.0,0.7539748549461365
4.140625,13688.0,0.7540000677108765
4.140625,13688.0,0.7540270686149597
4.14453125,13688.0,0.7540531754493713
4.14453125,13688.0,0.7540846467018127
4.1484375,13688.0,0.7541158199310303
4.15234375,13688.0,0.7541444301605225
4.15625,13688.0,0.7541736960411072
4.15625,13688.0,0.7542009353637695
4.16015625,13696.0,0.7542293667793274
4.1640625,13696.0,0.7542580366134644
4.16796875,13696.0,0.7542853951454163
4.171875,13696.0,0.7543137669563293
4.17578125,13696.0,0.7543405890464783
4.1796875,13696.0,0.7543674111366272
4.18359375,13696.0,0.7543987035751343
4.1875,13696.0,0.7544277906417847
4.19140625,13696.0,0.7544542551040649
4.19921875,13696.0,0.7544806599617004
4.203125,13696.0,0.7545072436332703
4.20703125,13696.0,0.7545424699783325
4.21484375,13696.0,0.7545695304870605
4.21875,13696.0,0.7545976638793945
4.2265625,13696.0,0.7546289563179016
4.23046875,13696.0,0.7546548843383789
4.234375,13696.0,0.7546829581260681
4.2421875,13696.0,0.75471431016922
4.25,13696.0,0.754748523235321
4.25390625,13696.0,0.7547773122787476
4.26171875,13696.0,0.7548102736473083
4.26953125,13696.0,0.754837155342102
4.27734375,13696.0,0.7548673152923584
4.28515625,13696.0,0.7548975348472595
4.2890625,13696.0,0.7549241185188293
4.296875,13696.0,0.7549527287483215
4.3046875,13696.0,0.7549808621406555
4.3125,13696.0,0.7550090551376343
4.3203125,13696.0,0.7550340294837952
4.328125,13696.0,0.7550644874572754
4.3359375,13696.0,0.755096971988678
4.34375,13696.0,0.7551246881484985
4.3515625,13696.0,0.7551531791687012
4.36328125,13696.0,0.7551804780960083
4.37109375,13696.0,0.7552088499069214
4.37890625,13696.0,0.7552381753921509
4.390625,13696.0,0.7552663087844849
4.3984375,13696.0,0.7553020715713501
4.41015625,13696.0,0.7553306221961975
4.421875,13696.0,0.7553590536117554
4.43359375,13696.0,0.755386471748352
4.44140625,13696.0,0.755418598651886
4.453125,13696.0,0.7554453611373901
4.46484375,13696.0,0.7554738521575928
4.4765625,13696.0,0.755500853061676
4.48828125,13696.0,0.755530834197998
4.5,13696.0,0.7555661201477051
4.515625,13696.0,0.7555938363075256
4.52734375,13696.0,0.7556226849555969
4.5390625,13696.0,0.755654513835907
4.5546875,13696.0,0.7556843757629395
4.56640625,13696.0,0.7557165622711182
4.58203125,13696.0,0.7557420134544373
4.59375,13696.0,0.7557717561721802
4.609375,13696.0,0.7557980418205261
4.62109375,13696.0,0.7558297514915466
4.63671875,13696.0,0.7558595538139343
4.65234375,13696.0,0.755886971950531
4.66796875,13696.0,0.7559158802032471
4.68359375,13696.0,0.7559443116188049
4.69921875,13696.0,0.7559738159179688
4.71484375,13696.0,0.7560072541236877
4.73046875,13696.0,0.7560316324234009
4.74609375,13696.0,0.7560603022575378
4.76171875,13696.0,0.7560879588127136
4.78125,13696.0,0.7561200857162476
4.796875,13696.0,0.7561472654342651
4.8125,13696.0,0.756170928478241
4.828125,13704.0,0.7562016248703003
4.84765625,13704.0,0.7562276721000671
4.8671875,13704.0,0.7562681436538696
4.89453125,13704.0,0.7563055753707886
4.9140625,13704.0,0.756331205368042
4.93359375,13704.0,0.7563615441322327
4.94921875,13704.0,0.7563855051994324
4.96484375,13704.0,0.756416916847229
4.984375,13704.0,0.7564428448677063
5.0078125,13704.0,0.7564797401428223
5.02734375,13704.0,0.7565023899078369
5.046875,13704.0,0.7565279006958008
5.0625,13704.0,0.7565557956695557
5.08984375,13704.0,0.7565898299217224
5.109375,13704.0,0.7566171884536743
5.12890625,13704.0,0.7566458582878113
5.1484375,13704.0,0.7566701769828796
5.171875,13704.0,0.7567008137702942
5.19140625,13704.0,0.7567329406738281
5.21875,13704.0,0.7567624449729919
5.23828125,13704.0,0.7567893862724304
5.2578125,13704.0,0.7568185925483704
5.27734375,13704.0,0.756844162940979
5.30078125,13704.0,0.7568763494491577
5.328125,13704.0,0.7569082975387573
5.3515625,13704.0,0.7569401264190674
5.375,13704.0,0.756969690322876
5.3984375,13704.0,0.7570021748542786
5.42578125,13704.0,0.7570312023162842
5.4453125,13704.0,0.7570545673370361
5.46484375,13704.0,0.7570841908454895
5.49609375,13704.0,0.7571166157722473
5.515625,13704.0,0.7571409344673157
5.53515625,13704.0,0.7571679353713989
5.55859375,13704.0,0.7571982145309448
5.5859375,13704.0,0.7572264671325684
5.60546875,13704.0,0.757252037525177
5.63671875,13704.0,0.757287859916687
5.65625,13704.0,0.7573127746582031
5.6796875,13704.0,0.7573367953300476
5.703125,13704.0,0.7573680877685547
5.734375,13704.0,0.7574095129966736
5.76171875,13704.0,0.7574339509010315
5.78125,13704.0,0.7574566602706909
5.80078125,13704.0,0.7574846148490906
5.83203125,13704.0,0.7575182914733887
5.859375,13704.0,0.7575470805168152
5.87890625,13704.0,0.7575718760490417
5.90625,13704.0,0.7576016783714294
5.93359375,13704.0,0.7576297521591187
5.953125,13704.0,0.757654070854187
5.98046875,13704.0,0.7576874494552612
6.01171875,13704.0,0.7577195167541504
6.0390625,13704.0,0.757749617099762
6.0703125,13704.0,0.7577822804450989
6.09375,13704.0,0.7578045725822449
6.11328125,13704.0,0.7578298449516296
6.140625,13704.0,0.757862389087677
6.17578125,13704.0,0.7578983902931213
6.203125,13704.0,0.7579271793365479
6.23046875,13704.0,0.7579537034034729
6.2578125,13704.0,0.7579859495162964
6.28515625,13704.0,0.758009672164917
6.30859375,13704.0,0.7580395936965942
6.34375,13704.0,0.7580738067626953
6.3671875,13704.0,0.7581014037132263
6.39453125,13704.0,0.7581290006637573
6.42578125,13712.0,0.7581571936607361
6.44921875,13712.0,0.7581822276115417
6.4765625,13712.0,0.7582159042358398
6.5078125,13712.0,0.7582424283027649
6.53515625,13712.0,0.7582680583000183
6.55859375,13712.0,0.7582947015762329
6.5859375,13712.0,0.7583230137825012
6.61328125,13712.0,0.7583490014076233
6.640625,13712.0,0.7583785057067871
6.671875,13712.0,0.758409857749939
6.69921875,13712.0,0.7584349513053894
6.734375,13712.0,0.7584697008132935
6.7578125,13712.0,0.7584928870201111
6.78515625,13712.0,0.7585240006446838
6.8125,13712.0,0.7585527896881104
6.84375,13712.0,0.7585867643356323
6.875,13712.0,0.7586148977279663
6.90625,13712.0,0.7586434483528137
6.92578125,13712.0,0.7586641311645508
6.9453125,13712.0,0.758686363697052
6.96875,13712.0,0.7587094306945801
7.0,13712.0,0.7587419152259827
7.02734375,13712.0,0.7587685585021973
7.0546875,13712.0,0.7587969899177551
7.08203125,13712.0,0.7588275671005249
7.109375,13712.0,0.7588579654693604
7.13671875,13712.0,0.758884072303772
7.1640625,13712.0,0.7589088082313538
7.19140625,13712.0,0.7589453458786011
7.22265625,13712.0,0.7589751482009888
7.24609375,13712.0,0.7589982151985168
7.2734375,13712.0,0.7590296268463135
7.30078125,13712.0,0.7590542435646057
7.32421875,13712.0,0.7590839266777039
7.35546875,13712.0,0.7591172456741333
7.3828125,13712.0,0.7591455578804016
7.40234375,13712.0,0.7591666579246521
7.42578125,13712.0,0.7591942548751831
7.4453125,13712.0,0.7592222690582275
7.47265625,13712.0,0.7592553496360779
7.5,13712.0,0.7592787742614746
7.51953125,13712.0,0.7593062520027161
7.546875,13712.0,0.7593342065811157
7.56640625,13712.0,0.7593563199043274
7.5859375,13712.0,0.7593819499015808
7.609375,13712.0,0.759412944316864
7.63671875,13712.0,0.7594451308250427
7.66015625,13712.0,0.7594718337059021
7.67578125,13712.0,0.7594957947731018
7.69921875,13712.0,0.7595221400260925
7.71875,13712.0,0.7595506310462952
7.73828125,13712.0,0.7595771551132202
7.76171875,13712.0,0.7596087455749512
7.7890625,13712.0,0.7596477270126343
7.81640625,13712.0,0.7596897482872009
7.83984375,13712.0,0.759714663028717
7.85546875,13712.0,0.759738028049469
7.87109375,13712.0,0.7597631216049194
7.88671875,13712.0,0.7597914934158325
7.91015625,13712.0,0.759819507598877
7.921875,13712.0,0.7598433494567871
7.9375,13712.0,0.7598658800125122
7.95703125,13712.0,0.7598997950553894
7.97265625,13712.0,0.7599214911460876
7.984375,13712.0,0.7599433064460754
8.0,13712.0,0.7599724531173706
8.015625,13712.0,0.760004460811615
8.03125,13712.0,0.7600287199020386
8.046875,13712.0,0.7600594758987427
8.0546875,13712.0,0.7600815296173096
8.0703125,13712.0,0.7601174116134644
8.0859375,13712.0,0.7601454854011536
8.1015625,13720.0,0.7601740956306458
8.109375,13720.0,0.7602009177207947
8.125,13720.0,0.7602277994155884
8.1328125,13720.0,0.7602552175521851
8.140625,13720.0,0.7602759003639221
8.1484375,13720.0,0.7603039145469666
8.1640625,13720.0,0.7603309750556946
8.171875,13720.0,0.7603579759597778
8.1796875,13720.0,0.7603973746299744
8.1953125,13720.0,0.7604255676269531
8.203125,13720.0,0.7604508399963379
8.203125,13720.0,0.7604742646217346
8.2109375,13720.0,0.7605065107345581
8.21875,13720.0,0.7605298757553101
8.2265625,13720.0,0.760553777217865
8.234375,13720.0,0.7605854868888855
8.234375,13720.0,0.7606043219566345
8.2421875,13720.0,0.7606277465820312
8.2421875,13720.0,0.7606520056724548
8.25,13720.0,0.7606812119483948
8.25,13720.0,0.7607181668281555
8.2578125,13720.0,0.7607422471046448
8.2578125,13720.0,0.7607715725898743
8.2578125,13720.0,0.7607992887496948
8.265625,13720.0,0.7608237862586975
8.265625,13720.0,0.7608550786972046
8.265625,13720.0,0.7608860731124878
8.265625,13720.0,0.7609196305274963
8.265625,13720.0,0.7609497308731079
8.265625,13720.0,0.7609748840332031
8.265625,13720.0,0.7609991431236267
8.2578125,13720.0,0.7610406875610352
8.2578125,13720.0,0.7610759139060974
8.2578125,13720.0,0.7611037492752075
8.2578125,13720.0,0.7611256837844849
8.25,13720.0,0.7611522674560547
8.25,13720.0,0.7611840963363647
8.2421875,13720.0,0.7612115144729614
8.2421875,13720.0,0.7612378001213074
8.234375,13720.0,0.761268138885498
8.2265625,13720.0,0.7612941861152649
8.2265625,13720.0,0.7613176703453064
8.21875,13720.0,0.761340320110321
8.21875,13720.0,0.7613606452941895
8.2109375,13720.0,0.7613973617553711
8.203125,13720.0,0.7614272236824036
8.1953125,13720.0,0.7614516615867615
8.1875,13720.0,0.7614757418632507
8.1796875,13720.0,0.7615025043487549
8.171875,13720.0,0.7615318298339844
8.1640625,13720.0,0.7615572810173035
8.15625,13720.0,0.7615840435028076
8.1484375,13720.0,0.7616186738014221
8.1328125,13720.0,0.7616451978683472
8.125,13720.0,0.7616726160049438
8.1171875,13720.0,0.7616984844207764
8.1015625,13720.0,0.761729896068573
8.09375,13720.0,0.7617635130882263
8.078125,13720.0,0.7617948055267334
8.0703125,13720.0,0.7618176937103271
8.0625,13720.0,0.7618409991264343
8.046875,13720.0,0.7618655562400818
8.03125,13720.0,0.7619032859802246
8.0234375,13720.0,0.7619300484657288
8.0078125,13720.0,0.7619579434394836
7.99609375,13720.0,0.7619863748550415
7.98046875,13720.0,0.7620205879211426
7.96484375,13720.0,0.7620484828948975
7.94921875,13720.0,0.7620746493339539
7.9375,13720.0,0.7621033787727356
7.921875,13720.0,0.7621266841888428
7.90625,13728.0,0.7621625065803528
7.890625,13728.0,0.7621883749961853
7.875,13728.0,0.7622131109237671
7.859375,13728.0,0.7622411251068115
7.84375,13728.0,0.7622653841972351
7.82421875,13728.0,0.7622964382171631
7.8125,13728.0,0.7623218894004822
7.79296875,13728.0,0.7623506188392639
7.77734375,13728.0,0.762376070022583
7.76171875,13728.0,0.7623998522758484
7.7421875,13728.0,0.7624315023422241
7.72265625,13728.0,0.7624608874320984
7.70703125,13728.0,0.7624884843826294
7.6875,13728.0,0.7625154852867126
7.66796875,13728.0,0.7625470757484436
7.65234375,13728.0,0.7625681757926941
7.63671875,13728.0,0.7625936269760132
7.61328125,13728.0,0.7626263499259949
7.59375,13728.0,0.7626554369926453
7.57421875,13728.0,0.7626813054084778
7.5546875,13728.0,0.7627066373825073
7.53515625,13728.0,0.7627386450767517
7.515625,13728.0,0.7627673149108887
7.49609375,13728.0,0.762789249420166
7.48046875,13728.0,0.7628149390220642
7.45703125,13728.0,0.7628440856933594
7.43359375,13728.0,0.7628778219223022
7.4140625,13728.0,0.7629052400588989
7.39453125,13728.0,0.7629303932189941
7.3671875,13728.0,0.7629682421684265
7.33984375,13728.0,0.7630009055137634
7.3203125,13728.0,0.7630254030227661
7.30078125,13728.0,0.7630529999732971
7.28125,13728.0,0.7630764842033386
7.26171875,13728.0,0.7631093263626099
7.23046875,13728.0,0.7631450891494751
7.2109375,13728.0,0.7631682753562927
7.19140625,13728.0,0.7631934285163879
7.171875,13728.0,0.7632221579551697
7.15234375,13728.0,0.7632451057434082
7.12890625,13728.0,0.7632778286933899
7.09765625,13728.0,0.7633088231086731
7.078125,13728.0,0.7633353471755981
7.05859375,13728.0,0.7633624076843262
7.03515625,13728.0,0.7633904814720154
7.015625,13728.0,0.7634142637252808
6.98828125,13728.0,0.7634477615356445
6.96875,13728.0,0.7634694576263428
6.94921875,13728.0,0.7634937167167664
6.92578125,13728.0,0.763526976108551
6.890625,13728.0,0.7635682821273804
6.86328125,13728.0,0.7635977268218994
6.84375,13728.0,0.7636219263076782
6.8203125,13728.0,0.763647198677063
6.80078125,13728.0,0.7636738419532776
6.77734375,13728.0,0.7636994123458862
6.75390625,13728.0,0.763727068901062
6.73046875,13728.0,0.7637535929679871
6.7109375,13728.0,0.763778805732727
6.6796875,13728.0,0.7638171315193176
6.64453125,13728.0,0.7638542056083679
6.625,13728.0,0.7638795971870422
6.6015625,13728.0,0.7639085650444031
6.5703125,13728.0,0.7639447450637817
6.546875,13728.0,0.7639690041542053
6.51953125,13728.0,0.7639954686164856
6.5,13728.0,0.7640254497528076
6.46484375,13728.0,0.7640586495399475
6.44140625,13736.0,0.7640877962112427
6.41796875,13736.0,0.7641128897666931
6.39453125,13736.0,0.76413893699646
6.37109375,13736.0,0.7641637921333313
6.34375,13736.0,0.7641998529434204
6.31640625,13736.0,0.7642306685447693
6.29296875,13736.0,0.7642554044723511
6.265625,13736.0,0.764282763004303
6.24609375,13736.0,0.7643095254898071
6.21875,13736.0,0.7643373608589172
6.19140625,13736.0,0.76436448097229
6.16796875,13736.0,0.7643923163414001
6.14453125,13736.0,0.7644176483154297
6.1171875,13736.0,0.7644507884979248
6.09375,13736.0,0.7644761204719543
6.06640625,13736.0,0.7645040154457092
6.04296875,13736.0,0.7645310163497925
6.01953125,13736.0,0.7645567655563354
5.99609375,13736.0,0.764582097530365
5.96875,13736.0,0.7646190524101257
5.9375,13736.0,0.7646508812904358
5.9140625,13736.0,0.7646784782409668
5.890625,13736.0,0.764702320098877
5.8671875,13736.0,0.7647276520729065
5.84375,13736.0,0.7647578716278076
5.81640625,13736.0,0.7647875547409058
5.79296875,13736.0,0.7648123502731323
5.765625,13736.0,0.7648424506187439
5.7421875,13736.0,0.7648698091506958
5.71875,13736.0,0.7648984789848328
5.6953125,13736.0,0.7649282813072205
5.6640625,13736.0,0.7649644613265991
5.640625,13736.0,0.7649867534637451
5.62109375,13736.0,0.765009343624115
5.59765625,13736.0,0.7650394439697266
5.57421875,13736.0,0.7650654315948486
5.55078125,13736.0,0.7650917172431946
5.53125,13736.0,0.7651204466819763
5.50390625,13736.0,0.7651479840278625
5.48828125,13736.0,0.7651668190956116
5.46875,13736.0,0.7651934623718262
5.4453125,13736.0,0.7652223706245422
5.42578125,13736.0,0.765247106552124
5.40625,13736.0,0.7652751803398132
5.37890625,13736.0,0.7653048634529114
5.35546875,13736.0,0.7653370499610901
5.33203125,13736.0,0.7653646469116211
5.30859375,13736.0,0.7653924822807312
5.2890625,13736.0,0.7654167413711548
5.26953125,13736.0,0.7654481530189514
5.23828125,13736.0,0.7654876112937927
5.21484375,13736.0,0.7655165791511536
5.1953125,13736.0,0.7655429840087891
5.17578125,13736.0,0.765571653842926
5.15625,13736.0,0.7655969858169556
5.12890625,13736.0,0.7656329274177551
5.109375,13736.0,0.7656599283218384
5.08984375,13736.0,0.7656881213188171
5.0625,13736.0,0.7657238841056824
5.04296875,13736.0,0.7657521367073059
5.02734375,13736.0,0.7657781839370728
5.0078125,13736.0,0.7658051252365112
4.98828125,13736.0,0.7658386826515198
4.96875,13736.0,0.7658631801605225
4.94921875,13736.0,0.7658876180648804
4.9296875,13736.0,0.7659249901771545
4.90625,13736.0,0.765952467918396
4.890625,13736.0,0.7659763693809509
4.87109375,13736.0,0.7660066485404968
4.8515625,13736.0,0.7660361528396606
4.828125,13744.0,0.7660762071609497
4.80859375,13744.0,0.7661013007164001
4.79296875,13744.0,0.7661232948303223
4.77734375,13744.0,0.7661479711532593
4.76171875,13744.0,0.7661755681037903
4.7421875,13744.0,0.7662069797515869
4.72265625,13744.0,0.766241729259491
4.703125,13744.0,0.7662680745124817
4.6875,13744.0,0.7662938833236694
4.671875,13744.0,0.7663203477859497
4.65234375,13744.0,0.7663475871086121
4.63671875,13744.0,0.7663764357566833
4.62109375,13744.0,0.7664057016372681
4.6015625,13744.0,0.7664344906806946
4.5859375,13744.0,0.7664621472358704
4.5703125,13744.0,0.7664893865585327
4.5546875,13744.0,0.766515851020813
4.5390625,13744.0,0.7665428519248962
4.5234375,13744.0,0.7665719985961914
4.5078125,13744.0,0.7665992975234985
4.4921875,13744.0,0.7666257619857788
4.4765625,13744.0,0.7666581869125366
4.4609375,13744.0,0.7666837573051453
4.4453125,13744.0,0.7667178511619568
4.4296875,13744.0,0.7667438387870789
4.41796875,13744.0,0.7667703628540039
4.40234375,13744.0,0.7667957544326782
4.38671875,13744.0,0.7668238878250122
4.375,13744.0,0.7668492197990417
4.36328125,13744.0,0.7668776512145996
4.34765625,13744.0,0.7669050097465515
4.3359375,13744.0,0.7669304013252258
4.32421875,13744.0,0.7669585943222046
4.3125,13744.0,0.7669886350631714
4.296875,13744.0,0.7670150995254517
4.28515625,13744.0,0.767040491104126
4.2734375,13744.0,0.7670680284500122
4.26171875,13744.0,0.7670983076095581
4.24609375,13744.0,0.7671340107917786
4.23046875,13744.0,0.7671635150909424
4.22265625,13744.0,0.7671889662742615
4.2109375,13744.0,0.7672155499458313
4.203125,13744.0,0.7672427892684937
4.19140625,13744.0,0.7672733068466187
4.1796875,13744.0,0.7673011422157288
4.171875,13744.0,0.7673273682594299
4.16015625,13744.0,0.7673543691635132
4.15234375,13744.0,0.7673799991607666
4.140625,13744.0,0.7674100399017334
4.1328125,13744.0,0.7674356698989868
4.125,13744.0,0.767462968826294
4.1171875,13744.0,0.7674891352653503
4.109375,13744.0,0.7675147652626038
4.1015625,13744.0,0.7675428986549377
4.09375,13744.0,0.7675755620002747
4.0859375,13744.0,0.7676027417182922
4.078125,13744.0,0.7676301002502441
4.07421875,13744.0,0.7676569223403931
4.06640625,13744.0,0.7676834464073181
4.0625,13744.0,0.7677106857299805
4.0546875,13744.0,0.7677381038665771
4.05078125,13744.0,0.7677668333053589
4.04296875,13744.0,0.7677959203720093
4.0390625,13744.0,0.7678236365318298
4.03515625,13744.0,0.7678497433662415
4.03125,13744.0,0.7678771615028381
4.03125,13744.0,0.7679023742675781
4.02734375,13744.0,0.7679305076599121
4.0234375,13744.0,0.7679583430290222
4.01953125,13744.0,0.7679850459098816
4.01953125,13744.0,0.7680110335350037
4.015625,13744.0,0.7680404186248779
4.01171875,13744.0,0.7680699825286865
4.01171875,13752.0,0.7680962681770325
4.01171875,13752.0,0.7681233882904053
4.01171875,13752.0,0.7681496143341064
4.01171875,13752.0,0.7681771516799927
4.0078125,13752.0,0.7682039141654968
4.0078125,13752.0,0.7682304382324219
4.01171875,13752.0,0.7682625651359558
4.01171875,13752.0,0.7682938575744629
4.01171875,13752.0,0.7683220505714417
4.015625,13752.0,0.7683598399162292
4.015625,13752.0,0.7683849930763245
4.01953125,13752.0,0.7684094905853271
4.01953125,13752.0,0.7684367895126343
4.0234375,13752.0,0.7684667110443115
4.02734375,13752.0,0.7684946060180664
4.03125,13752.0,0.7685236930847168
4.03515625,13752.0,0.7685550451278687
4.0390625,13752.0,0.768586277961731
4.046875,13752.0,0.7686201930046082
4.05078125,13752.0,0.7686454057693481
4.0546875,13752.0,0.7686731219291687
4.0625,13752.0,0.7686997652053833
4.06640625,13752.0,0.7687273025512695
4.07421875,13752.0,0.768753707408905
4.078125,13752.0,0.768779993057251
4.0859375,13752.0,0.768805980682373
4.09375,13752.0,0.7688363194465637
4.1015625,13752.0,0.7688660621643066
4.109375,13752.0,0.7688984870910645
4.1171875,13752.0,0.7689246535301208
4.125,13752.0,0.768950343132019
4.1328125,13752.0,0.7689787149429321
4.140625,13752.0,0.7690042853355408
4.15234375,13752.0,0.7690311670303345
4.16015625,13752.0,0.7690579295158386
4.16796875,13752.0,0.7690851092338562
4.1796875,13752.0,0.7691119909286499
4.1875,13752.0,0.7691370248794556
4.19921875,13752.0,0.769170343875885
4.2109375,13752.0,0.7691951990127563
4.21875,13752.0,0.7692215442657471
4.23046875,13752.0,0.769249439239502
4.2421875,13752.0,0.7692766189575195
4.25390625,13752.0,0.7693017721176147
4.265625,13752.0,0.7693289518356323
4.27734375,13752.0,0.7693601846694946
4.2890625,13752.0,0.769386887550354
4.30078125,13752.0,0.7694124579429626
4.31640625,13752.0,0.7694411873817444
4.328125,13752.0,0.7694696187973022
4.33984375,13752.0,0.7694961428642273
4.3515625,13752.0,0.7695188522338867
4.3671875,13752.0,0.7695552706718445
4.3828125,13752.0,0.7695782780647278
4.39453125,13752.0,0.7696070075035095
4.41015625,13752.0,0.7696340680122375
4.42578125,13752.0,0.7696592211723328
4.4375,13752.0,0.7696848511695862
4.45703125,13752.0,0.769720196723938
4.46875,13752.0,0.7697449922561646
4.484375,13752.0,0.7697709798812866
4.5,13752.0,0.7698005437850952
4.515625,13752.0,0.7698270082473755
4.53125,13752.0,0.7698549032211304
4.546875,13752.0,0.7698784470558167
4.5625,13752.0,0.7699108123779297
4.58203125,13752.0,0.7699344754219055
4.59375,13752.0,0.7699596285820007
4.609375,13752.0,0.7699839472770691
4.625,13752.0,0.7700108885765076
4.640625,13760.0,0.7700391411781311
4.66015625,13760.0,0.770068347454071
4.6796875,13760.0,0.7701021432876587
4.69921875,13760.0,0.7701321244239807
4.71875,13760.0,0.7701600790023804
4.734375,13760.0,0.7701869010925293
4.75,13760.0,0.7702115178108215
4.76953125,13760.0,0.7702445387840271
4.7890625,13760.0,0.770271360874176
4.8046875,13760.0,0.770294189453125
4.8203125,13760.0,0.7703222036361694
4.83984375,13760.0,0.7703471779823303
4.85546875,13760.0,0.7703723907470703
4.875,13760.0,0.7704036831855774
4.89453125,13760.0,0.770434558391571
4.9140625,13760.0,0.7704616189002991
4.93359375,13760.0,0.7704887986183167
4.953125,13760.0,0.7705177664756775
4.96875,13760.0,0.7705442905426025
4.98828125,13760.0,0.7705694437026978
5.0078125,13760.0,0.7705980539321899
5.02734375,13760.0,0.7706230878829956
5.046875,13760.0,0.7706519365310669
5.0625,13760.0,0.7706784009933472
5.0859375,13760.0,0.7707114219665527
5.109375,13760.0,0.770743191242218
5.1328125,13760.0,0.7707741260528564
5.15234375,13760.0,0.770800769329071
5.171875,13760.0,0.7708278894424438
5.19140625,13760.0,0.7708556652069092
5.2109375,13760.0,0.7708808779716492
5.2265625,13760.0,0.7709054946899414
5.25,13760.0,0.7709347009658813
5.26953125,13760.0,0.7709614634513855
5.2890625,13760.0,0.7709892392158508
5.30859375,13760.0,0.7710158228874207
5.33203125,13760.0,0.7710415720939636
5.3515625,13760.0,0.7710677981376648
5.37109375,13760.0,0.7710995078086853
5.3984375,13760.0,0.7711310386657715
5.41796875,13760.0,0.7711539268493652
5.4375,13760.0,0.7711800336837769
5.4609375,13760.0,0.7712084054946899
5.48046875,13760.0,0.771238386631012
5.50390625,13760.0,0.771268904209137
5.53125,13760.0,0.7713022232055664
5.55859375,13760.0,0.7713345289230347
5.58203125,13760.0,0.7713636755943298
5.6015625,13760.0,0.7713896036148071
5.625,13760.0,0.7714148759841919
5.6484375,13760.0,0.7714430689811707
5.66796875,13760.0,0.7714681625366211
5.6875,13760.0,0.771493136882782
5.71484375,13760.0,0.7715310454368591
5.74609375,13760.0,0.7715673446655273
5.76953125,13760.0,0.7715919613838196
5.7890625,13760.0,0.7716176509857178
5.8125,13760.0,0.7716500163078308
5.8359375,13760.0,0.7716756463050842
5.85546875,13760.0,0.7717009782791138
5.875,13760.0,0.7717242240905762
5.90234375,13760.0,0.7717595100402832
5.9296875,13760.0,0.7717907428741455
5.94921875,13760.0,0.7718168497085571
5.97265625,13760.0,0.7718437910079956
5.99609375,13760.0,0.7718721032142639
6.01953125,13760.0,0.7718980312347412
6.04296875,13760.0,0.7719259262084961
6.0625,13768.0,0.7719486951828003
6.0859375,13768.0,0.771981954574585
6.11328125,13768.0,0.7720105648040771
6.1328125,13768.0,0.7720341086387634
6.15625,13768.0,0.772064745426178
6.1796875,13768.0,0.7720882892608643
6.203125,13768.0,0.7721174955368042
6.23046875,13768.0,0.7721496224403381
6.2578125,13768.0,0.772179365158081
6.28125,13768.0,0.7722108364105225
6.31640625,13768.0,0.7722482085227966
6.3359375,13768.0,0.7722715735435486
6.359375,13768.0,0.7722965478897095
6.3828125,13768.0,0.7723230123519897
6.41015625,13768.0,0.7723577618598938
6.4375,13768.0,0.7723848819732666
6.4609375,13768.0,0.7724127769470215
6.484375,13768.0,0.7724419236183167
6.5078125,13768.0,0.7724665999412537
6.53515625,13768.0,0.7724943161010742
6.55859375,13768.0,0.7725197076797485
6.578125,13768.0,0.7725467085838318
6.6015625,13768.0,0.7725681662559509
6.625,13768.0,0.7725973725318909
6.65625,13768.0,0.7726316452026367
6.68359375,13768.0,0.7726603150367737
6.70703125,13768.0,0.7726852297782898
6.73046875,13768.0,0.7727150321006775
6.76171875,13768.0,0.7727525234222412
6.79296875,13768.0,0.772782027721405
6.8125,13768.0,0.7728037238121033
6.83203125,13768.0,0.7728292346000671
6.85546875,13768.0,0.7728540897369385
6.8828125,13768.0,0.7728866338729858
6.90625,13768.0,0.772910475730896
6.9296875,13768.0,0.7729431986808777
6.9609375,13768.0,0.7729750275611877
6.984375,13768.0,0.7730008363723755
7.0078125,13768.0,0.7730298638343811
7.03515625,13768.0,0.773055374622345
7.0546875,13768.0,0.7730786204338074
7.07421875,13768.0,0.7731049060821533
7.1015625,13768.0,0.77313232421875
7.12109375,13768.0,0.7731555104255676
7.140625,13768.0,0.7731824517250061
7.16796875,13768.0,0.7732140421867371
7.19140625,13768.0,0.7732396721839905
7.2109375,13768.0,0.7732656598091125
7.2421875,13768.0,0.7733039855957031
7.26171875,13768.0,0.7733259797096252
7.28515625,13768.0,0.7733538150787354
7.30078125,13768.0,0.7733736634254456
7.3203125,13768.0,0.7733962535858154
7.33984375,13768.0,0.7734294533729553
7.3671875,13768.0,0.7734573483467102
7.38671875,13768.0,0.7734814286231995
7.40625,13768.0,0.773507833480835
7.43359375,13768.0,0.7735425233840942
7.453125,13768.0,0.7735674977302551
7.46875,13768.0,0.7735921740531921
7.48828125,13768.0,0.7736163139343262
7.5078125,13768.0,0.7736446857452393
7.5234375,13768.0,0.7736650705337524
7.54296875,13768.0,0.7736923098564148
7.5625,13768.0,0.7737217545509338
7.58203125,13768.0,0.7737475037574768
7.6015625,13768.0,0.7737791538238525
7.6171875,13768.0,0.7738003730773926
7.63671875,13768.0,0.7738343477249146
7.66015625,13768.0,0.7738626599311829
7.67578125,13768.0,0.7738858461380005
7.69140625,13768.0,0.7739143371582031
7.70703125,13768.0,0.7739400863647461
7.72265625,13776.0,0.773966908454895
7.73828125,13776.0,0.7739882469177246
7.75390625,13776.0,0.7740175127983093
7.76953125,13776.0,0.7740426659584045
7.7890625,13776.0,0.7740780711174011
7.8046875,13776.0,0.7741022706031799
7.8203125,13776.0,0.7741279006004333
7.83203125,13776.0,0.7741519808769226
7.84765625,13776.0,0.774178683757782
7.8671875,13776.0,0.7742130756378174
7.87890625,13776.0,0.7742375135421753
7.890625,13776.0,0.7742588520050049
7.90234375,13776.0,0.7742843627929688
7.91796875,13776.0,0.7743114829063416
7.9296875,13776.0,0.7743397355079651
7.94140625,13776.0,0.7743642926216125
7.953125,13776.0,0.7743905782699585
7.96875,13776.0,0.774422287940979
7.98046875,13776.0,0.7744478583335876
7.9921875,13776.0,0.7744729518890381
8.0,13776.0,0.7744972705841064
8.015625,13776.0,0.7745327353477478
8.03125,13776.0,0.7745633721351624
8.0390625,13776.0,0.7745864391326904
8.046875,13776.0,0.7746110558509827
8.0546875,13776.0,0.7746342420578003
8.0703125,13776.0,0.7746725082397461
8.078125,13776.0,0.7746998071670532
8.09375,13776.0,0.7747259736061096
8.1015625,13776.0,0.7747512459754944
8.109375,13776.0,0.7747719883918762
8.1171875,13776.0,0.7747999429702759
8.125,13776.0,0.7748328447341919
8.1328125,13776.0,0.7748605012893677
8.140625,13776.0,0.7748876214027405
8.1484375,13776.0,0.7749130129814148
8.15625,13776.0,0.7749387621879578
8.1640625,13776.0,0.7749614119529724
8.171875,13776.0,0.7749925851821899
8.1796875,13776.0,0.7750325798988342
8.1875,13776.0,0.7750710248947144
8.1953125,13776.0,0.7750959396362305
8.1953125,13776.0,0.7751168012619019
8.203125,13776.0,0.775151789188385
8.203125,13776.0,0.7751755118370056
8.2109375,13776.0,0.7752028107643127
8.2109375,13776.0,0.7752339839935303
8.21875,13776.0,0.775256335735321
8.21875,13776.0,0.77528315782547
8.21875,13776.0,0.7753124237060547
8.2265625,13776.0,0.7753498554229736
8.2265625,13776.0,0.7753686904907227
8.2265625,13776.0,0.7753961086273193
8.2265625,13776.0,0.7754189968109131
8.2265625,13776.0,0.7754535675048828
8.2265625,13776.0,0.7754771709442139
8.2265625,13776.0,0.7755019068717957
8.2265625,13776.0,0.7755396366119385
8.2265625,13776.0,0.7755637168884277
8.21875,13776.0,0.775593638420105
8.21875,13776.0,0.7756237983703613
8.21875,13776.0,0.775649905204773
8.2109375,13776.0,0.7756790518760681
8.2109375,13776.0,0.7757012844085693
8.2109375,13776.0,0.7757275700569153
8.203125,13776.0,0.7757564187049866
8.1953125,13776.0,0.7757810354232788
8.1953125,13776.0,0.7758110761642456
8.1875,13776.0,0.7758413553237915
8.1796875,13776.0,0.7758687734603882
8.171875,13776.0,0.7758941650390625
8.1640625,13784.0,0.77592533826828
8.15625,13784.0,0.7759506702423096
8.1484375,13784.0,0.7759785652160645
8.140625,13784.0,0.7760019302368164
8.1328125,13784.0,0.776033878326416
8.125,13784.0,0.776062548160553
8.109375,13784.0,0.7760926485061646
8.1015625,13784.0,0.7761213779449463
8.09375,13784.0,0.7761460542678833
8.078125,13784.0,0.7761762738227844
8.0703125,13784.0,0.7762094140052795
8.0546875,13784.0,0.7762373089790344
8.0390625,13784.0,0.7762678861618042
8.03125,13784.0,0.7762895822525024
8.015625,13784.0,0.7763137221336365
8.0078125,13784.0,0.7763388156890869
7.9921875,13784.0,0.7763637900352478
7.9765625,13784.0,0.7764000296592712
7.95703125,13784.0,0.7764299511909485
7.94140625,13784.0,0.7764574289321899
7.9296875,13784.0,0.7764825820922852
7.9140625,13784.0,0.7765087485313416
7.89453125,13784.0,0.7765409350395203
7.87890625,13784.0,0.7765651345252991
7.86328125,13784.0,0.7765859961509705
7.84765625,13784.0,0.7766165137290955
7.828125,13784.0,0.7766450643539429
7.8125,13784.0,0.7766677141189575
7.796875,13784.0,0.7766932249069214
7.7734375,13784.0,0.7767283916473389
7.75,13784.0,0.7767579555511475
7.73046875,13784.0,0.7767816781997681
7.71484375,13784.0,0.7768090963363647
7.6953125,13784.0,0.7768340110778809
7.67578125,13784.0,0.7768599390983582
7.6484375,13784.0,0.7768930792808533
7.6328125,13784.0,0.7769144773483276
7.61328125,13784.0,0.7769410610198975
7.59375,13784.0,0.7769647836685181
7.57421875,13784.0,0.7769944667816162
7.54296875,13784.0,0.7770306468009949
7.515625,13784.0,0.777059018611908
7.49609375,13784.0,0.7770842909812927
7.47265625,13784.0,0.7771128416061401
7.44921875,13784.0,0.7771410942077637
7.4296875,13784.0,0.7771647572517395
7.40625,13784.0,0.7771914601325989
7.375,13784.0,0.7772274017333984
7.34765625,13784.0,0.7772529125213623
7.33203125,13784.0,0.7772743105888367
7.30859375,13784.0,0.7773000001907349
7.27734375,13784.0,0.7773345708847046
7.25390625,13784.0,0.7773609161376953
7.23046875,13784.0,0.7773856520652771
7.20703125,13784.0,0.7774132490158081
7.1796875,13784.0,0.7774381041526794
7.15625,13784.0,0.7774626612663269
7.13671875,13784.0,0.7774899005889893
7.109375,13784.0,0.7775139808654785
7.08203125,13784.0,0.7775467038154602
7.05859375,13784.0,0.7775696516036987
7.03125,13784.0,0.7775999307632446
7.00390625,13784.0,0.7776274085044861
6.98046875,13784.0,0.7776498198509216
6.95703125,13784.0,0.7776780128479004
6.92578125,13784.0,0.7777083516120911
6.8984375,13784.0,0.7777340412139893
6.875,13784.0,0.7777591943740845
6.8515625,13784.0,0.7777842283248901
6.82421875,13792.0,0.7778117060661316
6.796875,13792.0,0.7778358459472656
6.76953125,13792.0,0.7778663039207458
6.74609375,13792.0,0.7778928875923157
6.71875,13792.0,0.7779176831245422
6.69140625,13792.0,0.7779456377029419
6.66796875,13792.0,0.7779682874679565
6.640625,13792.0,0.7779965400695801
6.61328125,13792.0,0.7780251502990723
6.58984375,13792.0,0.7780483365058899
6.5625,13792.0,0.7780807614326477
6.5234375,13792.0,0.7781146168708801
6.5,13792.0,0.7781369090080261
6.4765625,13792.0,0.778161883354187
6.44921875,13792.0,0.7781902551651001
6.421875,13792.0,0.7782151103019714
6.3984375,13792.0,0.7782418727874756
6.375,13792.0,0.7782657146453857
6.34765625,13792.0,0.7782925367355347
6.32421875,13792.0,0.778317391872406
6.296875,13792.0,0.7783473134040833
6.26953125,13792.0,0.7783711552619934
6.2421875,13792.0,0.778400719165802
6.21875,13792.0,0.7784266471862793
6.19140625,13792.0,0.7784581184387207
6.16015625,13792.0,0.7784846425056458
6.13671875,13792.0,0.778512179851532
6.1171875,13792.0,0.7785316109657288
6.08984375,13792.0,0.7785582542419434
6.0703125,13792.0,0.7785822749137878
6.0390625,13792.0,0.7786163091659546
6.015625,13792.0,0.77864009141922
5.9921875,13792.0,0.7786630392074585
5.96875,13792.0,0.7786909937858582
5.9453125,13792.0,0.778715968132019
5.92578125,13792.0,0.7787392139434814
5.8984375,13792.0,0.7787690758705139
5.87890625,13792.0,0.7787907719612122
5.8515625,13792.0,0.7788195013999939
5.828125,13792.0,0.7788485288619995
5.8046875,13792.0,0.7788742184638977
5.7734375,13792.0,0.7789127230644226
5.73828125,13792.0,0.7789508700370789
5.71484375,13792.0,0.7789777517318726
5.69140625,13792.0,0.7790051698684692
5.671875,13792.0,0.779028594493866
5.6484375,13792.0,0.779056966304779
5.62890625,13792.0,0.7790807485580444
5.60546875,13792.0,0.77910977602005
5.58203125,13792.0,0.7791360020637512
5.5625,13792.0,0.7791633605957031
5.5390625,13792.0,0.7791884541511536
5.51953125,13792.0,0.779213547706604
5.49609375,13792.0,0.7792433500289917
5.46875,13792.0,0.779276430606842
5.453125,13792.0,0.7792941927909851
5.4375,13792.0,0.7793169617652893
5.41796875,13792.0,0.7793423533439636
5.3984375,13792.0,0.7793719172477722
5.375,13792.0,0.779401957988739
5.3515625,13792.0,0.7794305682182312
5.33203125,13792.0,0.7794560790061951
5.3125,13792.0,0.7794801592826843
5.296875,13792.0,0.7795063853263855
5.27734375,13792.0,0.7795312404632568
5.2578125,13792.0,0.7795577049255371
5.23828125,13792.0,0.779583215713501
5.21875,13792.0,0.779609739780426
5.203125,13792.0,0.7796353101730347
5.18359375,13792.0,0.7796624898910522
5.1640625,13792.0,0.7796894311904907
5.1484375,13792.0,0.7797155380249023
5.12890625,13800.0,0.7797428965568542
5.11328125,13800.0,0.7797671556472778
5.09375,13800.0,0.7797927856445312
5.078125,13800.0,0.7798221111297607
5.0546875,13800.0,0.779854416847229
5.03515625,13800.0,0.7798795104026794
5.01953125,13800.0,0.7799147367477417
5.0,13800.0,0.779938280582428
4.984375,13800.0,0.7799626588821411
4.96875,13800.0,0.7799883484840393
4.953125,13800.0,0.7800139784812927
4.9375,13800.0,0.7800408005714417
4.921875,13800.0,0.7800651788711548
4.90625,13800.0,0.780095100402832
4.88671875,13800.0,0.7801221013069153
4.87109375,13800.0,0.7801469564437866
4.859375,13800.0,0.7801721692085266
4.84375,13800.0,0.7802016139030457
4.82421875,13800.0,0.780235230922699
4.8046875,13800.0,0.780264675617218
4.7890625,13800.0,0.7802924513816833
4.7734375,13800.0,0.7803225517272949
4.7578125,13800.0,0.7803493142127991
4.74609375,13800.0,0.7803775072097778
4.7265625,13800.0,0.7804063558578491
4.71484375,13800.0,0.7804301977157593
4.703125,13800.0,0.780455470085144
4.68359375,13800.0,0.7804873585700989
4.671875,13800.0,0.7805149555206299
4.65625,13800.0,0.7805384397506714
4.64453125,13800.0,0.7805629372596741
4.6328125,13800.0,0.7805915474891663
4.6171875,13800.0,0.7806282639503479
4.59765625,13800.0,0.7806556820869446
4.58984375,13800.0,0.7806710004806519
4.58203125,13800.0,0.7806919813156128
4.5703125,13800.0,0.7807175517082214
4.55859375,13800.0,0.7807420492172241
4.546875,13800.0,0.7807670831680298
4.53125,13800.0,0.7808032631874084
4.515625,13800.0,0.7808344960212708
4.50390625,13800.0,0.780856192111969
4.4921875,13800.0,0.7808820009231567
4.48046875,13800.0,0.7809093594551086
4.46875,13800.0,0.7809349298477173
4.45703125,13800.0,0.7809646129608154
4.4453125,13800.0,0.7809929847717285
4.43359375,13800.0,0.7810201644897461
4.421875,13800.0,0.7810488343238831
4.41015625,13800.0,0.7810782790184021
4.3984375,13800.0,0.781107485294342
4.390625,13800.0,0.7811328172683716
4.37890625,13800.0,0.7811591029167175
4.37109375,13800.0,0.7811828255653381
4.359375,13800.0,0.7812147736549377
4.34765625,13800.0,0.7812401056289673
4.33984375,13800.0,0.7812623977661133
4.33203125,13800.0,0.7812890410423279
4.3203125,13800.0,0.7813162207603455
4.3125,13800.0,0.7813453674316406
4.30078125,13800.0,0.7813707590103149
4.29296875,13800.0,0.7814000248908997
4.28515625,13800.0,0.7814263701438904
4.2734375,13800.0,0.7814546823501587
4.265625,13800.0,0.7814810872077942
4.2578125,13800.0,0.781507670879364
4.25,13800.0,0.7815329432487488
4.2421875,13800.0,0.7815614342689514
4.234375,13800.0,0.7815892696380615
4.2265625,13800.0,0.7816150784492493
4.21875,13800.0,0.7816413640975952
4.2109375,13800.0,0.7816669344902039
4.20703125,13800.0,0.7816950678825378
4.19921875,13808.0,0.7817230224609375
4.19140625,13808.0,0.7817485928535461
4.1875,13808.0,0.7817749977111816
4.1796875,13808.0,0.7818015217781067
4.17578125,13808.0,0.7818282246589661
4.16796875,13808.0,0.7818539142608643
4.1640625,13808.0,0.781880259513855
4.16015625,13808.0,0.781906247138977
4.15234375,13808.0,0.781932532787323
4.1484375,13808.0,0.7819619178771973
4.14453125,13808.0,0.7819876670837402
4.140625,13808.0,0.7820144891738892
4.13671875,13808.0,0.7820401787757874
4.1328125,13808.0,0.7820648550987244
4.12890625,13808.0,0.7820918560028076
4.125,13808.0,0.7821172475814819
4.12109375,13808.0,0.7821435928344727
4.12109375,13808.0,0.782173752784729
4.1171875,13808.0,0.7822094559669495
4.11328125,13808.0,0.7822364568710327
4.109375,13808.0,0.7822654843330383
4.109375,13808.0,0.7822937965393066
4.10546875,13808.0,0.7823221683502197
4.10546875,13808.0,0.7823486924171448
4.10546875,13808.0,0.782379150390625
4.10546875,13808.0,0.7824118733406067
4.1015625,13808.0,0.7824411988258362
4.1015625,13808.0,0.7824702262878418
4.1015625,13808.0,0.7824953198432922
4.1015625,13808.0,0.7825221419334412
4.1015625,13808.0,0.7825506329536438
4.10546875,13808.0,0.7825806140899658
4.10546875,13808.0,0.7826053500175476
4.10546875,13808.0,0.7826310992240906
4.10546875,13808.0,0.7826583981513977
4.109375,13808.0,0.7826901078224182
4.109375,13808.0,0.7827216386795044
4.11328125,13808.0,0.7827498912811279
4.11328125,13808.0,0.7827757596969604
4.1171875,13808.0,0.7828027606010437
4.1171875,13808.0,0.7828275561332703
4.12109375,13808.0,0.7828583121299744
4.12109375,13808.0,0.7828823328018188
4.125,13808.0,0.7829086780548096
4.12890625,13808.0,0.782934844493866
4.1328125,13808.0,0.7829609513282776
4.1328125,13808.0,0.7829873561859131
4.13671875,13808.0,0.7830125093460083
4.140625,13808.0,0.7830392718315125
4.14453125,13808.0,0.7830645442008972
4.1484375,13808.0,0.7830905914306641
4.15234375,13808.0,0.7831165194511414
4.15625,13808.0,0.7831435799598694
4.16015625,13808.0,0.7831687331199646
4.1640625,13808.0,0.7831939458847046
4.16796875,13808.0,0.7832193970680237
4.171875,13808.0,0.7832490801811218
4.1796875,13808.0,0.7832753658294678
4.18359375,13808.0,0.7832999229431152
4.19140625,13808.0,0.7833316922187805
4.1953125,13808.0,0.7833608388900757
4.203125,13808.0,0.7833937406539917
4.2109375,13808.0,0.7834212779998779
4.21484375,13808.0,0.7834465503692627
4.22265625,13808.0,0.783474326133728
4.23046875,13808.0,0.7835013270378113
4.234375,13808.0,0.7835273146629333
4.2421875,13808.0,0.7835530042648315
4.25,13808.0,0.7835845947265625
4.26171875,13808.0,0.783613920211792
4.26953125,13816.0,0.78364098072052
4.27734375,13816.0,0.78366619348526
4.28515625,13816.0,0.7836930155754089
4.29296875,13816.0,0.7837177515029907
4.30078125,13816.0,0.7837451100349426
4.3125,13816.0,0.7837710976600647
4.3203125,13816.0,0.7837969660758972
4.328125,13816.0,0.7838214039802551
4.33984375,13816.0,0.7838462591171265
4.3515625,13816.0,0.7838762402534485
4.36328125,13816.0,0.7839105129241943
4.37890625,13816.0,0.7839398384094238
4.38671875,13816.0,0.7839654088020325
4.3984375,13816.0,0.7839944362640381
4.4140625,13816.0,0.7840256690979004
4.42578125,13816.0,0.7840505838394165
4.44140625,13816.0,0.7840769290924072
4.453125,13816.0,0.7841033339500427
4.46484375,13816.0,0.7841286659240723
4.4765625,13816.0,0.7841538190841675
4.4921875,13816.0,0.7841806411743164
4.5078125,13816.0,0.7842076420783997
4.5234375,13816.0,0.7842380404472351
4.5390625,13816.0,0.7842661142349243
4.5546875,13816.0,0.7842953205108643
4.5703125,13816.0,0.7843212485313416
4.5859375,13816.0,0.7843522429466248
4.6015625,13816.0,0.7843763828277588
4.6171875,13816.0,0.7844021320343018
4.6328125,13816.0,0.7844280004501343
4.65234375,13816.0,0.7844570875167847
4.671875,13816.0,0.7844834923744202
4.6875,13816.0,0.7845087051391602
4.703125,13816.0,0.7845370769500732
4.7265625,13816.0,0.784566342830658
4.7421875,13816.0,0.78459233045578
4.765625,13816.0,0.7846248745918274
4.78125,13816.0,0.7846469879150391
4.796875,13816.0,0.7846716642379761
4.81640625,13816.0,0.7846975326538086
4.8359375,13816.0,0.7847253680229187
4.85546875,13816.0,0.7847520709037781
4.875,13816.0,0.784777045249939
4.89453125,13816.0,0.7848036885261536
4.9140625,13816.0,0.7848305702209473
4.93359375,13816.0,0.7848552465438843
4.953125,13816.0,0.784879744052887
4.97265625,13816.0,0.7849072813987732
4.9921875,13816.0,0.7849331498146057
5.015625,13816.0,0.7849574089050293
5.03515625,13816.0,0.7849836945533752
5.0546875,13816.0,0.7850122451782227
5.078125,13816.0,0.7850381731987
5.10546875,13816.0,0.7850709557533264
5.1328125,13816.0,0.7851009368896484
5.15234375,13816.0,0.785125195980072
5.17578125,13816.0,0.7851523756980896
5.19921875,13816.0,0.785181999206543
5.22265625,13816.0,0.7852096557617188
5.24609375,13816.0,0.7852355241775513
5.26953125,13816.0,0.7852609157562256
5.29296875,13816.0,0.7852864265441895
5.3125,13816.0,0.7853118181228638
5.3359375,13816.0,0.7853366732597351
5.359375,13816.0,0.7853630185127258
5.3828125,13816.0,0.785388171672821
5.40625,13816.0,0.7854166030883789
5.43359375,13816.0,0.7854450941085815
5.4609375,13816.0,0.7854747176170349
5.484375,13816.0,0.785498857498169
5.51171875,13824.0,0.7855345606803894
5.5390625,13824.0,0.7855563759803772
5.5625,13824.0,0.7855803370475769
5.5859375,13824.0,0.7856059074401855
5.6171875,13824.0,0.7856390476226807
5.640625,13824.0,0.7856625318527222
5.6640625,13824.0,0.7856899499893188
5.6875,13824.0,0.7857150435447693
5.71484375,13824.0,0.785740852355957
5.73828125,13824.0,0.7857655882835388
5.76171875,13824.0,0.785794198513031
5.796875,13824.0,0.7858295440673828
5.82421875,13824.0,0.7858527898788452
5.84765625,13824.0,0.7858794927597046
5.875,13824.0,0.7859053015708923
5.90234375,13824.0,0.7859355211257935
5.93359375,13824.0,0.7859662771224976
5.9609375,13824.0,0.7859939932823181
5.9921875,13824.0,0.7860291004180908
6.01171875,13824.0,0.7860421538352966
6.03125,13824.0,0.7860651016235352
6.0546875,13824.0,0.7860888838768005
6.078125,13824.0,0.7861169576644897
6.10546875,13824.0,0.786138653755188
6.12890625,13824.0,0.7861687541007996
6.16015625,13824.0,0.7861958146095276
6.18359375,13824.0,0.7862197160720825
6.20703125,13824.0,0.7862455248832703
6.2421875,13824.0,0.7862785458564758
6.26171875,13824.0,0.7863006591796875
6.28515625,13824.0,0.7863269448280334
6.3125,13824.0,0.7863524556159973
6.3359375,13824.0,0.7863755226135254
6.359375,13824.0,0.78639817237854
6.3828125,13824.0,0.786424458026886
6.40625,13824.0,0.7864481806755066
6.43359375,13824.0,0.786483645439148
6.46875,13824.0,0.786513090133667
6.4921875,13824.0,0.7865393757820129
6.515625,13824.0,0.7865620255470276
6.5390625,13824.0,0.7865915298461914
6.5703125,13824.0,0.786618709564209
6.58984375,13824.0,0.7866432070732117
6.6171875,13824.0,0.7866740226745605
6.64453125,13824.0,0.7866993546485901
6.66796875,13824.0,0.7867262959480286
6.69921875,13824.0,0.7867646813392639
6.72265625,13824.0,0.786785900592804
6.74609375,13824.0,0.7868114709854126
6.76953125,13824.0,0.7868364453315735
6.79296875,13824.0,0.7868632674217224
6.8125,13824.0,0.7868868708610535
6.83984375,13824.0,0.7869225144386292
6.86328125,13824.0,0.7869442105293274
6.88671875,13824.0,0.7869721055030823
6.91015625,13824.0,0.7869968414306641
6.9296875,13824.0,0.7870213389396667
6.953125,13824.0,0.78704833984375
6.97265625,13824.0,0.7870723605155945
6.99609375,13824.0,0.7870995998382568
7.0234375,13824.0,0.7871319651603699
7.0390625,13824.0,0.7871512174606323
7.05859375,13824.0,0.7871776223182678
7.08203125,13824.0,0.7872028350830078
7.1015625,13824.0,0.7872305512428284
7.12109375,13824.0,0.787254810333252
7.1484375,13824.0,0.7872867584228516
7.16796875,13824.0,0.7873105406761169
7.1875,13824.0,0.7873378396034241
7.20703125,13824.0,0.787367582321167
7.23046875,13824.0,0.7873901128768921
7.24609375,13824.0,0.7874164581298828
7.26953125,13824.0,0.7874462604522705
7.2890625,13832.0,0.7874718308448792
7.30859375,13832.0,0.7874966859817505
7.32421875,13832.0,0.7875229120254517
7.34375,13832.0,0.7875510454177856
7.3671875,13832.0,0.7875810265541077
7.3828125,13832.0,0.7876049280166626
7.40234375,13832.0,0.7876299619674683
7.41796875,13832.0,0.787661612033844
7.44140625,13832.0,0.7876873016357422
7.45703125,13832.0,0.7877129316329956
7.47265625,13832.0,0.7877367734909058
7.48828125,13832.0,0.7877639532089233
7.5078125,13832.0,0.7877928018569946
7.5234375,13832.0,0.7878199815750122
7.5390625,13832.0,0.7878472805023193
7.5625,13832.0,0.7878811955451965
7.578125,13832.0,0.7879037857055664
7.58984375,13832.0,0.7879284620285034
7.60546875,13832.0,0.7879521250724792
7.62109375,13832.0,0.7879849076271057
7.640625,13832.0,0.7880115509033203
7.65234375,13832.0,0.7880325317382812
7.6640625,13832.0,0.7880554795265198
7.6796875,13832.0,0.7880836129188538
7.6953125,13832.0,0.7881115078926086
7.70703125,13832.0,0.7881385087966919
7.72265625,13832.0,0.788163423538208
7.734375,13832.0,0.7881878614425659
7.74609375,13832.0,0.7882112860679626
7.76171875,13832.0,0.7882419228553772
7.7734375,13832.0,0.7882652878761292
7.78515625,13832.0,0.7882898449897766
7.80078125,13832.0,0.7883157730102539
7.8125,13832.0,0.7883438467979431
7.82421875,13832.0,0.7883688807487488
7.83984375,13832.0,0.7883996367454529
7.84765625,13832.0,0.7884145975112915
7.8515625,13832.0,0.78842693567276
7.859375,13832.0,0.7884477376937866
7.87109375,13832.0,0.7884697914123535
7.8828125,13832.0,0.7884958982467651
7.890625,13832.0,0.788520872592926
7.90234375,13832.0,0.7885470986366272
7.9140625,13832.0,0.7885744571685791
7.921875,13832.0,0.7885969281196594
7.93359375,13832.0,0.7886305451393127
7.9453125,13832.0,0.7886574864387512
7.953125,13832.0,0.7886767387390137
7.9609375,13832.0,0.7886973023414612
7.96875,13832.0,0.7887223362922668
7.9765625,13832.0,0.7887480854988098
7.984375,13832.0,0.7887763381004333
7.99609375,13832.0,0.7888060212135315
8.0,13832.0,0.78883957862854
8.015625,13832.0,0.7888768911361694
8.0234375,13832.0,0.7888967990875244
8.03125,13832.0,0.7889212369918823
8.03125,13832.0,0.7889466285705566
8.0390625,13832.0,0.7889740467071533
8.046875,13832.0,0.789000928401947
8.0546875,13832.0,0.7890279293060303
8.0625,13832.0,0.7890611886978149
8.0703125,13832.0,0.7890864610671997
8.0703125,13832.0,0.7891077399253845
8.078125,13832.0,0.7891330718994141
8.0859375,13832.0,0.7891677618026733
8.0859375,13832.0,0.7891964912414551
8.09375,13832.0,0.7892206907272339
8.09375,13832.0,0.7892443537712097
8.1015625,13832.0,0.7892788648605347
8.109375,13832.0,0.7893018126487732
8.109375,13832.0,0.7893247604370117
8.109375,13832.0,0.7893446087837219
8.109375,13832.0,0.7893677949905396
8.1171875,13832.0,0.7893902063369751
8.1171875,13840.0,0.789412260055542
8.1171875,13840.0,0.7894379496574402
8.125,13840.0,0.7894742488861084
8.125,13840.0,0.789494514465332
8.125,13840.0,0.7895182967185974
8.125,13840.0,0.7895440459251404
8.125,13840.0,0.7895702719688416
8.125,13840.0,0.7895932197570801
8.125,13840.0,0.7896209359169006
8.125,13840.0,0.7896443605422974
8.125,13840.0,0.789669930934906
8.125,13840.0,0.7897007465362549
8.125,13840.0,0.7897249460220337
8.1171875,13840.0,0.7897514700889587
8.1171875,13840.0,0.7897757291793823
8.1171875,13840.0,0.7897985577583313
8.1171875,13840.0,0.7898284196853638
8.109375,13840.0,0.7898558378219604
8.109375,13840.0,0.7898784875869751
8.1015625,13840.0,0.7899014353752136
8.1015625,13840.0,0.789929986000061
8.09375,13840.0,0.7899511456489563
8.09375,13840.0,0.7899786233901978
8.0859375,13840.0,0.7900074124336243
8.078125,13840.0,0.7900314331054688
8.078125,13840.0,0.7900516390800476
8.0703125,13840.0,0.7900859117507935
8.0625,13840.0,0.7901068925857544
8.0625,13840.0,0.7901248335838318
8.0546875,13840.0,0.7901504039764404
8.046875,13840.0,0.7901761531829834
8.0390625,13840.0,0.7901993989944458
8.03125,13840.0,0.7902215123176575
8.0234375,13840.0,0.7902528047561646
8.015625,13840.0,0.7902782559394836
8.0078125,13840.0,0.7902994155883789
8.0,13840.0,0.7903223037719727
7.9921875,13840.0,0.7903468608856201
7.984375,13840.0,0.7903817296028137
7.97265625,13840.0,0.7904053926467896
7.9609375,13840.0,0.790431559085846
7.953125,13840.0,0.7904525399208069
7.9453125,13840.0,0.790475606918335
7.93359375,13840.0,0.7904995083808899
7.921875,13840.0,0.7905265092849731
7.91015625,13840.0,0.7905534505844116
7.8984375,13840.0,0.7905846238136292
7.8828125,13840.0,0.7906162142753601
7.87109375,13840.0,0.7906373143196106
7.859375,13840.0,0.7906623482704163
7.84765625,13840.0,0.7906851768493652
7.83203125,13840.0,0.7907125949859619
7.8203125,13840.0,0.7907339334487915
7.8046875,13840.0,0.7907631397247314
7.7890625,13840.0,0.7907978892326355
7.7734375,13840.0,0.7908264398574829
7.7578125,13840.0,0.7908497452735901
7.74609375,13840.0,0.7908734679222107
7.73046875,13840.0,0.7908973693847656
7.71484375,13840.0,0.7909327745437622
7.6953125,13840.0,0.7909572124481201
7.6796875,13840.0,0.790984570980072
7.66015625,13840.0,0.7910112142562866
7.64453125,13840.0,0.7910377979278564
7.62890625,13840.0,0.791059672832489
7.6171875,13840.0,0.7910837531089783
7.59765625,13840.0,0.7911092042922974
7.58203125,13840.0,0.7911329865455627
7.56640625,13840.0,0.7911580204963684
7.546875,13840.0,0.7911847829818726
7.52734375,13840.0,0.7912194132804871
7.51171875,13840.0,0.7912378311157227
7.49609375,13840.0,0.7912614345550537
7.4765625,13848.0,0.7912847995758057
7.4609375,13848.0,0.791307270526886
7.44140625,13848.0,0.7913333177566528
7.4296875,13848.0,0.7913565039634705
7.40625,13848.0,0.7913841605186462
7.38671875,13848.0,0.7914122343063354
7.3671875,13848.0,0.7914378643035889
7.34375,13848.0,0.79146808385849
7.32421875,13848.0,0.7914937138557434
7.3046875,13848.0,0.7915209531784058
7.28125,13848.0,0.7915548086166382
7.2578125,13848.0,0.7915812134742737
7.23828125,13848.0,0.7916057705879211
7.21875,13848.0,0.7916302680969238
7.19921875,13848.0,0.7916552424430847
7.1796875,13848.0,0.7916772961616516
7.1640625,13848.0,0.7917047739028931
7.13671875,13848.0,0.7917377948760986
7.109375,13848.0,0.7917677164077759
7.08984375,13848.0,0.791789710521698
7.0703125,13848.0,0.7918151617050171
7.05078125,13848.0,0.7918403744697571
7.03125,13848.0,0.791862428188324
7.0078125,13848.0,0.791896402835846
6.98828125,13848.0,0.7919151186943054
6.96875,13848.0,0.791938841342926
6.9453125,13848.0,0.7919638752937317
6.92578125,13848.0,0.7919893264770508
6.90625,13848.0,0.7920148372650146
6.8828125,13848.0,0.7920396327972412
6.86328125,13848.0,0.7920612096786499
6.83984375,13848.0,0.7920882701873779
6.81640625,13848.0,0.7921158671379089
6.7890625,13848.0,0.7921485900878906
6.76171875,13848.0,0.7921761870384216
6.73828125,13848.0,0.7922001481056213
6.71484375,13848.0,0.7922254800796509
6.69921875,13848.0,0.7922478914260864
6.671875,13848.0,0.7922755479812622
6.6484375,13848.0,0.7923025488853455
6.6171875,13848.0,0.7923344969749451
6.59375,13848.0,0.792360246181488
6.57421875,13848.0,0.7923843860626221
6.546875,13848.0,0.7924107313156128
6.5234375,13848.0,0.7924370765686035
6.5,13848.0,0.7924606800079346
6.4765625,13848.0,0.7924858331680298
6.44921875,13848.0,0.7925164699554443
6.421875,13848.0,0.7925436496734619
6.3984375,13848.0,0.7925674915313721
6.37109375,13848.0,0.7925971746444702
6.34765625,13848.0,0.7926201820373535
6.32421875,13848.0,0.7926450967788696
6.296875,13848.0,0.7926765084266663
6.26171875,13848.0,0.7927107214927673
6.234375,13848.0,0.7927330732345581
6.2109375,13848.0,0.7927605509757996
6.18359375,13848.0,0.7927872538566589
6.16015625,13848.0,0.7928129434585571
6.12890625,13848.0,0.7928430438041687
6.1015625,13848.0,0.7928698062896729
6.07421875,13848.0,0.7928966879844666
6.05078125,13848.0,0.7929216027259827
6.0234375,13848.0,0.792949914932251
5.9921875,13848.0,0.7929859161376953
5.95703125,13848.0,0.7930161356925964
5.93359375,13848.0,0.7930394411087036
5.91015625,13848.0,0.7930646538734436
5.8828125,13848.0,0.7930906414985657
5.859375,13848.0,0.7931148409843445
5.8359375,13848.0,0.7931374311447144
5.80859375,13856.0,0.7931714653968811
5.78515625,13856.0,0.7931884527206421
5.76953125,13856.0,0.7932093739509583
5.74609375,13856.0,0.7932313084602356
5.72265625,13856.0,0.7932573556900024
5.69921875,13856.0,0.7932827472686768
5.67578125,13856.0,0.7933068871498108
5.6484375,13856.0,0.7933314442634583
5.625,13856.0,0.7933569550514221
5.6015625,13856.0,0.7933834791183472
5.578125,13856.0,0.7934077978134155
5.5546875,13856.0,0.7934337854385376
5.53125,13856.0,0.7934623956680298
5.5078125,13856.0,0.7934851050376892
5.484375,13856.0,0.7935124635696411
5.4609375,13856.0,0.7935343980789185
5.4375,13856.0,0.7935636043548584
5.41015625,13856.0,0.7935905456542969
5.38671875,13856.0,0.7936148643493652
5.36328125,13856.0,0.7936418056488037
5.34375,13856.0,0.7936646342277527
5.3203125,13856.0,0.7936899662017822
5.29296875,13856.0,0.7937204241752625
5.26953125,13856.0,0.7937483787536621
5.24609375,13856.0,0.7937782406806946
5.21875,13856.0,0.7938083410263062
5.1953125,13856.0,0.7938351035118103
5.171875,13856.0,0.7938651442527771
5.1484375,13856.0,0.7938908934593201
5.125,13856.0,0.793921172618866
5.1015625,13856.0,0.7939477562904358
5.078125,13856.0,0.7939759492874146
5.0546875,13856.0,0.7940065264701843
5.03515625,13856.0,0.7940300703048706
5.01171875,13856.0,0.7940592169761658
4.9921875,13856.0,0.7940826416015625
4.96875,13856.0,0.794120192527771
4.94140625,13856.0,0.7941477298736572
4.92578125,13856.0,0.7941678762435913
4.9140625,13856.0,0.7941822409629822
4.90234375,13856.0,0.7942022681236267
4.8828125,13856.0,0.7942277193069458
4.86328125,13856.0,0.7942515015602112
4.84375,13856.0,0.7942790389060974
4.828125,13856.0,0.7943088412284851
4.8046875,13856.0,0.7943383455276489
4.78515625,13856.0,0.7943657040596008
4.76953125,13856.0,0.7943899035453796
4.75,13856.0,0.7944218516349792
4.7265625,13856.0,0.7944490909576416
4.7109375,13856.0,0.7944775223731995
4.6875,13856.0,0.7945091128349304
4.671875,13856.0,0.7945359945297241
4.65625,13856.0,0.7945650815963745
4.63671875,13856.0,0.7945914268493652
4.62109375,13856.0,0.7946189045906067
4.60546875,13856.0,0.7946467399597168
4.58984375,13856.0,0.7946702241897583
4.5703125,13856.0,0.7947012782096863
4.5546875,13856.0,0.7947280406951904
4.5390625,13856.0,0.794757068157196
4.52734375,13856.0,0.7947813868522644
4.51171875,13856.0,0.794806182384491
4.5,13856.0,0.7948316931724548
4.484375,13856.0,0.7948608994483948
4.46875,13856.0,0.7948912978172302
4.45703125,13856.0,0.7949157357215881
4.44140625,13856.0,0.794941246509552
4.42578125,13856.0,0.794974684715271
4.4140625,13856.0,0.7950035333633423
4.40234375,13856.0,0.7950294017791748
4.390625,13856.0,0.7950541377067566
4.37890625,13864.0,0.7950810194015503
4.3671875,13864.0,0.7951107621192932
4.35546875,13864.0,0.7951382994651794
4.34375,13864.0,0.7951661944389343
4.3359375,13864.0,0.7951910495758057
4.32421875,13864.0,0.7952150702476501
4.31640625,13864.0,0.7952402234077454
4.30859375,13864.0,0.7952696681022644
4.296875,13864.0,0.7952942252159119
4.2890625,13864.0,0.7953209280967712
4.28125,13864.0,0.7953442931175232
4.2734375,13864.0,0.7953709363937378
4.265625,13864.0,0.7953963875770569
4.2578125,13864.0,0.7954204678535461
4.25390625,13864.0,0.7954501509666443
4.24609375,13864.0,0.7954806685447693
4.23828125,13864.0,0.7955058217048645
4.23046875,13864.0,0.7955325841903687
4.2265625,13864.0,0.7955579161643982
4.21875,13864.0,0.7955834269523621
4.21484375,13864.0,0.7956100106239319
4.20703125,13864.0,0.7956340909004211
4.203125,13864.0,0.795660674571991
4.19921875,13864.0,0.7956886291503906
4.1953125,13864.0,0.7957161664962769
4.1875,13864.0,0.7957438826560974
4.18359375,13864.0,0.7957711815834045
4.1796875,13864.0,0.7957983016967773
4.17578125,13864.0,0.7958247065544128
4.17578125,13864.0,0.7958542704582214
4.171875,13864.0,0.7958792448043823
4.16796875,13864.0,0.7959066033363342
4.1640625,13864.0,0.7959307432174683
4.1640625,13864.0,0.7959579825401306
4.16015625,13864.0,0.7959840893745422
4.15625,13864.0,0.796019971370697
4.15625,13864.0,0.7960466146469116
4.15234375,13864.0,0.7960713505744934
4.15234375,13864.0,0.7960971593856812
4.15234375,13864.0,0.7961225509643555
4.1484375,13864.0,0.7961479425430298
4.1484375,13864.0,0.7961737513542175
4.1484375,13864.0,0.7961987853050232
4.14453125,13864.0,0.796223521232605
4.14453125,13864.0,0.7962507605552673
4.14453125,13864.0,0.7962775826454163
4.14453125,13864.0,0.7963083386421204
4.14453125,13864.0,0.7963342070579529
4.14453125,13864.0,0.7963586449623108
4.14453125,13864.0,0.7963839173316956
4.14453125,13864.0,0.7964091897010803
4.14453125,13864.0,0.7964341044425964
4.14453125,13864.0,0.7964620590209961
4.14453125,13864.0,0.7964863181114197
4.1484375,13864.0,0.7965118288993835
4.1484375,13864.0,0.7965362071990967
4.1484375,13864.0,0.7965611815452576
4.1484375,13864.0,0.7965871691703796
4.15234375,13864.0,0.7966150045394897
4.15234375,13864.0,0.7966424822807312
4.15625,13864.0,0.7966788411140442
4.15625,13864.0,0.7967051863670349
4.16015625,13864.0,0.7967225313186646
4.16015625,13864.0,0.7967463135719299
4.1640625,13864.0,0.7967727184295654
4.1640625,13864.0,0.7967966198921204
4.16796875,13864.0,0.7968258261680603
4.171875,13864.0,0.7968522906303406
4.171875,13864.0,0.7968783378601074
4.17578125,13864.0,0.796908438205719
4.1796875,13864.0,0.7969338893890381
4.18359375,13864.0,0.7969611287117004
4.1875,13872.0,0.7969872355461121
4.19140625,13872.0,0.7970200777053833
4.1953125,13872.0,0.7970482707023621
4.1953125,13872.0,0.7970719337463379
4.19921875,13872.0,0.7970972657203674
4.203125,13872.0,0.7971271872520447
4.20703125,13872.0,0.7971550822257996
4.21484375,13872.0,0.7971820831298828
4.21875,13872.0,0.7972162365913391
4.22265625,13872.0,0.7972339987754822
4.2265625,13872.0,0.7972586154937744
4.23046875,13872.0,0.7972845435142517
4.234375,13872.0,0.7973136305809021
4.2421875,13872.0,0.7973436117172241
4.24609375,13872.0,0.7973583936691284
4.24609375,13872.0,0.7973729372024536
4.25,13872.0,0.7973959445953369
4.2578125,13872.0,0.7974200248718262
4.26171875,13872.0,0.797447681427002
4.26953125,13872.0,0.7974753975868225
4.2734375,13872.0,0.7975022792816162
4.28125,13872.0,0.7975333333015442
4.28515625,13872.0,0.797560453414917
4.29296875,13872.0,0.797588586807251
4.30078125,13872.0,0.7976126074790955
4.3046875,13872.0,0.7976400256156921
4.3125,13872.0,0.797664225101471
4.3203125,13872.0,0.7976945638656616
4.328125,13872.0,0.7977219820022583
4.3359375,13872.0,0.7977504134178162
4.34375,13872.0,0.7977794408798218
4.3515625,13872.0,0.7978061437606812
4.359375,13872.0,0.7978308200836182
4.3671875,13872.0,0.7978581190109253
4.375,13872.0,0.7978821992874146
4.3828125,13872.0,0.7979083061218262
4.390625,13872.0,0.7979323863983154
4.3984375,13872.0,0.7979595065116882
4.41015625,13872.0,0.7979884743690491
4.41796875,13872.0,0.7980142831802368
4.42578125,13872.0,0.7980397343635559
4.4375,13872.0,0.7980661392211914
4.4453125,13872.0,0.7980900406837463
4.45703125,13872.0,0.798115611076355
4.46484375,13872.0,0.7981409430503845
4.4765625,13872.0,0.7981660962104797
4.484375,13872.0,0.7981936931610107
4.49609375,13872.0,0.7982183694839478
4.5078125,13872.0,0.7982461452484131
4.51953125,13872.0,0.7982722520828247
4.53125,13872.0,0.798297107219696
4.54296875,13872.0,0.7983227968215942
4.5546875,13872.0,0.7983476519584656
4.56640625,13872.0,0.798373281955719
4.578125,13872.0,0.7983977794647217
4.58984375,13872.0,0.7984251379966736
4.60546875,13872.0,0.7984506487846375
4.6171875,13872.0,0.7984769940376282
4.62890625,13872.0,0.7985018491744995
4.640625,13872.0,0.7985267639160156
4.65625,13872.0,0.798556923866272
4.671875,13872.0,0.7985860705375671
4.6875,13872.0,0.7986103892326355
4.69921875,13872.0,0.7986405491828918
4.71875,13872.0,0.7986719012260437
4.734375,13872.0,0.7986975908279419
4.75,13872.0,0.7987218499183655
4.765625,13872.0,0.798750102519989
4.78125,13872.0,0.7987751364707947
4.796875,13872.0,0.7988064289093018
4.8203125,13880.0,0.7988479137420654
4.83984375,13880.0,0.7988733053207397
4.85546875,13880.0,0.7988982796669006
4.87109375,13880.0,0.798922598361969
4.88671875,13880.0,0.7989478707313538
4.90234375,13880.0,0.7989735007286072
4.91796875,13880.0,0.7989972233772278
4.93359375,13880.0,0.7990216612815857
4.94921875,13880.0,0.7990458011627197
4.96875,13880.0,0.7990738153457642
4.98828125,13880.0,0.7991020679473877
5.0078125,13880.0,0.799130380153656
5.02734375,13880.0,0.7991566061973572
5.04296875,13880.0,0.7991797924041748
5.05859375,13880.0,0.7992063760757446
5.078125,13880.0,0.7992291450500488
5.09765625,13880.0,0.7992575764656067
5.1171875,13880.0,0.7992830872535706
5.13671875,13880.0,0.7993080615997314
5.15234375,13880.0,0.7993336319923401
5.171875,13880.0,0.7993572354316711
5.19140625,13880.0,0.7993826270103455
5.2109375,13880.0,0.7994080185890198
5.23046875,13880.0,0.7994319200515747
5.25,13880.0,0.7994597554206848
5.27734375,13880.0,0.7994924783706665
5.296875,13880.0,0.7995191812515259
5.31640625,13880.0,0.7995476126670837
5.3359375,13880.0,0.7995714545249939
5.359375,13880.0,0.7995960712432861
5.37890625,13880.0,0.7996203303337097
5.3984375,13880.0,0.7996466159820557
5.421875,13880.0,0.7996736168861389
5.44921875,13880.0,0.7997078895568848
5.46875,13880.0,0.7997319102287292
5.48828125,13880.0,0.7997552752494812
5.5078125,13880.0,0.7997791767120361
5.52734375,13880.0,0.7998011112213135
5.546875,13880.0,0.7998257279396057
5.56640625,13880.0,0.7998490929603577
5.58984375,13880.0,0.7998790144920349
5.6171875,13880.0,0.7999116778373718
5.64453125,13880.0,0.7999426126480103
5.6640625,13880.0,0.7999635338783264
5.6875,13880.0,0.7999918460845947
5.71875,13880.0,0.8000287413597107
5.7421875,13880.0,0.8000521063804626
5.765625,13880.0,0.8000776767730713
5.78515625,13880.0,0.800102949142456
5.80859375,13880.0,0.8001272082328796
5.83203125,13880.0,0.8001532554626465
5.8515625,13880.0,0.800179123878479
5.87890625,13880.0,0.8002066612243652
5.90234375,13880.0,0.8002315163612366
5.921875,13880.0,0.800256073474884
5.9453125,13880.0,0.8002817034721375
5.96875,13880.0,0.8003062605857849
5.9921875,13880.0,0.8003302216529846
6.01171875,13880.0,0.800356388092041
6.0390625,13880.0,0.8003849387168884
6.0625,13880.0,0.8004109263420105
6.0859375,13880.0,0.8004341125488281
6.109375,13880.0,0.8004598617553711
6.1328125,13880.0,0.8004846572875977
6.15625,13880.0,0.8005110025405884
6.18359375,13880.0,0.8005408644676208
6.20703125,13880.0,0.8005625605583191
6.2265625,13880.0,0.8005853891372681
6.25,13880.0,0.800613284111023
6.27734375,13880.0,0.8006376624107361
6.30078125,13880.0,0.8006648421287537
6.32421875,13880.0,0.8006887435913086
6.34765625,13888.0,0.8007148504257202
6.37109375,13888.0,0.8007367849349976
6.39453125,13888.0,0.8007661700248718
6.421875,13888.0,0.8007891178131104
6.44140625,13888.0,0.8008127212524414
6.46875,13888.0,0.8008365631103516
6.4921875,13888.0,0.8008623719215393
6.51171875,13888.0,0.8008846640586853
6.53515625,13888.0,0.8009109497070312
6.56640625,13888.0,0.8009390830993652
6.59375,13888.0,0.8009690642356873
6.625,13888.0,0.8009988069534302
6.6484375,13888.0,0.8010224103927612
6.671875,13888.0,0.8010464906692505
6.6953125,13888.0,0.8010707497596741
6.71875,13888.0,0.8010957837104797
6.7421875,13888.0,0.8011225461959839
6.765625,13888.0,0.8011445999145508
6.79296875,13888.0,0.8011759519577026
6.83203125,13888.0,0.8012104630470276
6.85546875,13888.0,0.8012347221374512
6.875,13888.0,0.8012585639953613
6.8984375,13888.0,0.801281750202179
6.92578125,13888.0,0.8013080954551697
6.94921875,13888.0,0.8013327717781067
6.97265625,13888.0,0.8013567924499512
6.99609375,13888.0,0.8013826012611389
7.01953125,13888.0,0.80140620470047
7.04296875,13888.0,0.8014334440231323
7.07421875,13888.0,0.8014633059501648
7.09765625,13888.0,0.8014877438545227
7.12109375,13888.0,0.8015134930610657
7.140625,13888.0,0.8015366792678833
7.1640625,13888.0,0.8015639185905457
7.19921875,13888.0,0.8015982508659363
7.22265625,13888.0,0.8016216158866882
7.2421875,13888.0,0.8016464114189148
7.265625,13888.0,0.8016716837882996
7.2890625,13888.0,0.8016977906227112
7.30859375,13888.0,0.8017223477363586
7.33203125,13888.0,0.801750659942627
7.3515625,13888.0,0.8017722964286804
7.3828125,13888.0,0.8018063902854919
7.40234375,13888.0,0.8018288612365723
7.421875,13888.0,0.8018503785133362
7.4375,13888.0,0.8018738627433777
7.4609375,13888.0,0.8018999695777893
7.484375,13888.0,0.8019278645515442
7.50390625,13888.0,0.8019533753395081
7.5234375,13888.0,0.8019774556159973
7.54296875,13888.0,0.802000880241394
7.56640625,13888.0,0.8020355701446533
7.58984375,13888.0,0.8020594716072083
7.60546875,13888.0,0.8020843863487244
7.625,13888.0,0.802107572555542
7.64453125,13888.0,0.802139937877655
7.6640625,13888.0,0.80215984582901
7.6796875,13888.0,0.802182674407959
7.6953125,13888.0,0.8022060990333557
7.71484375,13888.0,0.8022315502166748
7.734375,13888.0,0.8022655844688416
7.75,13888.0,0.8022860884666443
7.765625,13888.0,0.8023084402084351
7.78125,13888.0,0.8023326992988586
7.796875,13888.0,0.8023571372032166
7.8125,13888.0,0.8023810982704163
7.828125,13888.0,0.8024058938026428
7.84375,13888.0,0.802438497543335
7.8671875,13888.0,0.8024715781211853
7.87890625,13888.0,0.8024917840957642
7.890625,13888.0,0.8025152087211609
7.90625,13888.0,0.8025422096252441
7.921875,13888.0,0.8025694489479065
7.93359375,13888.0,0.8025933504104614
7.9453125,13896.0,0.8026176691055298
7.9609375,13896.0,0.802644670009613
7.9765625,13896.0,0.8026719689369202
7.984375,13896.0,0.8026938438415527
7.99609375,13896.0,0.8027190566062927
8.0078125,13896.0,0.8027513027191162
8.0234375,13896.0,0.8027740120887756
8.03125,13896.0,0.8027969002723694
8.0390625,13896.0,0.8028198480606079
8.046875,13896.0,0.8028443455696106
8.0625,13896.0,0.8028695583343506
8.0703125,13896.0,0.8028923869132996
8.078125,13896.0,0.8029175400733948
8.0859375,13896.0,0.8029401898384094
8.09375,13896.0,0.8029709458351135
8.109375,13896.0,0.8030007481575012
8.1171875,13896.0,0.803026020526886
8.125,13896.0,0.8030545115470886
8.1328125,13896.0,0.8030799627304077
8.1328125,13896.0,0.8031036853790283
8.140625,13896.0,0.8031260967254639
8.1484375,13896.0,0.8031589984893799
8.15625,13896.0,0.8031822443008423
8.15625,13896.0,0.8032074570655823
8.1640625,13896.0,0.8032299876213074
8.171875,13896.0,0.803256630897522
8.171875,13896.0,0.8032793998718262
8.1796875,13896.0,0.8033031225204468
8.1796875,13896.0,0.8033270239830017
8.1875,13896.0,0.8033519983291626
8.1875,13896.0,0.8033871054649353
8.1875,13896.0,0.8034117817878723
8.1953125,13896.0,0.8034327626228333
8.1953125,13896.0,0.803460955619812
8.1953125,13896.0,0.8034841418266296
8.1953125,13896.0,0.8035141229629517
8.1953125,13896.0,0.8035362958908081
8.1953125,13896.0,0.8035624623298645
8.1953125,13896.0,0.8035838603973389
8.1953125,13896.0,0.8036061525344849
8.1953125,13896.0,0.8036406636238098
8.1953125,13896.0,0.8036603927612305
8.1953125,13896.0,0.8036854863166809
8.1875,13896.0,0.803712785243988
8.1875,13896.0,0.8037350177764893
8.1875,13896.0,0.8037555813789368
8.1796875,13896.0,0.8037821650505066
8.1796875,13896.0,0.8038104772567749
8.171875,13896.0,0.8038342595100403
8.171875,13896.0,0.803860068321228
8.1640625,13896.0,0.8038821816444397
8.1640625,13896.0,0.8039101362228394
8.15625,13896.0,0.8039318919181824
8.1484375,13896.0,0.8039606213569641
8.1484375,13896.0,0.803986132144928
8.140625,13896.0,0.8040087223052979
8.1328125,13896.0,0.8040372729301453
8.125,13896.0,0.8040682673454285
8.1171875,13896.0,0.804092526435852
8.109375,13896.0,0.8041146993637085
8.1015625,13896.0,0.8041394352912903
8.09375,13896.0,0.8041695356369019
8.0859375,13896.0,0.8041908740997314
8.078125,13896.0,0.8042126893997192
8.0703125,13896.0,0.8042342066764832
8.0625,13896.0,0.8042574524879456
8.0546875,13896.0,0.8042842149734497
8.0390625,13896.0,0.8043162226676941
8.03125,13896.0,0.8043480515480042
8.015625,13896.0,0.804368793964386
8.0078125,13896.0,0.80439293384552
8.0,13896.0,0.8044165968894958
7.98828125,13896.0,0.804442822933197
7.9765625,13896.0,0.8044664263725281
7.96875,13896.0,0.804489016532898
7.953125,13904.0,0.8045269250869751
7.94140625,13904.0,0.8045510649681091
7.9296875,13904.0,0.8045695424079895
7.921875,13904.0,0.8045873641967773
7.91015625,13904.0,0.8046109676361084
7.8984375,13904.0,0.8046371936798096
7.88671875,13904.0,0.8046628832817078
7.87109375,13904.0,0.8046872019767761
7.85546875,13904.0,0.8047149181365967
7.84375,13904.0,0.8047410845756531
7.828125,13904.0,0.804768979549408
7.81640625,13904.0,0.8047928810119629
7.80078125,13904.0,0.8048197627067566
7.7890625,13904.0,0.8048429489135742
7.7734375,13904.0,0.8048691749572754
7.75390625,13904.0,0.8049049973487854
7.73828125,13904.0,0.8049303889274597
7.7265625,13904.0,0.8049562573432922
7.7109375,13904.0,0.8049800395965576
7.6953125,13904.0,0.8050071001052856
7.6796875,13904.0,0.80502849817276
7.66796875,13904.0,0.8050535321235657
7.65234375,13904.0,0.8050761222839355
7.63671875,13904.0,0.8051033616065979
7.62109375,13904.0,0.8051307797431946
7.60546875,13904.0,0.8051518201828003
7.58984375,13904.0,0.8051849007606506
7.5703125,13904.0,0.8052117824554443
7.5546875,13904.0,0.8052343130111694
7.5390625,13904.0,0.8052623271942139
7.51953125,13904.0,0.805286169052124
7.50390625,13904.0,0.8053118586540222
7.48828125,13904.0,0.8053333163261414
7.47265625,13904.0,0.8053616881370544
7.453125,13904.0,0.8053877353668213
7.4375,13904.0,0.8054133057594299
7.421875,13904.0,0.8054372668266296
7.40234375,13904.0,0.8054613471031189
7.38671875,13904.0,0.8054853081703186
7.37109375,13904.0,0.8055089116096497
7.3515625,13904.0,0.8055341243743896
7.3359375,13904.0,0.805557370185852
7.3203125,13904.0,0.8055822849273682
7.30078125,13904.0,0.8056065440177917
7.28515625,13904.0,0.8056311011314392
7.265625,13904.0,0.8056545853614807
7.25,13904.0,0.8056820631027222
7.2265625,13904.0,0.8057085275650024
7.2109375,13904.0,0.8057333827018738
7.19140625,13904.0,0.8057577610015869
7.171875,13904.0,0.8057819604873657
7.15625,13904.0,0.8058074712753296
7.13671875,13904.0,0.8058311343193054
7.1171875,13904.0,0.8058556318283081
7.1015625,13904.0,0.8058777451515198
7.078125,13904.0,0.8059108257293701
7.0625,13904.0,0.8059237003326416
7.05078125,13904.0,0.8059431314468384
7.03125,13904.0,0.8059682250022888
7.015625,13904.0,0.8059889078140259
6.9921875,13904.0,0.8060154318809509
6.97265625,13904.0,0.8060407042503357
6.95703125,13904.0,0.8060632944107056
6.93359375,13904.0,0.8060919046401978
6.9140625,13904.0,0.8061206340789795
6.890625,13904.0,0.8061467409133911
6.87109375,13904.0,0.8061700463294983
6.84765625,13904.0,0.8061972856521606
6.828125,13904.0,0.806219756603241
6.8125,13904.0,0.8062430620193481
6.78515625,13904.0,0.8062726259231567
6.76953125,13904.0,0.8062934279441833
6.75,13912.0,0.806316077709198
6.73046875,13912.0,0.8063446283340454
6.70703125,13912.0,0.8063697218894958
6.6875,13912.0,0.8063936829566956
6.66796875,13912.0,0.8064180612564087
6.64453125,13912.0,0.8064412474632263
6.625,13912.0,0.8064696192741394
6.59765625,13912.0,0.8064972162246704
6.578125,13912.0,0.8065226674079895
6.55859375,13912.0,0.8065487146377563
6.53125,13912.0,0.8065769076347351
6.51171875,13912.0,0.8066009283065796
6.4921875,13912.0,0.8066239356994629
6.46875,13912.0,0.8066480159759521
6.44921875,13912.0,0.8066743612289429
6.41796875,13912.0,0.8067063689231873
6.40234375,13912.0,0.8067290782928467
6.37890625,13912.0,0.8067530989646912
6.359375,13912.0,0.8067768216133118
6.3359375,13912.0,0.8068000078201294
6.31640625,13912.0,0.8068289756774902
6.28515625,13912.0,0.8068594336509705
6.265625,13912.0,0.8068824410438538
6.24609375,13912.0,0.8069049119949341
6.22265625,13912.0,0.8069397807121277
6.19921875,13912.0,0.8069592714309692
6.1796875,13912.0,0.8069831132888794
6.15625,13912.0,0.8070082664489746
6.1328125,13912.0,0.8070348501205444
6.109375,13912.0,0.8070613145828247
6.08984375,13912.0,0.8070847988128662
6.06640625,13912.0,0.8071078062057495
6.04296875,13912.0,0.8071423172950745
6.015625,13912.0,0.8071652054786682
5.99609375,13912.0,0.8071879148483276
5.9765625,13912.0,0.8072119355201721
5.953125,13912.0,0.8072376847267151
5.93359375,13912.0,0.8072600364685059
5.9140625,13912.0,0.8072836399078369
5.890625,13912.0,0.8073109984397888
5.8671875,13912.0,0.8073366284370422
5.84375,13912.0,0.8073645234107971
5.8203125,13912.0,0.8073883056640625
5.80078125,13912.0,0.8074122071266174
5.7734375,13912.0,0.8074451684951782
5.75390625,13912.0,0.8074687719345093
5.73046875,13912.0,0.8074926733970642
5.7109375,13912.0,0.8075170516967773
5.6875,13912.0,0.8075417876243591
5.66796875,13912.0,0.8075658679008484
5.6484375,13912.0,0.8075893521308899
5.62890625,13912.0,0.807612419128418
5.60546875,13912.0,0.8076398372650146
5.5859375,13912.0,0.8076664805412292
5.55859375,13912.0,0.8076989650726318
5.53515625,13912.0,0.8077267408370972
5.51171875,13912.0,0.8077535033226013
5.4921875,13912.0,0.8077763915061951
5.47265625,13912.0,0.8078014254570007
5.453125,13912.0,0.8078244924545288
5.4296875,13912.0,0.8078508973121643
5.41015625,13912.0,0.8078749775886536
5.390625,13912.0,0.8079014420509338
5.37109375,13912.0,0.8079267144203186
5.34765625,13912.0,0.8079544305801392
5.32421875,13912.0,0.8079859018325806
5.30078125,13912.0,0.808010995388031
5.28125,13912.0,0.8080362677574158
5.26171875,13912.0,0.8080617785453796
5.23828125,13912.0,0.8080942630767822
5.21875,13912.0,0.8081226944923401
5.1953125,13912.0,0.8081485629081726
5.1796875,13920.0,0.8081737756729126
5.16015625,13920.0,0.8081970810890198
5.140625,13920.0,0.808220386505127
5.12109375,13920.0,0.8082453608512878
5.1015625,13920.0,0.8082740306854248
5.0859375,13920.0,0.8082977533340454
5.06640625,13920.0,0.808320939540863
5.05078125,13920.0,0.8083494901657104
5.02734375,13920.0,0.8083738088607788
5.015625,13920.0,0.8083909153938293
5.0,13920.0,0.8084141612052917
4.984375,13920.0,0.8084391951560974
4.96484375,13920.0,0.8084632754325867
4.94921875,13920.0,0.8084885478019714
4.9296875,13920.0,0.8085143566131592
4.9140625,13920.0,0.8085407018661499
4.89453125,13920.0,0.8085658550262451
4.875,13920.0,0.8085955381393433
4.85546875,13920.0,0.8086256980895996
4.83984375,13920.0,0.8086515069007874
4.8203125,13920.0,0.8086773753166199
4.8046875,13920.0,0.8087018728256226
4.78515625,13920.0,0.8087303638458252
4.76953125,13920.0,0.8087545037269592
4.75,13920.0,0.8087880611419678
4.73828125,13920.0,0.8088070154190063
4.72265625,13920.0,0.8088294863700867
4.70703125,13920.0,0.8088542222976685
4.69140625,13920.0,0.808880090713501
4.67578125,13920.0,0.8089040517807007
4.6640625,13920.0,0.8089281916618347
4.6484375,13920.0,0.8089537620544434
4.6328125,13920.0,0.8089770674705505
4.6171875,13920.0,0.8090059161186218
4.6015625,13920.0,0.8090364336967468
4.578125,13920.0,0.8090732097625732
4.5625,13920.0,0.809096097946167
4.55078125,13920.0,0.8091175556182861
4.5390625,13920.0,0.809140682220459
4.52734375,13920.0,0.8091645240783691
4.51171875,13920.0,0.8091892004013062
4.5,13920.0,0.8092125654220581
4.484375,13920.0,0.8092430233955383
4.46875,13920.0,0.8092709183692932
4.45703125,13920.0,0.8092924356460571
4.4453125,13920.0,0.8093168139457703
4.43359375,13920.0,0.809340238571167
4.41796875,13920.0,0.8093746900558472
4.40234375,13920.0,0.8093987107276917
4.390625,13920.0,0.8094242811203003
4.37890625,13920.0,0.809452474117279
4.3671875,13920.0,0.8094781637191772
4.35546875,13920.0,0.8095018863677979
4.34375,13920.0,0.8095257878303528
4.33203125,13920.0,0.8095517158508301
4.3203125,13920.0,0.8095759749412537
4.3125,13920.0,0.8095998167991638
4.30078125,13920.0,0.8096246123313904
4.2890625,13920.0,0.8096489906311035
4.27734375,13920.0,0.8096750378608704
4.26953125,13920.0,0.8097018003463745
4.25390625,13920.0,0.8097363710403442
4.2421875,13920.0,0.8097632527351379
4.234375,13920.0,0.8097858428955078
4.2265625,13920.0,0.8098131418228149
4.21484375,13920.0,0.8098392486572266
4.20703125,13920.0,0.8098642826080322
4.19921875,13920.0,0.8098891377449036
4.1875,13920.0,0.8099179267883301
4.1796875,13920.0,0.8099449872970581
4.171875,13920.0,0.8099713325500488
4.1640625,13920.0,0.8099954724311829
4.15625,13920.0,0.8100239634513855
4.1484375,13920.0,0.8100510835647583
4.13671875,13928.0,0.8100802302360535
4.1328125,13928.0,0.8101077675819397
4.125,13928.0,0.8101351261138916
4.1171875,13928.0,0.8101627826690674
4.11328125,13928.0,0.8101862072944641
4.10546875,13928.0,0.8102145791053772
4.1015625,13928.0,0.8102397918701172
4.09375,13928.0,0.8102657794952393
4.08984375,13928.0,0.8102908730506897
4.0859375,13928.0,0.810318648815155
4.078125,13928.0,0.8103471994400024
4.07421875,13928.0,0.8103731870651245
4.0703125,13928.0,0.810398280620575
4.06640625,13928.0,0.8104215860366821
4.0625,13928.0,0.8104484677314758
4.05859375,13928.0,0.810474693775177
4.05859375,13928.0,0.8105027675628662
4.0546875,13928.0,0.8105254173278809
4.05078125,13928.0,0.8105535507202148
4.05078125,13928.0,0.8105769157409668
4.046875,13928.0,0.8106034994125366
4.046875,13928.0,0.8106286525726318
4.04296875,13928.0,0.810655415058136
4.04296875,13928.0,0.8106843829154968
4.04296875,13928.0,0.8107075095176697
4.04296875,13928.0,0.8107322454452515
4.04296875,13928.0,0.8107571601867676
4.0390625,13928.0,0.8107815384864807
4.04296875,13928.0,0.810806155204773
4.04296875,13928.0,0.8108358979225159
4.04296875,13928.0,0.8108653426170349
4.04296875,13928.0,0.8108894228935242
4.04296875,13928.0,0.8109154105186462
4.046875,13928.0,0.8109403252601624
4.046875,13928.0,0.8109674453735352
4.05078125,13928.0,0.8109932541847229
4.05078125,13928.0,0.8110167384147644
4.0546875,13928.0,0.8110441565513611
4.05859375,13928.0,0.8110676407814026
4.05859375,13928.0,0.8110936880111694
4.0625,13928.0,0.811119794845581
4.06640625,13928.0,0.811146080493927
4.0703125,13928.0,0.8111715912818909
4.07421875,13928.0,0.811195969581604
4.078125,13928.0,0.8112239837646484
4.08203125,13928.0,0.811255156993866
4.08984375,13928.0,0.8112797737121582
4.09375,13928.0,0.8113060593605042
4.09765625,13928.0,0.811331033706665
4.10546875,13928.0,0.8113558888435364
4.109375,13928.0,0.8113798499107361
4.1171875,13928.0,0.8114063739776611
4.12109375,13928.0,0.8114340901374817
4.12890625,13928.0,0.8114591836929321
4.1328125,13928.0,0.8114832639694214
4.140625,13928.0,0.811506986618042
4.1484375,13928.0,0.8115336894989014
4.15625,13928.0,0.8115612268447876
4.1640625,13928.0,0.8115930557250977
4.17578125,13928.0,0.8116201162338257
4.18359375,13928.0,0.8116480708122253
4.19140625,13928.0,0.8116722702980042
4.19921875,13928.0,0.8116984963417053
4.2109375,13928.0,0.8117260336875916
4.21875,13928.0,0.811752200126648
4.2265625,13928.0,0.811777651309967
4.23828125,13928.0,0.8118045926094055
4.25,13928.0,0.8118318915367126
4.2578125,13928.0,0.8118591904640198
4.26953125,13928.0,0.8118849396705627
4.27734375,13928.0,0.8119103312492371
4.2890625,13936.0,0.8119339942932129
4.30078125,13936.0,0.8119582533836365
4.30859375,13936.0,0.8119854927062988
4.3203125,13936.0,0.8120115399360657
4.3359375,13936.0,0.8120392560958862
4.34765625,13936.0,0.8120667934417725
4.359375,13936.0,0.8120896816253662
4.37109375,13936.0,0.8121179938316345
4.3828125,13936.0,0.8121421337127686
4.3984375,13936.0,0.8121798038482666
4.41015625,13936.0,0.8121978640556335
4.421875,13936.0,0.812221884727478
4.43359375,13936.0,0.8122467994689941
4.44921875,13936.0,0.8122736215591431
4.4609375,13936.0,0.8122979402542114
4.4765625,13936.0,0.8123247623443604
4.4921875,13936.0,0.8123518228530884
4.50390625,13936.0,0.8123766183853149
4.51953125,13936.0,0.8124015927314758
4.53515625,13936.0,0.8124291300773621
4.55078125,13936.0,0.8124558329582214
4.56640625,13936.0,0.8124854564666748
4.58203125,13936.0,0.8125132918357849
4.6015625,13936.0,0.8125404119491577
4.6171875,13936.0,0.8125668168067932
4.6328125,13936.0,0.8125935792922974
4.6484375,13936.0,0.8126207590103149
4.6640625,13936.0,0.8126459717750549
4.6796875,13936.0,0.8126692175865173
4.6953125,13936.0,0.8126931190490723
4.7109375,13936.0,0.8127198815345764
4.7265625,13936.0,0.8127443790435791
4.74609375,13936.0,0.812771737575531
4.765625,13936.0,0.8127989172935486
4.77734375,13936.0,0.8128222823143005
4.796875,13936.0,0.812851071357727
4.81640625,13936.0,0.8128801584243774
4.83203125,13936.0,0.8129053115844727
4.8515625,13936.0,0.8129336833953857
4.8671875,13936.0,0.8129582405090332
4.8828125,13936.0,0.8129822611808777
4.90234375,13936.0,0.8130058646202087
4.91796875,13936.0,0.81303471326828
4.9375,13936.0,0.8130607604980469
4.953125,13936.0,0.8130845427513123
4.97265625,13936.0,0.8131134510040283
4.98828125,13936.0,0.8131396770477295
5.0078125,13936.0,0.8131639361381531
5.0234375,13936.0,0.8131883144378662
5.0390625,13936.0,0.8132116794586182
5.0546875,13936.0,0.813235878944397
5.07421875,13936.0,0.8132602572441101
5.08984375,13936.0,0.8132849931716919
5.10546875,13936.0,0.8133119344711304
5.125,13936.0,0.8133398294448853
5.14453125,13936.0,0.8133671879768372
5.16015625,13936.0,0.8133895397186279
5.1796875,13936.0,0.8134154677391052
5.1953125,13936.0,0.8134397268295288
5.2109375,13936.0,0.8134634494781494
5.23046875,13936.0,0.8134908676147461
5.25,13936.0,0.8135195374488831
5.265625,13936.0,0.8135444521903992
5.28515625,13936.0,0.8135696053504944
5.30078125,13936.0,0.8135930895805359
5.3203125,13936.0,0.8136206269264221
5.33984375,13936.0,0.8136467933654785
5.35546875,13936.0,0.8136696815490723
5.375,13936.0,0.8136945962905884
5.390625,13936.0,0.8137186765670776
5.41015625,13944.0,0.813742995262146
5.4296875,13944.0,0.8137733936309814
5.453125,13944.0,0.813800036907196
5.46875,13944.0,0.8138231635093689
5.484375,13944.0,0.8138465285301208
5.5078125,13944.0,0.8138762712478638
5.5234375,13944.0,0.8139006495475769
5.54296875,13944.0,0.8139272928237915
5.5625,13944.0,0.8139533400535583
5.5859375,13944.0,0.8139841556549072
5.60546875,13944.0,0.814006507396698
5.62109375,13944.0,0.8140300512313843
5.640625,13944.0,0.8140534162521362
5.66015625,13944.0,0.8140767812728882
5.6796875,13944.0,0.8141019344329834
5.6953125,13944.0,0.8141260743141174
5.71484375,13944.0,0.814149796962738
5.734375,13944.0,0.8141753077507019
5.75390625,13944.0,0.814198911190033
5.7734375,13944.0,0.814224362373352
5.79296875,13944.0,0.8142474889755249
5.8125,13944.0,0.8142724633216858
5.83203125,13944.0,0.8143011331558228
5.859375,13944.0,0.8143308758735657
5.87890625,13944.0,0.8143585324287415
5.90234375,13944.0,0.8143824338912964
5.921875,13944.0,0.8144059181213379
5.94140625,13944.0,0.8144309520721436
5.9609375,13944.0,0.814454972743988
5.98046875,13944.0,0.8144761323928833
6.00390625,13944.0,0.8145051598548889
6.0234375,13944.0,0.8145316243171692
6.04296875,13944.0,0.8145542740821838
6.0625,13944.0,0.8145772814750671
6.08203125,13944.0,0.8146042823791504
6.1171875,13944.0,0.8146435022354126
6.13671875,13944.0,0.8146630525588989
6.15625,13944.0,0.8146858811378479
6.17578125,13944.0,0.8147075772285461
6.19140625,13944.0,0.8147280812263489
6.2109375,13944.0,0.8147514462471008
6.23046875,13944.0,0.8147754669189453
6.25390625,13944.0,0.8148017525672913
6.27734375,13944.0,0.8148285746574402
6.30078125,13944.0,0.814854085445404
6.3203125,13944.0,0.814877986907959
6.33984375,13944.0,0.8148996233940125
6.36328125,13944.0,0.8149251341819763
6.3828125,13944.0,0.8149486780166626
6.40625,13944.0,0.8149750828742981
6.4375,13944.0,0.8150112628936768
6.45703125,13944.0,0.8150322437286377
6.4765625,13944.0,0.8150529265403748
6.49609375,13944.0,0.8150758147239685
6.515625,13944.0,0.8150991797447205
6.53515625,13944.0,0.8151205778121948
6.55859375,13944.0,0.8151479363441467
6.58203125,13944.0,0.815176784992218
6.609375,13944.0,0.8152039647102356
6.62890625,13944.0,0.8152281641960144
6.65625,13944.0,0.8152567148208618
6.67578125,13944.0,0.8152803182601929
6.69921875,13944.0,0.8153049349784851
6.71875,13944.0,0.8153265714645386
6.73828125,13944.0,0.8153559565544128
6.765625,13944.0,0.8153782486915588
6.78125,13944.0,0.8153990507125854
6.80078125,13944.0,0.8154212236404419
6.8203125,13944.0,0.8154463171958923
6.84375,13944.0,0.8154729604721069
6.87109375,13944.0,0.8155043125152588
6.890625,13944.0,0.8155224919319153
6.91015625,13944.0,0.8155484199523926
6.93359375,13944.0,0.8155723810195923
6.953125,13952.0,0.815593957901001
6.97265625,13952.0,0.8156194686889648
6.9921875,13952.0,0.8156418800354004
7.015625,13952.0,0.8156657218933105
7.03515625,13952.0,0.8156933784484863
7.0546875,13952.0,0.8157148957252502
7.07421875,13952.0,0.8157386183738708
7.09765625,13952.0,0.815772294998169
7.125,13952.0,0.8157953023910522
7.140625,13952.0,0.8158180713653564
7.16015625,13952.0,0.8158411979675293
7.1796875,13952.0,0.8158645033836365
7.19921875,13952.0,0.8158928155899048
7.22265625,13952.0,0.8159148097038269
7.2421875,13952.0,0.8159398436546326
7.2578125,13952.0,0.8159612417221069
7.28125,13952.0,0.8159908056259155
7.30078125,13952.0,0.8160126209259033
7.3203125,13952.0,0.8160372972488403
7.34375,13952.0,0.8160723447799683
7.3671875,13952.0,0.8160980343818665
7.3828125,13952.0,0.8161199688911438
7.40234375,13952.0,0.8161477446556091
7.42578125,13952.0,0.8161729574203491
7.44140625,13952.0,0.8161956071853638
7.4609375,13952.0,0.8162214159965515
7.4765625,13952.0,0.8162440657615662
7.49609375,13952.0,0.8162698149681091
7.51171875,13952.0,0.8162932395935059
7.53125,13952.0,0.8163167238235474
7.546875,13952.0,0.8163408637046814
7.56640625,13952.0,0.8163644671440125
7.58203125,13952.0,0.8163890838623047
7.59765625,13952.0,0.816409707069397
7.61328125,13952.0,0.8164349794387817
7.6328125,13952.0,0.8164606690406799
7.6484375,13952.0,0.8164882659912109
7.6640625,13952.0,0.8165106177330017
7.68359375,13952.0,0.8165364265441895
7.69921875,13952.0,0.8165619969367981
7.71484375,13952.0,0.8165842890739441
7.7265625,13952.0,0.8166064023971558
7.7421875,13952.0,0.8166332244873047
7.76171875,13952.0,0.8166643381118774
7.77734375,13952.0,0.8166866302490234
7.79296875,13952.0,0.8167129755020142
7.8046875,13952.0,0.8167380094528198
7.8203125,13952.0,0.8167633414268494
7.8359375,13952.0,0.8167882561683655
7.84765625,13952.0,0.8168120980262756
7.86328125,13952.0,0.8168421387672424
7.875,13952.0,0.8168630599975586
7.88671875,13952.0,0.8168883919715881
7.8984375,13952.0,0.8169110417366028
7.9140625,13952.0,0.8169346451759338
7.921875,13952.0,0.8169571161270142
7.93359375,13952.0,0.8169839978218079
7.9453125,13952.0,0.8170044422149658
7.9609375,13952.0,0.8170357942581177
7.97265625,13952.0,0.8170587420463562
7.98046875,13952.0,0.8170788288116455
7.98828125,13952.0,0.8171010613441467
8.0,13952.0,0.8171267509460449
8.0078125,13952.0,0.8171486258506775
8.015625,13952.0,0.8171734809875488
8.03125,13952.0,0.8171968460083008
8.0390625,13952.0,0.817219614982605
8.046875,13952.0,0.8172416090965271
8.0546875,13952.0,0.8172686100006104
8.0625,13952.0,0.8172950148582458
8.0703125,13952.0,0.8173197507858276
8.0859375,13952.0,0.8173468112945557
8.0859375,13952.0,0.8173715472221375
8.09375,13952.0,0.8173945546150208
8.1015625,13952.0,0.8174178004264832
8.109375,13952.0,0.8174431920051575
8.1171875,13960.0,0.8174687623977661
8.125,13960.0,0.8174915313720703
8.1328125,13960.0,0.817516565322876
8.140625,13960.0,0.8175404071807861
8.140625,13960.0,0.8175632953643799
8.1484375,13960.0,0.8175873756408691
8.15625,13960.0,0.8176112771034241
8.15625,13960.0,0.8176348209381104
8.1640625,13960.0,0.8176624178886414
8.171875,13960.0,0.8176888227462769
8.171875,13960.0,0.8177149295806885
8.1796875,13960.0,0.817738950252533
8.1796875,13960.0,0.8177618384361267
8.1875,13960.0,0.8177990317344666
8.1875,13960.0,0.8178240656852722
8.1875,13960.0,0.8178427219390869
8.1953125,13960.0,0.8178660869598389
8.1953125,13960.0,0.8178918361663818
8.1953125,13960.0,0.8179181814193726
8.1953125,13960.0,0.8179425001144409
8.1953125,13960.0,0.8179666996002197
8.1953125,13960.0,0.8179901242256165
8.1953125,13960.0,0.8180132508277893
8.1953125,13960.0,0.818037748336792
8.1953125,13960.0,0.818061888217926
8.1953125,13960.0,0.8180866241455078
8.1953125,13960.0,0.8181085586547852
8.1953125,13960.0,0.8181319832801819
8.1953125,13960.0,0.8181579113006592
8.1953125,13960.0,0.8181837797164917
8.1875,13960.0,0.8182145357131958
8.1875,13960.0,0.8182386159896851
8.1875,13960.0,0.8182609677314758
8.1796875,13960.0,0.8182839155197144
8.1796875,13960.0,0.8183074593544006
8.171875,13960.0,0.8183361887931824
8.171875,13960.0,0.818360447883606
8.1640625,13960.0,0.8183848261833191
8.15625,13960.0,0.8184093236923218
8.15625,13960.0,0.8184307813644409
8.1484375,13960.0,0.8184525966644287
8.140625,13960.0,0.8184798359870911
8.1328125,13960.0,0.8185043334960938
8.1328125,13960.0,0.8185258507728577
8.125,13960.0,0.8185555934906006
8.1171875,13960.0,0.8185796141624451
8.109375,13960.0,0.8185959458351135
8.1015625,13960.0,0.8186168074607849
8.09375,13960.0,0.8186394572257996
8.0859375,13960.0,0.8186641931533813
8.0703125,13960.0,0.8187011480331421
8.0625,13960.0,0.8187237977981567
8.0546875,13960.0,0.8187432885169983
8.046875,13960.0,0.8187617063522339
8.0390625,13960.0,0.8187832236289978
8.03125,13960.0,0.8188043236732483
8.0234375,13960.0,0.8188284635543823
8.0078125,13960.0,0.8188560605049133
7.99609375,13960.0,0.8188817501068115
7.984375,13960.0,0.8189072608947754
7.97265625,13960.0,0.8189301490783691
7.9609375,13960.0,0.8189525008201599
7.94921875,13960.0,0.8189767599105835
7.93359375,13960.0,0.8190069794654846
7.921875,13960.0,0.8190296292304993
7.90625,13960.0,0.8190580606460571
7.89453125,13960.0,0.819083034992218
7.87890625,13960.0,0.819111704826355
7.86328125,13960.0,0.8191328644752502
7.84765625,13960.0,0.8191573023796082
7.8359375,13960.0,0.8191806674003601
7.8203125,13960.0,0.8192041516304016
7.8046875,13960.0,0.8192288279533386
7.7890625,13960.0,0.8192539215087891
7.7734375,13968.0,0.8192762732505798
7.7578125,13968.0,0.8193020820617676
7.7421875,13968.0,0.8193246126174927
7.7265625,13968.0,0.8193486928939819
7.7109375,13968.0,0.8193719983100891
7.69140625,13968.0,0.8193947076797485
7.67578125,13968.0,0.8194199800491333
7.66015625,13968.0,0.8194441795349121
7.640625,13968.0,0.819466769695282
7.625,13968.0,0.8194919228553772
7.609375,13968.0,0.8195132613182068
7.58984375,13968.0,0.8195374608039856
7.5703125,13968.0,0.8195636868476868
7.55078125,13968.0,0.8195879459381104
7.53125,13968.0,0.8196122050285339
7.515625,13968.0,0.8196355700492859
7.4921875,13968.0,0.8196623921394348
7.47265625,13968.0,0.8196889162063599
7.453125,13968.0,0.8197118639945984
7.43359375,13968.0,0.8197410702705383
7.41015625,13968.0,0.8197633028030396
7.390625,13968.0,0.8197870850563049
7.375,13968.0,0.8198083639144897
7.3515625,13968.0,0.8198385834693909
7.3203125,13968.0,0.8198742866516113
7.296875,13968.0,0.819900631904602
7.2734375,13968.0,0.8199219703674316
7.25390625,13968.0,0.8199478387832642
7.234375,13968.0,0.8199691772460938
7.21484375,13968.0,0.8199931979179382
7.19140625,13968.0,0.8200175166130066
7.1640625,13968.0,0.8200464844703674
7.140625,13968.0,0.8200746774673462
7.11328125,13968.0,0.8201028108596802
7.09375,13968.0,0.8201269507408142
7.0625,13968.0,0.8201579451560974
7.0390625,13968.0,0.8201794028282166
7.0234375,13968.0,0.8202027082443237
7.0,13968.0,0.8202246427536011
6.9765625,13968.0,0.8202502727508545
6.953125,13968.0,0.8202760219573975
6.9296875,13968.0,0.8202991485595703
6.8984375,13968.0,0.8203356266021729
6.875,13968.0,0.8203545212745667
6.859375,13968.0,0.8203728199005127
6.8359375,13968.0,0.820398211479187
6.8125,13968.0,0.8204218149185181
6.79296875,13968.0,0.8204430937767029
6.76953125,13968.0,0.8204696178436279
6.73828125,13968.0,0.8204993605613708
6.71484375,13968.0,0.82052081823349
6.69140625,13968.0,0.8205459713935852
6.66796875,13968.0,0.8205708265304565
6.640625,13968.0,0.8206046223640442
6.61328125,13968.0,0.8206242918968201
6.59375,13968.0,0.8206434845924377
6.57421875,13968.0,0.8206662535667419
6.55078125,13968.0,0.820690393447876
6.52734375,13968.0,0.820719838142395
6.49609375,13968.0,0.8207494616508484
6.46875,13968.0,0.8207748532295227
6.4453125,13968.0,0.8207995891571045
6.421875,13968.0,0.8208217620849609
6.40234375,13968.0,0.8208433389663696
6.37890625,13968.0,0.8208685517311096
6.3515625,13968.0,0.8208951950073242
6.33203125,13968.0,0.8209201097488403
6.3046875,13968.0,0.8209465742111206
6.2734375,13968.0,0.8209801912307739
6.25390625,13968.0,0.820997953414917
6.23046875,13968.0,0.8210219740867615
6.20703125,13968.0,0.8210486173629761
6.18359375,13976.0,0.8210732340812683
6.16015625,13976.0,0.8210995197296143
6.13671875,13976.0,0.821121335029602
6.109375,13976.0,0.8211511373519897
6.0859375,13976.0,0.8211761713027954
6.0625,13976.0,0.8211991190910339
6.04296875,13976.0,0.8212225437164307
6.01953125,13976.0,0.821248471736908
5.99609375,13976.0,0.8212726712226868
5.9765625,13976.0,0.8212987780570984
5.953125,13976.0,0.8213204145431519
5.93359375,13976.0,0.821344256401062
5.90625,13976.0,0.8213716745376587
5.88671875,13976.0,0.8213945031166077
5.8671875,13976.0,0.8214184641838074
5.84765625,13976.0,0.8214409947395325
5.82421875,13976.0,0.821466863155365
5.80078125,13976.0,0.821493923664093
5.78125,13976.0,0.8215176463127136
5.76171875,13976.0,0.8215405344963074
5.73828125,13976.0,0.8215645551681519
5.71875,13976.0,0.8215914368629456
5.6953125,13976.0,0.8216181397438049
5.67578125,13976.0,0.8216410875320435
5.65625,13976.0,0.8216652274131775
5.63671875,13976.0,0.8216871619224548
5.62109375,13976.0,0.821711540222168
5.59765625,13976.0,0.8217382431030273
5.578125,13976.0,0.8217613101005554
5.5625,13976.0,0.8217849731445312
5.54296875,13976.0,0.8218074440956116
5.5234375,13976.0,0.8218322396278381
5.5078125,13976.0,0.8218566179275513
5.48828125,13976.0,0.8218796253204346
5.46875,13976.0,0.8219045996665955
5.453125,13976.0,0.8219287991523743
5.4296875,13976.0,0.82195645570755
5.4140625,13976.0,0.82198166847229
5.39453125,13976.0,0.822007417678833
5.375,13976.0,0.8220346570014954
5.359375,13976.0,0.822057843208313
5.33984375,13976.0,0.8220839500427246
5.32421875,13976.0,0.8221094608306885
5.3046875,13976.0,0.822135329246521
5.28515625,13976.0,0.8221647143363953
5.265625,13976.0,0.8221909403800964
5.25390625,13976.0,0.8222110271453857
5.23828125,13976.0,0.8222355246543884
5.22265625,13976.0,0.8222593665122986
5.20703125,13976.0,0.822283148765564
5.19140625,13976.0,0.8223049640655518
5.17578125,13976.0,0.8223305344581604
5.15625,13976.0,0.8223549127578735
5.140625,13976.0,0.8223819732666016
5.125,13976.0,0.8224076628684998
5.10546875,13976.0,0.8224384188652039
5.08984375,13976.0,0.8224637508392334
5.07421875,13976.0,0.8224882483482361
5.05859375,13976.0,0.8225140571594238
5.04296875,13976.0,0.8225361704826355
5.03125,13976.0,0.8225602507591248
5.015625,13976.0,0.8225845694541931
5.0,13976.0,0.8226088881492615
4.984375,13976.0,0.8226342797279358
4.96875,13976.0,0.8226582407951355
4.95703125,13976.0,0.8226807713508606
4.94140625,13976.0,0.8227089643478394
4.92578125,13976.0,0.8227320313453674
4.91015625,13976.0,0.8227615356445312
4.89453125,13976.0,0.8227874040603638
4.87890625,13976.0,0.8228169679641724
4.86328125,13976.0,0.8228439688682556
4.84765625,13976.0,0.8228690028190613
4.8359375,13976.0,0.8228926658630371
4.8203125,13984.0,0.8229200839996338
4.8046875,13984.0,0.8229454159736633
4.7890625,13984.0,0.8229743242263794
4.7734375,13984.0,0.8229976296424866
4.765625,13984.0,0.8230125308036804
4.75390625,13984.0,0.8230363130569458
4.7421875,13984.0,0.8230597376823425
4.7265625,13984.0,0.8230850100517273
4.71484375,13984.0,0.8231103420257568
4.69921875,13984.0,0.8231348991394043
4.6875,13984.0,0.8231626749038696
4.671875,13984.0,0.8231939077377319
4.65234375,13984.0,0.8232247829437256
4.64453125,13984.0,0.8232453465461731
4.6328125,13984.0,0.8232629895210266
4.62109375,13984.0,0.8232864737510681
4.609375,13984.0,0.8233102560043335
4.59765625,13984.0,0.8233343362808228
4.5859375,13984.0,0.8233577013015747
4.57421875,13984.0,0.8233829736709595
4.5625,13984.0,0.8234096765518188
4.55078125,13984.0,0.8234341144561768
4.5390625,13984.0,0.8234611749649048
4.5234375,13984.0,0.8234895467758179
4.51171875,13984.0,0.8235136270523071
4.50390625,13984.0,0.8235372304916382
4.4921875,13984.0,0.82356196641922
4.48046875,13984.0,0.8235889077186584
4.46875,13984.0,0.8236154317855835
4.45703125,13984.0,0.8236397504806519
4.44921875,13984.0,0.8236636519432068
4.4375,13984.0,0.8236905932426453
4.42578125,13984.0,0.8237150311470032
4.41796875,13984.0,0.8237413167953491
4.40625,13984.0,0.8237666487693787
4.39453125,13984.0,0.8237928152084351
4.38671875,13984.0,0.8238193988800049
4.37890625,13984.0,0.8238431811332703
4.3671875,13984.0,0.8238722681999207
4.359375,13984.0,0.823896050453186
4.34765625,13984.0,0.8239207863807678
4.33984375,13984.0,0.8239473104476929
4.33203125,13984.0,0.8239696025848389
4.32421875,13984.0,0.8239951133728027
4.31640625,13984.0,0.82402104139328
4.3046875,13984.0,0.8240472078323364
4.296875,13984.0,0.8240730166435242
4.2890625,13984.0,0.8241047263145447
4.28125,13984.0,0.8241294622421265
4.2734375,13984.0,0.8241564631462097
4.265625,13984.0,0.82417893409729
4.2578125,13984.0,0.8242034316062927
4.25390625,13984.0,0.8242261409759521
4.24609375,13984.0,0.8242530822753906
4.23828125,13984.0,0.8242756724357605
4.234375,13984.0,0.8243025541305542
4.2265625,13984.0,0.8243289589881897
4.21875,13984.0,0.8243551850318909
4.21484375,13984.0,0.8243827819824219
4.20703125,13984.0,0.8244079947471619
4.203125,13984.0,0.8244330883026123
4.1953125,13984.0,0.8244601488113403
4.19140625,13984.0,0.8244886994361877
4.18359375,13984.0,0.824519157409668
4.1796875,13984.0,0.8245437145233154
4.17578125,13984.0,0.824569046497345
4.16796875,13984.0,0.8245964646339417
4.1640625,13984.0,0.8246213793754578
4.16015625,13984.0,0.824647068977356
4.15625,13984.0,0.8246755599975586
4.15234375,13984.0,0.8247036337852478
4.1484375,13984.0,0.8247296214103699
4.14453125,13984.0,0.8247550129890442
4.140625,13992.0,0.8247796297073364
4.13671875,13992.0,0.8248048424720764
4.1328125,13992.0,0.8248313069343567
4.1328125,13992.0,0.8248569369316101
4.12890625,13992.0,0.8248851895332336
4.125,13992.0,0.8249111771583557
4.125,13992.0,0.8249363899230957
4.12109375,13992.0,0.8249606490135193
4.12109375,13992.0,0.8249850273132324
4.1171875,13992.0,0.8250123262405396
4.1171875,13992.0,0.8250371217727661
4.11328125,13992.0,0.8250665664672852
4.11328125,13992.0,0.8250954151153564
4.11328125,13992.0,0.82511967420578
4.11328125,13992.0,0.8251466155052185
4.11328125,13992.0,0.8251731395721436
4.11328125,13992.0,0.8251965045928955
4.11328125,13992.0,0.8252262473106384
4.11328125,13992.0,0.8252496719360352
4.11328125,13992.0,0.8252730965614319
4.11328125,13992.0,0.8252972364425659
4.1171875,13992.0,0.8253210186958313
4.1171875,13992.0,0.8253466486930847
4.1171875,13992.0,0.8253725171089172
4.12109375,13992.0,0.8254061341285706
4.12109375,13992.0,0.8254304528236389
4.125,13992.0,0.8254544138908386
4.125,13992.0,0.8254789113998413
4.12890625,13992.0,0.8255031704902649
4.1328125,13992.0,0.8255310654640198
4.1328125,13992.0,0.8255563378334045
4.13671875,13992.0,0.8255800008773804
4.140625,13992.0,0.8256074786186218
4.14453125,13992.0,0.8256361484527588
4.1484375,13992.0,0.8256552815437317
4.15234375,13992.0,0.8256791234016418
4.15625,13992.0,0.8257036805152893
4.16015625,13992.0,0.8257267475128174
4.1640625,13992.0,0.8257499933242798
4.16796875,13992.0,0.8257736563682556
4.171875,13992.0,0.8257980942726135
4.17578125,13992.0,0.8258203268051147
4.18359375,13992.0,0.8258466124534607
4.1875,13992.0,0.8258724212646484
4.1953125,13992.0,0.8258955478668213
4.19921875,13992.0,0.8259228467941284
4.20703125,13992.0,0.8259485960006714
4.2109375,13992.0,0.825972318649292
4.21875,13992.0,0.8259965181350708
4.2265625,13992.0,0.8260222673416138
4.23046875,13992.0,0.8260478973388672
4.23828125,13992.0,0.8260714411735535
4.24609375,13992.0,0.8260961771011353
4.25390625,13992.0,0.8261193633079529
4.26171875,13992.0,0.8261473774909973
4.26953125,13992.0,0.8261732459068298
4.27734375,13992.0,0.826200008392334
4.28515625,13992.0,0.8262261748313904
4.29296875,13992.0,0.8262489438056946
4.30078125,13992.0,0.8262758255004883
4.3125,13992.0,0.8262998461723328
4.3203125,13992.0,0.8263234496116638
4.328125,13992.0,0.8263534903526306
4.33984375,13992.0,0.8263802528381348
4.34765625,13992.0,0.8264036178588867
4.359375,13992.0,0.8264325857162476
4.37109375,13992.0,0.8264592885971069
4.3828125,13992.0,0.8264853954315186
4.390625,13992.0,0.826509416103363
4.40234375,13992.0,0.8265337944030762
4.4140625,13992.0,0.8265595436096191
4.42578125,14000.0,0.8265862464904785
4.4375,14000.0,0.8266116976737976
4.44921875,14000.0,0.8266389966011047
4.4609375,14000.0,0.8266651630401611
4.4765625,14000.0,0.8266919851303101
4.48828125,14000.0,0.8267167806625366
4.5,14000.0,0.8267399668693542
4.51171875,14000.0,0.8267653584480286
4.52734375,14000.0,0.8267914652824402
4.54296875,14000.0,0.8268181681632996
4.5546875,14000.0,0.8268433213233948
4.5703125,14000.0,0.8268696069717407
4.5859375,14000.0,0.8268992900848389
4.60546875,14000.0,0.8269344568252563
4.6171875,14000.0,0.8269508481025696
4.62890625,14000.0,0.8269681930541992
4.63671875,14000.0,0.8269876837730408
4.65234375,14000.0,0.8270102739334106
4.66796875,14000.0,0.8270338773727417
4.6796875,14000.0,0.8270561695098877
4.6953125,14000.0,0.8270798325538635
4.7109375,14000.0,0.827102780342102
4.7265625,14000.0,0.8271276354789734
4.7421875,14000.0,0.8271498084068298
4.7578125,14000.0,0.8271740674972534
4.7734375,14000.0,0.8272004723548889
4.79296875,14000.0,0.8272279500961304
4.80859375,14000.0,0.8272514343261719
4.82421875,14000.0,0.8272752165794373
4.84375,14000.0,0.8272985816001892
4.859375,14000.0,0.8273224830627441
4.875,14000.0,0.8273464441299438
4.89453125,14000.0,0.8273687362670898
4.9140625,14000.0,0.8273962736129761
4.93359375,14000.0,0.827423632144928
4.953125,14000.0,0.8274495601654053
4.96875,14000.0,0.8274720907211304
4.98828125,14000.0,0.8274962306022644
5.0078125,14000.0,0.8275197744369507
5.0234375,14000.0,0.8275429606437683
5.04296875,14000.0,0.8275669813156128
5.0625,14000.0,0.8275930881500244
5.08203125,14000.0,0.8276179432868958
5.109375,14000.0,0.8276486992835999
5.125,14000.0,0.8276710510253906
5.14453125,14000.0,0.8276957869529724
5.1640625,14000.0,0.8277199864387512
5.18359375,14000.0,0.8277426958084106
5.203125,14000.0,0.8277658820152283
5.22265625,14000.0,0.8277896642684937
5.2421875,14000.0,0.8278135061264038
5.265625,14000.0,0.8278367519378662
5.28515625,14000.0,0.827860951423645
5.3046875,14000.0,0.8278843760490417
5.32421875,14000.0,0.8279085159301758
5.34375,14000.0,0.827931821346283
5.3671875,14000.0,0.8279570937156677
5.390625,14000.0,0.827985405921936
5.41796875,14000.0,0.8280147314071655
5.4375,14000.0,0.8280367851257324
5.4609375,14000.0,0.8280608654022217
5.48046875,14000.0,0.8280849456787109
5.5,14000.0,0.8281084299087524
5.5234375,14000.0,0.8281319737434387
5.54296875,14000.0,0.8281548619270325
5.5703125,14000.0,0.828186571598053
5.59765625,14000.0,0.8282121419906616
5.6171875,14000.0,0.8282356858253479
5.640625,14000.0,0.8282623291015625
5.6640625,14000.0,0.8282864093780518
5.69140625,14000.0,0.8283138275146484
5.7109375,14000.0,0.8283371329307556
5.734375,14008.0,0.828364372253418
5.765625,14008.0,0.8283917307853699
5.78515625,14008.0,0.8284148573875427
5.80859375,14008.0,0.8284415006637573
5.83203125,14008.0,0.8284645676612854
5.859375,14008.0,0.8284925222396851
5.87890625,14008.0,0.8285149335861206
5.90625,14008.0,0.8285405039787292
5.9296875,14008.0,0.8285624980926514
5.94921875,14008.0,0.8285885453224182
5.97265625,14008.0,0.828612208366394
5.99609375,14008.0,0.8286367058753967
6.01953125,14008.0,0.8286606073379517
6.04296875,14008.0,0.8286846876144409
6.0703125,14008.0,0.8287146687507629
6.09375,14008.0,0.8287362456321716
6.1171875,14008.0,0.8287621736526489
6.140625,14008.0,0.8287848234176636
6.1640625,14008.0,0.8288107514381409
6.1953125,14008.0,0.8288392424583435
6.21484375,14008.0,0.8288622498512268
6.23828125,14008.0,0.828885018825531
6.2578125,14008.0,0.8289096355438232
6.28125,14008.0,0.8289307951927185
6.3046875,14008.0,0.8289555907249451
6.328125,14008.0,0.8289780616760254
6.34765625,14008.0,0.8290021419525146
6.37109375,14008.0,0.829025387763977
6.39453125,14008.0,0.8290499448776245
6.41796875,14008.0,0.829072892665863
6.4375,14008.0,0.8290978670120239
6.4609375,14008.0,0.8291205763816833
6.48046875,14008.0,0.8291440606117249
6.50390625,14008.0,0.8291665315628052
6.5234375,14008.0,0.8291900157928467
6.55078125,14008.0,0.8292158246040344
6.5703125,14008.0,0.8292392492294312
6.59375,14008.0,0.8292625546455383
6.6171875,14008.0,0.8292860984802246
6.63671875,14008.0,0.8293105959892273
6.66015625,14008.0,0.8293334245681763
6.6796875,14008.0,0.8293581604957581
6.69921875,14008.0,0.8293802738189697
6.72265625,14008.0,0.8294028639793396
6.7421875,14008.0,0.8294299840927124
6.765625,14008.0,0.8294516801834106
6.78515625,14008.0,0.829472541809082
6.80859375,14008.0,0.8295031189918518
6.828125,14008.0,0.8295243382453918
6.84765625,14008.0,0.8295487761497498
6.8671875,14008.0,0.8295717239379883
6.890625,14008.0,0.829598069190979
6.9140625,14008.0,0.8296253085136414
6.9375,14008.0,0.829649806022644
6.95703125,14008.0,0.829676628112793
6.9765625,14008.0,0.8297001719474792
7.0,14008.0,0.8297263383865356
7.01953125,14008.0,0.8297510147094727
7.0390625,14008.0,0.8297738432884216
7.05859375,14008.0,0.8298023343086243
7.08203125,14008.0,0.8298312425613403
7.1015625,14008.0,0.8298534154891968
7.12109375,14008.0,0.8298766016960144
7.13671875,14008.0,0.8299004435539246
7.15625,14008.0,0.8299274444580078
7.17578125,14008.0,0.8299497961997986
7.1953125,14008.0,0.8299817442893982
7.2109375,14008.0,0.829996645450592
7.22265625,14008.0,0.8300177454948425
7.2421875,14008.0,0.8300395011901855
7.25390625,14008.0,0.8300618529319763
7.2734375,14008.0,0.8300864696502686
7.2890625,14008.0,0.8301105499267578
7.3046875,14008.0,0.8301311731338501
7.3203125,14008.0,0.8301567435264587
7.33984375,14016.0,0.8301849365234375
7.359375,14016.0,0.83021479845047
7.375,14016.0,0.830236554145813
7.390625,14016.0,0.8302605152130127
7.40625,14016.0,0.8302817940711975
7.41796875,14016.0,0.830305814743042
7.4375,14016.0,0.8303340673446655
7.453125,14016.0,0.8303583860397339
7.47265625,14016.0,0.8303874135017395
7.484375,14016.0,0.8304102420806885
7.5,14016.0,0.830438494682312
7.515625,14016.0,0.8304609656333923
7.53125,14016.0,0.8304857015609741
7.54296875,14016.0,0.8305073380470276
7.55859375,14016.0,0.8305304050445557
7.5703125,14016.0,0.8305540084838867
7.58203125,14016.0,0.8305776119232178
7.59375,14016.0,0.8305993676185608
7.609375,14016.0,0.8306258320808411
7.625,14016.0,0.8306600451469421
7.64453125,14016.0,0.8306846022605896
7.65625,14016.0,0.8307068943977356
7.66796875,14016.0,0.8307291865348816
7.6796875,14016.0,0.8307512402534485
7.69140625,14016.0,0.8307766914367676
7.703125,14016.0,0.830797553062439
7.71484375,14016.0,0.8308196067810059
7.7265625,14016.0,0.830845057964325
7.734375,14016.0,0.8308681845664978
7.75390625,14016.0,0.8308968544006348
7.7578125,14016.0,0.83091139793396
7.76953125,14016.0,0.8309329152107239
7.78125,14016.0,0.8309582471847534
7.79296875,14016.0,0.8309844136238098
7.8046875,14016.0,0.8310074210166931
7.8125,14016.0,0.8310309648513794
7.82421875,14016.0,0.8310540914535522
7.8359375,14016.0,0.8310834169387817
7.84765625,14016.0,0.8311090469360352
7.859375,14016.0,0.8311319351196289
7.8671875,14016.0,0.8311574459075928
7.87890625,14016.0,0.8311871886253357
7.890625,14016.0,0.8312122225761414
7.8984375,14016.0,0.8312327265739441
7.91015625,14016.0,0.8312608599662781
7.91796875,14016.0,0.8312835693359375
7.92578125,14016.0,0.8313044309616089
7.9375,14016.0,0.8313279747962952
7.9453125,14016.0,0.8313512206077576
7.953125,14016.0,0.8313784003257751
7.9609375,14016.0,0.8314012885093689
7.96875,14016.0,0.8314268589019775
7.9765625,14016.0,0.8314470648765564
7.984375,14016.0,0.8314707279205322
7.9921875,14016.0,0.8314933776855469
8.0,14016.0,0.8315165042877197
8.0078125,14016.0,0.8315404057502747
8.0078125,14016.0,0.8315606713294983
8.015625,14016.0,0.8315883278846741
8.0234375,14016.0,0.8316147923469543
8.03125,14016.0,0.8316385746002197
8.0390625,14016.0,0.8316597938537598
8.0390625,14016.0,0.8316817283630371
8.046875,14016.0,0.8317044377326965
8.0546875,14016.0,0.8317290544509888
8.0625,14016.0,0.8317546844482422
8.0625,14016.0,0.8317787051200867
8.0703125,14016.0,0.8318015336990356
8.0703125,14016.0,0.831823468208313
8.078125,14016.0,0.8318470120429993
8.078125,14016.0,0.8318704962730408
8.0859375,14016.0,0.8318949937820435
8.0859375,14016.0,0.8319151997566223
8.09375,14016.0,0.831939697265625
8.09375,14016.0,0.8319633603096008
8.09375,14016.0,0.8319854736328125
8.1015625,14016.0,0.8320133090019226
8.1015625,14024.0,0.8320423364639282
8.1015625,14024.0,0.8320667743682861
8.109375,14024.0,0.8320900201797485
8.109375,14024.0,0.8321178555488586
8.109375,14024.0,0.8321418762207031
8.109375,14024.0,0.832166314125061
8.109375,14024.0,0.8321901559829712
8.109375,14024.0,0.8322139382362366
8.109375,14024.0,0.83223557472229
8.109375,14024.0,0.8322603702545166
8.109375,14024.0,0.8322816491127014
8.109375,14024.0,0.8323070406913757
8.109375,14024.0,0.832330584526062
8.109375,14024.0,0.8323565125465393
8.109375,14024.0,0.832383930683136
8.1015625,14024.0,0.8324048519134521
8.1015625,14024.0,0.8324289917945862
8.1015625,14024.0,0.8324556946754456
8.09375,14024.0,0.8324844241142273
8.09375,14024.0,0.8325096368789673
8.09375,14024.0,0.8325307965278625
8.0859375,14024.0,0.8325546383857727
8.0859375,14024.0,0.8325784206390381
8.078125,14024.0,0.832599937915802
8.078125,14024.0,0.8326247334480286
8.0703125,14024.0,0.8326572179794312
8.0625,14024.0,0.8326793909072876
8.0625,14024.0,0.8326998949050903
8.0546875,14024.0,0.832720935344696
8.0546875,14024.0,0.8327444195747375
8.046875,14024.0,0.8327664136886597
8.0390625,14024.0,0.8327906727790833
8.03125,14024.0,0.8328130841255188
8.0234375,14024.0,0.8328363299369812
8.0234375,14024.0,0.8328575491905212
8.015625,14024.0,0.8328844904899597
8.0,14024.0,0.8329170346260071
7.99609375,14024.0,0.8329401016235352
7.98828125,14024.0,0.832960307598114
7.98046875,14024.0,0.8329808115959167
7.97265625,14024.0,0.8330060839653015
7.96484375,14024.0,0.8330264091491699
7.95703125,14024.0,0.8330509066581726
7.9453125,14024.0,0.8330752849578857
7.9375,14024.0,0.8331007957458496
7.9296875,14024.0,0.8331248164176941
7.91796875,14024.0,0.8331508040428162
7.90625,14024.0,0.8331741690635681
7.8984375,14024.0,0.8331962823867798
7.88671875,14024.0,0.8332201242446899
7.875,14024.0,0.8332437872886658
7.86328125,14024.0,0.8332700133323669
7.85546875,14024.0,0.8332908153533936
7.83984375,14024.0,0.8333194255828857
7.82421875,14024.0,0.8333496451377869
7.8125,14024.0,0.8333737850189209
7.80078125,14024.0,0.8333967328071594
7.7890625,14024.0,0.8334182500839233
7.77734375,14024.0,0.8334411382675171
7.765625,14024.0,0.8334630727767944
7.75,14024.0,0.8334951400756836
7.73828125,14024.0,0.8335171341896057
7.7265625,14024.0,0.8335413336753845
7.7109375,14024.0,0.833564043045044
7.69921875,14024.0,0.8335864543914795
7.68359375,14024.0,0.8336095809936523
7.671875,14024.0,0.8336336016654968
7.65625,14024.0,0.8336559534072876
7.640625,14024.0,0.8336796164512634
7.62890625,14024.0,0.8337016105651855
7.61328125,14024.0,0.8337227702140808
7.59765625,14024.0,0.8337520360946655
7.58203125,14024.0,0.8337737917900085
7.56640625,14024.0,0.8337960839271545
7.55078125,14032.0,0.8338173627853394
7.53515625,14032.0,0.8338406085968018
7.51953125,14032.0,0.8338689208030701
7.5,14032.0,0.8338944911956787
7.484375,14032.0,0.8339172601699829
7.46484375,14032.0,0.8339428901672363
7.4453125,14032.0,0.8339714407920837
7.42578125,14032.0,0.8339967131614685
7.41015625,14032.0,0.8340198397636414
7.390625,14032.0,0.834044873714447
7.375,14032.0,0.8340651392936707
7.35546875,14032.0,0.8340912461280823
7.3359375,14032.0,0.8341155052185059
7.3203125,14032.0,0.8341382741928101
7.30078125,14032.0,0.8341627717018127
7.28125,14032.0,0.8341854810714722
7.265625,14032.0,0.834208071231842
7.24609375,14032.0,0.834229588508606
7.2265625,14032.0,0.8342532515525818
7.2109375,14032.0,0.8342739939689636
7.1875,14032.0,0.834303081035614
7.16796875,14032.0,0.8343276977539062
7.1484375,14032.0,0.8343501091003418
7.12890625,14032.0,0.8343715667724609
7.109375,14032.0,0.8343949913978577
7.0859375,14032.0,0.8344237208366394
7.0625,14032.0,0.834448516368866
7.04296875,14032.0,0.8344722986221313
7.0234375,14032.0,0.8344941735267639
7.00390625,14032.0,0.8345173001289368
6.984375,14032.0,0.8345395922660828
6.96484375,14032.0,0.834564208984375
6.94140625,14032.0,0.8345867395401001
6.921875,14032.0,0.8346107006072998
6.8984375,14032.0,0.8346363306045532
6.87890625,14032.0,0.8346600532531738
6.85546875,14032.0,0.8346848487854004
6.83203125,14032.0,0.8347093462944031
6.8125,14032.0,0.8347325325012207
6.78515625,14032.0,0.834757924079895
6.76171875,14032.0,0.8347891569137573
6.73828125,14032.0,0.8348106145858765
6.71875,14032.0,0.8348329663276672
6.69921875,14032.0,0.8348552584648132
6.67578125,14032.0,0.83487868309021
6.65625,14032.0,0.8349023461341858
6.6328125,14032.0,0.8349273204803467
6.609375,14032.0,0.83495032787323
6.58984375,14032.0,0.8349746465682983
6.56640625,14032.0,0.8349986672401428
6.546875,14032.0,0.8350198864936829
6.51953125,14032.0,0.8350442051887512
6.5,14032.0,0.8350709676742554
6.47265625,14032.0,0.8351004123687744
6.44921875,14032.0,0.8351220488548279
6.42578125,14032.0,0.835145890712738
6.40234375,14032.0,0.8351731896400452
6.37890625,14032.0,0.835198700428009
6.35546875,14032.0,0.8352210521697998
6.33203125,14032.0,0.8352441787719727
6.3125,14032.0,0.835267961025238
6.28515625,14032.0,0.8352941870689392
6.26171875,14032.0,0.835318386554718
6.2421875,14032.0,0.8353446125984192
6.2109375,14032.0,0.8353725075721741
6.19140625,14032.0,0.8353956937789917
6.1640625,14032.0,0.835422158241272
6.14453125,14032.0,0.8354436159133911
6.12109375,14032.0,0.8354687094688416
6.09765625,14032.0,0.8354915976524353
6.07421875,14032.0,0.8355144262313843
6.0546875,14032.0,0.8355381488800049
6.03125,14032.0,0.8355599641799927
6.01171875,14040.0,0.8355821371078491
5.984375,14040.0,0.8356113433837891
5.9609375,14040.0,0.8356360793113708
5.93359375,14040.0,0.835665225982666
5.8984375,14040.0,0.8357014060020447
5.875,14040.0,0.8357234001159668
5.859375,14040.0,0.8357417583465576
5.84375,14040.0,0.8357546925544739
5.82421875,14040.0,0.835777759552002
5.8046875,14040.0,0.8358001112937927
5.78125,14040.0,0.8358266353607178
5.7578125,14040.0,0.835848867893219
5.734375,14040.0,0.8358724117279053
5.71484375,14040.0,0.8358958959579468
5.69140625,14040.0,0.8359202146530151
5.671875,14040.0,0.8359420895576477
5.6484375,14040.0,0.8359652757644653
5.62890625,14040.0,0.8359888792037964
5.60546875,14040.0,0.8360117673873901
5.5859375,14040.0,0.8360345363616943
5.5625,14040.0,0.8360589742660522
5.5390625,14040.0,0.8360865712165833
5.51953125,14040.0,0.836108386516571
5.49609375,14040.0,0.8361328840255737
5.4765625,14040.0,0.8361569046974182
5.453125,14040.0,0.8361822962760925
5.4296875,14040.0,0.8362053632736206
5.4140625,14040.0,0.8362274765968323
5.390625,14040.0,0.8362525701522827
5.37109375,14040.0,0.8362767696380615
5.34765625,14040.0,0.8363019824028015
5.328125,14040.0,0.8363244533538818
5.30859375,14040.0,0.8363476395606995
5.2890625,14040.0,0.8363732099533081
5.265625,14040.0,0.8363966345787048
5.2421875,14040.0,0.836422860622406
5.22265625,14040.0,0.8364459872245789
5.203125,14040.0,0.8364740610122681
5.17578125,14040.0,0.8365067839622498
5.15625,14040.0,0.8365241885185242
5.14453125,14040.0,0.8365433812141418
5.125,14040.0,0.8365664482116699
5.109375,14040.0,0.8365896940231323
5.08984375,14040.0,0.8366116881370544
5.0703125,14040.0,0.8366357684135437
5.05078125,14040.0,0.8366616368293762
5.03125,14040.0,0.8366914987564087
5.0078125,14040.0,0.8367170095443726
4.9921875,14040.0,0.8367387652397156
4.97265625,14040.0,0.8367668390274048
4.953125,14040.0,0.8367904424667358
4.93359375,14040.0,0.8368182182312012
4.9140625,14040.0,0.8368446230888367
4.890625,14040.0,0.8368745446205139
4.875,14040.0,0.83689945936203
4.859375,14040.0,0.8369222283363342
4.84375,14040.0,0.8369451761245728
4.82421875,14040.0,0.8369714617729187
4.80859375,14040.0,0.8369952440261841
4.79296875,14040.0,0.837019145488739
4.7734375,14040.0,0.8370465040206909
4.7578125,14040.0,0.8370714783668518
4.7421875,14040.0,0.8370969295501709
4.7265625,14040.0,0.8371226787567139
4.7109375,14040.0,0.837144136428833
4.6953125,14040.0,0.8371694684028625
4.6796875,14040.0,0.8371965289115906
4.6640625,14040.0,0.8372212648391724
4.6484375,14040.0,0.8372452855110168
4.63671875,14040.0,0.8372681140899658
4.62109375,14040.0,0.8372932076454163
4.60546875,14040.0,0.8373219966888428
4.59375,14040.0,0.8373463153839111
4.578125,14040.0,0.8373714685440063
4.56640625,14040.0,0.8373962044715881
4.55078125,14048.0,0.8374202847480774
4.53515625,14048.0,0.8374478220939636
4.5234375,14048.0,0.8374712467193604
4.51171875,14048.0,0.8374947905540466
4.5,14048.0,0.8375212550163269
4.48828125,14048.0,0.8375460505485535
4.4765625,14048.0,0.8375725746154785
4.46484375,14048.0,0.8375944495201111
4.453125,14048.0,0.8376172780990601
4.44140625,14048.0,0.8376402854919434
4.43359375,14048.0,0.8376637101173401
4.421875,14048.0,0.8376871943473816
4.4140625,14048.0,0.8377107977867126
4.40234375,14048.0,0.8377323746681213
4.39453125,14048.0,0.8377569317817688
4.3828125,14048.0,0.8377818465232849
4.375,14048.0,0.8378069400787354
4.36328125,14048.0,0.8378329277038574
4.35546875,14048.0,0.8378559350967407
4.34765625,14048.0,0.8378790616989136
4.33984375,14048.0,0.8379034996032715
4.33203125,14048.0,0.8379276394844055
4.32421875,14048.0,0.8379534482955933
4.31640625,14048.0,0.8379795551300049
4.30859375,14048.0,0.8380070924758911
4.30078125,14048.0,0.8380353450775146
4.29296875,14048.0,0.8380609154701233
4.28515625,14048.0,0.8380820155143738
4.28125,14048.0,0.8381068706512451
4.2734375,14048.0,0.8381317853927612
4.265625,14048.0,0.8381631374359131
4.26171875,14048.0,0.8381890058517456
4.25390625,14048.0,0.8382125496864319
4.25,14048.0,0.8382359743118286
4.24609375,14048.0,0.8382658362388611
4.23828125,14048.0,0.838291347026825
4.234375,14048.0,0.8383142948150635
4.23046875,14048.0,0.838341474533081
4.2265625,14048.0,0.838367760181427
4.22265625,14048.0,0.8383936882019043
4.21875,14048.0,0.8384187817573547
4.21484375,14048.0,0.8384441137313843
4.21484375,14048.0,0.8384695649147034
4.2109375,14048.0,0.8384934663772583
4.20703125,14048.0,0.8385176062583923
4.20703125,14048.0,0.8385437726974487
4.203125,14048.0,0.8385707139968872
4.19921875,14048.0,0.8385967016220093
4.19921875,14048.0,0.8386240005493164
4.1953125,14048.0,0.8386498093605042
4.1953125,14048.0,0.8386753797531128
4.1953125,14048.0,0.838702380657196
4.19140625,14048.0,0.8387256860733032
4.19140625,14048.0,0.8387511372566223
4.19140625,14048.0,0.8387748003005981
4.1875,14048.0,0.8388020992279053
4.1875,14048.0,0.8388293385505676
4.1875,14048.0,0.8388553261756897
4.1875,14048.0,0.8388779163360596
4.1875,14048.0,0.8389009237289429
4.1875,14048.0,0.8389257788658142
4.1875,14048.0,0.8389512300491333
4.1875,14048.0,0.838976263999939
4.1875,14048.0,0.8390044569969177
4.1875,14048.0,0.8390291333198547
4.1875,14048.0,0.8390524983406067
4.1875,14048.0,0.8390786647796631
4.1875,14048.0,0.8391051292419434
4.19140625,14048.0,0.8391315340995789
4.19140625,14048.0,0.8391562700271606
4.19140625,14048.0,0.8391803503036499
4.19140625,14048.0,0.8392069339752197
4.1953125,14056.0,0.8392335772514343
4.1953125,14056.0,0.8392576575279236
4.1953125,14056.0,0.839282214641571
4.19921875,14056.0,0.8393077254295349
4.19921875,14056.0,0.8393334150314331
4.19921875,14056.0,0.8393592834472656
4.203125,14056.0,0.8393846750259399
4.203125,14056.0,0.8394115567207336
4.20703125,14056.0,0.8394356966018677
4.20703125,14056.0,0.8394619226455688
4.2109375,14056.0,0.8394859433174133
4.2109375,14056.0,0.8395099639892578
4.21484375,14056.0,0.8395385146141052
4.21484375,14056.0,0.839562714099884
4.21875,14056.0,0.8395900130271912
4.21875,14056.0,0.8396138548851013
4.22265625,14056.0,0.8396356701850891
4.2265625,14056.0,0.8396591544151306
4.2265625,14056.0,0.8396869897842407
4.23046875,14056.0,0.8397142291069031
4.234375,14056.0,0.8397395610809326
4.23828125,14056.0,0.8397654891014099
4.23828125,14056.0,0.8397911787033081
4.2421875,14056.0,0.8398162126541138
4.24609375,14056.0,0.8398420214653015
4.25,14056.0,0.8398677706718445
4.25390625,14056.0,0.8398929238319397
4.2578125,14056.0,0.8399224877357483
4.26171875,14056.0,0.839950442314148
4.265625,14056.0,0.8399732112884521
4.26953125,14056.0,0.8399991393089294
4.2734375,14056.0,0.8400208950042725
4.27734375,14056.0,0.8400444388389587
4.28125,14056.0,0.8400698900222778
4.2890625,14056.0,0.8400992751121521
4.29296875,14056.0,0.8401235938072205
4.296875,14056.0,0.8401479721069336
4.3046875,14056.0,0.8401725888252258
4.30859375,14056.0,0.8401959538459778
4.3125,14056.0,0.8402220606803894
4.3203125,14056.0,0.8402495980262756
4.32421875,14056.0,0.8402750492095947
4.33203125,14056.0,0.8403003215789795
4.3359375,14056.0,0.8403241038322449
4.34375,14056.0,0.8403463959693909
4.34765625,14056.0,0.8403707146644592
4.35546875,14056.0,0.84039705991745
4.36328125,14056.0,0.8404250741004944
4.37109375,14056.0,0.8404489755630493
4.37890625,14056.0,0.8404732346534729
4.38671875,14056.0,0.8404968976974487
4.390625,14056.0,0.8405201435089111
4.3984375,14056.0,0.8405437469482422
4.41015625,14056.0,0.8405731320381165
4.41796875,14056.0,0.8405984044075012
4.42578125,14056.0,0.8406226634979248
4.43359375,14056.0,0.8406470417976379
4.4453125,14056.0,0.8406732082366943
4.453125,14056.0,0.8406990170478821
4.4609375,14056.0,0.8407251238822937
4.47265625,14056.0,0.8407544493675232
4.484375,14056.0,0.840778648853302
4.4921875,14056.0,0.8408045172691345
4.50390625,14056.0,0.8408294320106506
4.51171875,14056.0,0.8408525586128235
4.5234375,14056.0,0.8408769369125366
4.53515625,14056.0,0.8409020900726318
4.546875,14056.0,0.8409295678138733
4.55859375,14056.0,0.840958297252655
4.5703125,14056.0,0.8409834504127502
4.58203125,14064.0,0.8410084247589111
4.59375,14064.0,0.8410369157791138
4.60546875,14064.0,0.8410618305206299
4.6171875,14064.0,0.841087281703949
4.62890625,14064.0,0.8411089777946472
4.640625,14064.0,0.8411328196525574
4.65234375,14064.0,0.8411582708358765
4.6640625,14064.0,0.8411819934844971
4.67578125,14064.0,0.8412054777145386
4.69140625,14064.0,0.8412298560142517
4.703125,14064.0,0.841253936290741
4.71875,14064.0,0.8412824869155884
4.734375,14064.0,0.8413081169128418
4.74609375,14064.0,0.8413329720497131
4.76171875,14064.0,0.8413554430007935
4.7734375,14064.0,0.8413808941841125
4.7890625,14064.0,0.8414049744606018
4.8046875,14064.0,0.8414297699928284
4.8203125,14064.0,0.8414607644081116
4.83203125,14064.0,0.8414783477783203
4.84765625,14064.0,0.8415012955665588
4.859375,14064.0,0.8415231108665466
4.875,14064.0,0.841546356678009
4.88671875,14064.0,0.8415704965591431
4.90234375,14064.0,0.8415941596031189
4.921875,14064.0,0.8416205048561096
4.93359375,14064.0,0.8416428565979004
4.94921875,14064.0,0.8416656255722046
4.96484375,14064.0,0.8416898250579834
4.984375,14064.0,0.8417146801948547
5.0,14064.0,0.8417377471923828
5.015625,14064.0,0.8417616486549377
5.03125,14064.0,0.8417866230010986
5.05078125,14064.0,0.8418115377426147
5.06640625,14064.0,0.8418357968330383
5.0859375,14064.0,0.841866135597229
5.1015625,14064.0,0.841890275478363
5.12109375,14064.0,0.8419151306152344
5.140625,14064.0,0.8419407606124878
5.15625,14064.0,0.8419658541679382
5.17578125,14064.0,0.841989278793335
5.1953125,14064.0,0.8420149087905884
5.2109375,14064.0,0.8420394062995911
5.23046875,14064.0,0.8420628905296326
5.25,14064.0,0.8420901298522949
5.26953125,14064.0,0.8421163558959961
5.2890625,14064.0,0.8421382308006287
5.30859375,14064.0,0.8421671986579895
5.33203125,14064.0,0.8421919941902161
5.34765625,14064.0,0.8422146439552307
5.3671875,14064.0,0.8422375321388245
5.38671875,14064.0,0.8422611951828003
5.40625,14064.0,0.8422833681106567
5.4296875,14064.0,0.8423144221305847
5.44921875,14064.0,0.8423365950584412
5.46875,14064.0,0.8423612117767334
5.48828125,14064.0,0.8423839807510376
5.51171875,14064.0,0.8424108624458313
5.53125,14064.0,0.8424336910247803
5.5546875,14064.0,0.8424646854400635
5.578125,14064.0,0.8424907922744751
5.6015625,14064.0,0.8425143361091614
5.62109375,14064.0,0.8425365090370178
5.640625,14064.0,0.8425605297088623
5.66015625,14064.0,0.8425853252410889
5.68359375,14064.0,0.8426066637039185
5.70703125,14064.0,0.8426390290260315
5.734375,14064.0,0.8426634669303894
5.75390625,14064.0,0.8426893949508667
5.77734375,14064.0,0.8427117466926575
5.796875,14064.0,0.84273362159729
5.81640625,14072.0,0.8427560329437256
5.83984375,14072.0,0.8427805304527283
5.86328125,14072.0,0.8428062796592712
5.8828125,14072.0,0.8428294658660889
5.9140625,14072.0,0.8428646922111511
5.9375,14072.0,0.8428851962089539
5.95703125,14072.0,0.8429028391838074
5.97265625,14072.0,0.8429229855537415
5.99609375,14072.0,0.8429449200630188
6.015625,14072.0,0.8429657220840454
6.03515625,14072.0,0.8429880142211914
6.05859375,14072.0,0.8430123329162598
6.08203125,14072.0,0.8430381417274475
6.1015625,14072.0,0.8430585861206055
6.12109375,14072.0,0.8430818915367126
6.15234375,14072.0,0.8431141972541809
6.171875,14072.0,0.8431333303451538
6.1875,14072.0,0.8431488275527954
6.2109375,14072.0,0.8431720733642578
6.23046875,14072.0,0.8431969285011292
6.2578125,14072.0,0.8432220816612244
6.27734375,14072.0,0.8432435989379883
6.3046875,14072.0,0.8432719707489014
6.328125,14072.0,0.8432955741882324
6.3515625,14072.0,0.843323290348053
6.37890625,14072.0,0.8433487415313721
6.40234375,14072.0,0.8433740735054016
6.4296875,14072.0,0.8434004187583923
6.453125,14072.0,0.8434268236160278
6.4765625,14072.0,0.8434519171714783
6.5,14072.0,0.8434749245643616
6.51953125,14072.0,0.8434978723526001
6.54296875,14072.0,0.8435220122337341
6.56640625,14072.0,0.843544065952301
6.58984375,14072.0,0.8435693383216858
6.609375,14072.0,0.8435938358306885
6.63671875,14072.0,0.8436190485954285
6.66015625,14072.0,0.8436424732208252
6.6796875,14072.0,0.8436625003814697
6.69921875,14072.0,0.843686044216156
6.7265625,14072.0,0.8437138199806213
6.75,14072.0,0.8437397480010986
6.7734375,14072.0,0.8437633514404297
6.79296875,14072.0,0.8437848687171936
6.81640625,14072.0,0.8438093662261963
6.8359375,14072.0,0.8438303470611572
6.85546875,14072.0,0.8438528776168823
6.8828125,14072.0,0.843880832195282
6.90234375,14072.0,0.8439040184020996
6.93359375,14072.0,0.8439327478408813
6.94921875,14072.0,0.8439512252807617
6.96484375,14072.0,0.8439691066741943
6.98828125,14072.0,0.8439947366714478
7.0078125,14072.0,0.8440151810646057
7.02734375,14072.0,0.8440422415733337
7.0546875,14072.0,0.8440659046173096
7.07421875,14072.0,0.8440886735916138
7.09375,14072.0,0.8441107869148254
7.11328125,14072.0,0.8441334366798401
7.13671875,14072.0,0.844157874584198
7.16015625,14072.0,0.8441853523254395
7.17578125,14072.0,0.8442062735557556
7.19921875,14072.0,0.8442297577857971
7.21875,14072.0,0.8442525863647461
7.23828125,14072.0,0.8442748785018921
7.2578125,14072.0,0.844298243522644
7.27734375,14072.0,0.844319760799408
7.29296875,14072.0,0.8443419933319092
7.3125,14072.0,0.8443642854690552
7.33203125,14072.0,0.8443880677223206
7.3515625,14072.0,0.8444097638130188
7.37109375,14072.0,0.8444322347640991
7.390625,14072.0,0.8444563746452332
7.41015625,14072.0,0.8444850444793701
7.43359375,14072.0,0.8445094227790833
7.44921875,14072.0,0.8445315361022949
7.46875,14072.0,0.8445544838905334
7.48828125,14080.0,0.8445766568183899
7.50390625,14080.0,0.844601035118103
7.5234375,14080.0,0.8446254730224609
7.54296875,14080.0,0.8446496725082397
7.5625,14080.0,0.8446796536445618
7.58203125,14080.0,0.8446996808052063
7.59375,14080.0,0.8447204232215881
7.609375,14080.0,0.8447427749633789
7.62890625,14080.0,0.8447636961936951
7.64453125,14080.0,0.8447911739349365
7.6640625,14080.0,0.8448188900947571
7.6796875,14080.0,0.8448408246040344
7.6953125,14080.0,0.8448633551597595
7.7109375,14080.0,0.8448865413665771
7.7265625,14080.0,0.8449066877365112
7.7421875,14080.0,0.8449285626411438
7.7578125,14080.0,0.8449611663818359
7.77734375,14080.0,0.8449850082397461
7.7890625,14080.0,0.8450071811676025
7.8046875,14080.0,0.84502774477005
7.81640625,14080.0,0.8450509905815125
7.83203125,14080.0,0.8450742363929749
7.84375,14080.0,0.8450952172279358
7.85546875,14080.0,0.8451200127601624
7.87109375,14080.0,0.8451458811759949
7.88671875,14080.0,0.8451709151268005
7.8984375,14080.0,0.845192015171051
7.9140625,14080.0,0.8452176451683044
7.92578125,14080.0,0.8452385067939758
7.93359375,14080.0,0.8452613949775696
7.9453125,14080.0,0.845284104347229
7.9609375,14080.0,0.8453118205070496
7.97265625,14080.0,0.8453356623649597
7.984375,14080.0,0.8453618884086609
7.99609375,14080.0,0.8453862071037292
8.0,14080.0,0.8454082608222961
8.015625,14080.0,0.8454310297966003
8.0234375,14080.0,0.845456600189209
8.03125,14080.0,0.8454832434654236
8.0390625,14080.0,0.845506489276886
8.046875,14080.0,0.8455280065536499
8.0625,14080.0,0.845553994178772
8.0703125,14080.0,0.8455780744552612
8.078125,14080.0,0.8456112146377563
8.0859375,14080.0,0.8456370830535889
8.09375,14080.0,0.8456631898880005
8.1015625,14080.0,0.8456873297691345
8.109375,14080.0,0.8457071185112
8.1171875,14080.0,0.8457318544387817
8.1171875,14080.0,0.8457562327384949
8.125,14080.0,0.8457785844802856
8.1328125,14080.0,0.845802366733551
8.1328125,14080.0,0.8458243608474731
8.140625,14080.0,0.8458467125892639
8.140625,14080.0,0.8458714485168457
8.1484375,14080.0,0.8458945155143738
8.1484375,14080.0,0.845917820930481
8.15625,14080.0,0.8459408283233643
8.15625,14080.0,0.8459652662277222
8.15625,14080.0,0.8459937572479248
8.1640625,14080.0,0.846015214920044
8.1640625,14080.0,0.8460370302200317
8.1640625,14080.0,0.8460597395896912
8.1640625,14080.0,0.8460814952850342
8.171875,14080.0,0.8461083769798279
8.171875,14080.0,0.8461344242095947
8.171875,14080.0,0.8461555242538452
8.171875,14080.0,0.8461786508560181
8.171875,14080.0,0.8461993336677551
8.171875,14080.0,0.8462221026420593
8.171875,14080.0,0.8462491631507874
8.171875,14080.0,0.8462767601013184
8.1640625,14080.0,0.8463000655174255
8.1640625,14080.0,0.8463230729103088
8.1640625,14080.0,0.8463453650474548
8.1640625,14080.0,0.8463681936264038
8.1640625,14088.0,0.8463906645774841
8.15625,14088.0,0.84641432762146
8.15625,14088.0,0.8464357256889343
8.1484375,14088.0,0.8464587926864624
8.1484375,14088.0,0.8464800715446472
8.1484375,14088.0,0.8465010523796082
8.140625,14088.0,0.8465256094932556
8.140625,14088.0,0.8465523719787598
8.1328125,14088.0,0.8465795516967773
8.125,14088.0,0.8465946316719055
8.125,14088.0,0.8466160297393799
8.1171875,14088.0,0.8466396331787109
8.1171875,14088.0,0.8466614484786987
8.109375,14088.0,0.846686065196991
8.1015625,14088.0,0.846707820892334
8.09375,14088.0,0.8467394113540649
8.0859375,14088.0,0.8467638492584229
8.078125,14088.0,0.8467850089073181
8.0703125,14088.0,0.8468084931373596
8.0625,14088.0,0.8468299508094788
8.0546875,14088.0,0.8468514680862427
8.0546875,14088.0,0.8468749523162842
8.0390625,14088.0,0.8468964695930481
8.03125,14088.0,0.8469182252883911
8.0234375,14088.0,0.8469426035881042
8.015625,14088.0,0.8469701409339905
8.0078125,14088.0,0.8469915390014648
8.0,14088.0,0.8470146656036377
7.9921875,14088.0,0.8470367193222046
7.98046875,14088.0,0.8470578789710999
7.97265625,14088.0,0.8470793962478638
7.9609375,14088.0,0.8471035957336426
7.94921875,14088.0,0.847133457660675
7.9375,14088.0,0.8471565842628479
7.9296875,14088.0,0.8471783399581909
7.91796875,14088.0,0.8471991419792175
7.90625,14088.0,0.847222626209259
7.8984375,14088.0,0.8472444415092468
7.8828125,14088.0,0.8472718000411987
7.875,14088.0,0.847290575504303
7.86328125,14088.0,0.8473129868507385
7.84765625,14088.0,0.847343385219574
7.8359375,14088.0,0.8473663330078125
7.82421875,14088.0,0.8473920226097107
7.8125,14088.0,0.8474152088165283
7.796875,14088.0,0.8474417328834534
7.78515625,14088.0,0.8474652171134949
7.7734375,14088.0,0.847486674785614
7.7578125,14088.0,0.8475122451782227
7.74609375,14088.0,0.8475338816642761
7.734375,14088.0,0.8475604057312012
7.71875,14088.0,0.8475817441940308
7.70703125,14088.0,0.8476008772850037
7.6953125,14088.0,0.8476241230964661
7.68359375,14088.0,0.8476495146751404
7.66796875,14088.0,0.8476709127426147
7.65625,14088.0,0.8476939797401428
7.64453125,14088.0,0.8477155566215515
7.62890625,14088.0,0.8477394580841064
7.61328125,14088.0,0.8477625250816345
7.6015625,14088.0,0.847787618637085
7.5859375,14088.0,0.8478118181228638
7.57421875,14088.0,0.847834050655365
7.55859375,14088.0,0.8478570580482483
7.546875,14088.0,0.8478783369064331
7.53125,14088.0,0.8479024171829224
7.515625,14088.0,0.8479304909706116
7.49609375,14088.0,0.8479558825492859
7.484375,14088.0,0.8479800820350647
7.46875,14088.0,0.8480033874511719
7.453125,14088.0,0.8480292558670044
7.43359375,14088.0,0.8480555415153503
7.41796875,14088.0,0.8480809926986694
7.40625,14088.0,0.8481016755104065
7.390625,14088.0,0.8481258153915405
7.375,14096.0,0.8481498956680298
7.359375,14096.0,0.8481739163398743
7.33984375,14096.0,0.8481988310813904
7.32421875,14096.0,0.8482236862182617
7.30859375,14096.0,0.8482477068901062
7.29296875,14096.0,0.8482705354690552
7.27734375,14096.0,0.8482918739318848
7.26171875,14096.0,0.8483153581619263
7.24609375,14096.0,0.8483384847640991
7.23046875,14096.0,0.8483597636222839
7.2109375,14096.0,0.848385751247406
7.1953125,14096.0,0.8484094738960266
7.1796875,14096.0,0.8484323024749756
7.16015625,14096.0,0.848456084728241
7.14453125,14096.0,0.8484834432601929
7.125,14096.0,0.8485067486763
7.10546875,14096.0,0.8485317826271057
7.08984375,14096.0,0.8485530018806458
7.07421875,14096.0,0.8485741019248962
7.0546875,14096.0,0.8485994338989258
7.03515625,14096.0,0.8486264944076538
7.015625,14096.0,0.8486486077308655
6.99609375,14096.0,0.8486797213554382
6.9765625,14096.0,0.8486992120742798
6.9609375,14096.0,0.8487202525138855
6.9453125,14096.0,0.8487436771392822
6.92578125,14096.0,0.8487673997879028
6.90625,14096.0,0.8487889766693115
6.890625,14096.0,0.848811686038971
6.87109375,14096.0,0.8488358855247498
6.8515625,14096.0,0.8488603234291077
6.83203125,14096.0,0.8488831520080566
6.80859375,14096.0,0.8489111661911011
6.79296875,14096.0,0.848930299282074
6.7734375,14096.0,0.8489535450935364
6.7578125,14096.0,0.8489753603935242
6.73828125,14096.0,0.848997950553894
6.71875,14096.0,0.8490210771560669
6.69921875,14096.0,0.8490439653396606
6.68359375,14096.0,0.8490655422210693
6.6640625,14096.0,0.8490892648696899
6.64453125,14096.0,0.84911048412323
6.625,14096.0,0.849134624004364
6.60546875,14096.0,0.8491564989089966
6.5859375,14096.0,0.8491779565811157
6.56640625,14096.0,0.8492011427879333
6.546875,14096.0,0.8492271900177002
6.5234375,14096.0,0.8492515087127686
6.50390625,14096.0,0.8492777347564697
6.48046875,14096.0,0.8493028283119202
6.4609375,14096.0,0.8493292331695557
6.4375,14096.0,0.8493563532829285
6.4140625,14096.0,0.8493816256523132
6.39453125,14096.0,0.8494043946266174
6.375,14096.0,0.8494290709495544
6.34765625,14096.0,0.8494597673416138
6.32421875,14096.0,0.849483847618103
6.3046875,14096.0,0.8495059013366699
6.28515625,14096.0,0.8495284914970398
6.265625,14096.0,0.8495514392852783
6.25,14096.0,0.8495736718177795
6.2265625,14096.0,0.8495953679084778
6.20703125,14096.0,0.8496199250221252
6.1875,14096.0,0.8496426343917847
6.16796875,14096.0,0.8496694564819336
6.14453125,14096.0,0.8496921062469482
6.12109375,14096.0,0.8497166037559509
6.1015625,14096.0,0.8497402667999268
6.08203125,14096.0,0.8497618436813354
6.0625,14096.0,0.8497835397720337
6.04296875,14096.0,0.8498072028160095
6.0234375,14096.0,0.8498303294181824
6.00390625,14096.0,0.8498544692993164
5.984375,14096.0,0.8498773574829102
5.9609375,14104.0,0.8499025702476501
5.9375,14104.0,0.8499270081520081
5.91796875,14104.0,0.8499507904052734
5.90234375,14104.0,0.849972128868103
5.87890625,14104.0,0.8499966263771057
5.859375,14104.0,0.8500202894210815
5.83203125,14104.0,0.8500524759292603
5.81640625,14104.0,0.8500687479972839
5.80078125,14104.0,0.8500855565071106
5.78515625,14104.0,0.8501060009002686
5.765625,14104.0,0.850130021572113
5.74609375,14104.0,0.8501543998718262
5.72265625,14104.0,0.8501773476600647
5.703125,14104.0,0.8502019643783569
5.68359375,14104.0,0.8502241969108582
5.6640625,14104.0,0.8502495288848877
5.640625,14104.0,0.8502789735794067
5.6171875,14104.0,0.8503016829490662
5.59765625,14104.0,0.8503252267837524
5.578125,14104.0,0.850351870059967
5.55859375,14104.0,0.8503751158714294
5.5390625,14104.0,0.8503990769386292
5.515625,14104.0,0.8504236936569214
5.49609375,14104.0,0.8504459261894226
5.4765625,14104.0,0.8504726886749268
5.453125,14104.0,0.8505005836486816
5.43359375,14104.0,0.8505234718322754
5.4140625,14104.0,0.8505472540855408
5.39453125,14104.0,0.8505718111991882
5.375,14104.0,0.8505994081497192
5.3515625,14104.0,0.8506273627281189
5.328125,14104.0,0.8506531715393066
5.30859375,14104.0,0.8506777882575989
5.2890625,14104.0,0.8507025241851807
5.26953125,14104.0,0.8507259488105774
5.25,14104.0,0.8507561683654785
5.2265625,14104.0,0.8507763147354126
5.21484375,14104.0,0.8507980704307556
5.1953125,14104.0,0.8508190512657166
5.1796875,14104.0,0.8508434295654297
5.15625,14104.0,0.8508685231208801
5.140625,14104.0,0.8508898615837097
5.125,14104.0,0.8509137630462646
5.10546875,14104.0,0.8509376645088196
5.0859375,14104.0,0.8509608507156372
5.0703125,14104.0,0.8509844541549683
5.05078125,14104.0,0.8510108590126038
5.03125,14104.0,0.8510338068008423
5.015625,14104.0,0.8510570526123047
5.0,14104.0,0.8510811924934387
4.98046875,14104.0,0.8511056303977966
4.9609375,14104.0,0.8511335253715515
4.94140625,14104.0,0.8511590361595154
4.921875,14104.0,0.8511847853660583
4.90625,14104.0,0.8512073159217834
4.890625,14104.0,0.851233184337616
4.87109375,14104.0,0.8512570858001709
4.85546875,14104.0,0.8512830138206482
4.8359375,14104.0,0.8513093590736389
4.81640625,14104.0,0.851336658000946
4.80078125,14104.0,0.8513622283935547
4.78515625,14104.0,0.8513866662979126
4.765625,14104.0,0.851412832736969
4.75,14104.0,0.8514361381530762
4.734375,14104.0,0.8514622449874878
4.71875,14104.0,0.8514875769615173
4.703125,14104.0,0.8515143990516663
4.68359375,14104.0,0.851540744304657
4.66796875,14104.0,0.8515646457672119
4.65234375,14104.0,0.8515909910202026
4.640625,14104.0,0.8516142964363098
4.625,14104.0,0.8516365885734558
4.61328125,14104.0,0.8516610860824585
4.59765625,14104.0,0.851685106754303
4.58203125,14112.0,0.8517098426818848
4.5703125,14112.0,0.8517311215400696
4.55859375,14112.0,0.8517575860023499
4.54296875,14112.0,0.8517819046974182
4.52734375,14112.0,0.8518071174621582
4.515625,14112.0,0.8518354892730713
4.50390625,14112.0,0.8518573641777039
4.4921875,14112.0,0.8518798351287842
4.48046875,14112.0,0.8519025444984436
4.46484375,14112.0,0.8519272804260254
4.453125,14112.0,0.8519534468650818
4.44140625,14112.0,0.8519772887229919
4.4296875,14112.0,0.8520054221153259
4.41796875,14112.0,0.8520262241363525
4.40625,14112.0,0.8520494699478149
4.3984375,14112.0,0.8520729541778564
4.38671875,14112.0,0.8520964980125427
4.375,14112.0,0.8521208763122559
4.3671875,14112.0,0.8521445393562317
4.35546875,14112.0,0.8521711826324463
4.34375,14112.0,0.852196216583252
4.3359375,14112.0,0.8522191047668457
4.32421875,14112.0,0.8522406816482544
4.31640625,14112.0,0.8522644639015198
4.30859375,14112.0,0.8522904515266418
4.296875,14112.0,0.8523183465003967
4.2890625,14112.0,0.8523433804512024
4.27734375,14112.0,0.852369487285614
4.26953125,14112.0,0.8523933291435242
4.26171875,14112.0,0.8524188995361328
4.25390625,14112.0,0.85244220495224
4.24609375,14112.0,0.8524647355079651
4.23828125,14112.0,0.8524864912033081
4.23046875,14112.0,0.8525092601776123
4.22265625,14112.0,0.8525312542915344
4.21875,14112.0,0.8525539636611938
4.2109375,14112.0,0.8525766134262085
4.203125,14112.0,0.8526005744934082
4.1953125,14112.0,0.852627158164978
4.1875,14112.0,0.8526543974876404
4.18359375,14112.0,0.8526791334152222
4.17578125,14112.0,0.8527052402496338
4.171875,14112.0,0.852729082107544
4.1640625,14112.0,0.8527515530586243
4.16015625,14112.0,0.8527756333351135
4.15234375,14112.0,0.8528022766113281
4.1484375,14112.0,0.8528286218643188
4.140625,14112.0,0.8528547883033752
4.13671875,14112.0,0.8528781533241272
4.1328125,14112.0,0.8529039025306702
4.12890625,14112.0,0.8529272675514221
4.12109375,14112.0,0.8529521822929382
4.1171875,14112.0,0.8529785871505737
4.11328125,14112.0,0.8530020117759705
4.109375,14112.0,0.8530310392379761
4.10546875,14112.0,0.8530547618865967
4.10546875,14112.0,0.853078305721283
4.1015625,14112.0,0.8531035780906677
4.09765625,14112.0,0.8531333804130554
4.09375,14112.0,0.8531558513641357
4.09375,14112.0,0.8531806468963623
4.08984375,14112.0,0.8532029986381531
4.0859375,14112.0,0.8532295823097229
4.0859375,14112.0,0.8532544374465942
4.0859375,14112.0,0.8532779812812805
4.08203125,14112.0,0.8533051609992981
4.08203125,14112.0,0.8533278107643127
4.08203125,14112.0,0.8533523678779602
4.078125,14112.0,0.8533760905265808
4.078125,14112.0,0.8534013628959656
4.078125,14112.0,0.8534270524978638
4.078125,14112.0,0.8534500002861023
4.078125,14112.0,0.8534772396087646
4.078125,14120.0,0.8535014390945435
4.08203125,14120.0,0.8535265326499939
4.08203125,14120.0,0.8535497188568115
4.08203125,14120.0,0.8535740375518799
4.08203125,14120.0,0.8536019921302795
4.0859375,14120.0,0.8536257147789001
4.0859375,14120.0,0.8536513447761536
4.08984375,14120.0,0.8536785840988159
4.09375,14120.0,0.8537091016769409
4.09375,14120.0,0.8537322878837585
4.09765625,14120.0,0.8537572622299194
4.1015625,14120.0,0.8537842035293579
4.10546875,14120.0,0.8538076877593994
4.109375,14120.0,0.8538341522216797
4.109375,14120.0,0.8538571000099182
4.11328125,14120.0,0.8538821339607239
4.12109375,14120.0,0.8539068102836609
4.125,14120.0,0.8539336323738098
4.1328125,14120.0,0.8539661765098572
4.13671875,14120.0,0.8539867401123047
4.140625,14120.0,0.8540073037147522
4.14453125,14120.0,0.8540298938751221
4.15234375,14120.0,0.8540545701980591
4.15625,14120.0,0.8540806174278259
4.1640625,14120.0,0.854102373123169
4.16796875,14120.0,0.8541268110275269
4.17578125,14120.0,0.8541513681411743
4.18359375,14120.0,0.8541780114173889
4.19140625,14120.0,0.8542038798332214
4.19921875,14120.0,0.8542291522026062
4.20703125,14120.0,0.8542538285255432
4.21484375,14120.0,0.8542817831039429
4.22265625,14120.0,0.8543069362640381
4.23046875,14120.0,0.8543301820755005
4.23828125,14120.0,0.8543550968170166
4.24609375,14120.0,0.8543787002563477
4.2578125,14120.0,0.8544044494628906
4.265625,14120.0,0.8544282913208008
4.2734375,14120.0,0.8544508218765259
4.28125,14120.0,0.854475736618042
4.29296875,14120.0,0.8545013666152954
4.3046875,14120.0,0.8545345664024353
4.31640625,14120.0,0.8545568585395813
4.32421875,14120.0,0.8545793890953064
4.3359375,14120.0,0.8546017408370972
4.34375,14120.0,0.8546234965324402
4.35546875,14120.0,0.8546470999717712
4.3671875,14120.0,0.8546720147132874
4.37890625,14120.0,0.8546977639198303
4.38671875,14120.0,0.8547191619873047
4.3984375,14120.0,0.8547424674034119
4.41015625,14120.0,0.8547690510749817
4.421875,14120.0,0.8547960519790649
4.4375,14120.0,0.8548191785812378
4.4453125,14120.0,0.8548428416252136
4.4609375,14120.0,0.854867696762085
4.47265625,14120.0,0.8548965454101562
4.484375,14120.0,0.854918897151947
4.49609375,14120.0,0.8549419641494751
4.5078125,14120.0,0.8549644947052002
4.5234375,14120.0,0.8549893498420715
4.53515625,14120.0,0.8550125956535339
4.546875,14120.0,0.8550399541854858
4.5625,14120.0,0.8550649881362915
4.578125,14120.0,0.8550897836685181
4.58984375,14120.0,0.85511314868927
4.60546875,14120.0,0.8551396131515503
4.6171875,14120.0,0.8551643490791321
4.6328125,14120.0,0.8551878333091736
4.6484375,14120.0,0.8552178740501404
4.6640625,14128.0,0.8552427887916565
4.67578125,14128.0,0.8552664518356323
4.69140625,14128.0,0.8552905917167664
4.70703125,14128.0,0.8553141355514526
4.71875,14128.0,0.8553378582000732
4.734375,14128.0,0.8553653955459595
4.75390625,14128.0,0.8553919792175293
4.765625,14128.0,0.8554151654243469
4.78125,14128.0,0.8554372191429138
4.79296875,14128.0,0.8554606437683105
4.80859375,14128.0,0.8554856777191162
4.82421875,14128.0,0.8555112481117249
4.84375,14128.0,0.855537474155426
4.859375,14128.0,0.8555653095245361
4.87890625,14128.0,0.8555902242660522
4.890625,14128.0,0.8556147217750549
4.90625,14128.0,0.8556367754936218
4.921875,14128.0,0.8556609153747559
4.94140625,14128.0,0.8556923270225525
4.95703125,14128.0,0.8557162284851074
4.97265625,14128.0,0.8557369709014893
4.98828125,14128.0,0.8557600975036621
5.00390625,14128.0,0.8557860851287842
5.01953125,14128.0,0.8558105230331421
5.03515625,14128.0,0.8558357954025269
5.05078125,14128.0,0.8558599352836609
5.0703125,14128.0,0.8558858036994934
5.0859375,14128.0,0.8559100031852722
5.1015625,14128.0,0.855935275554657
5.1171875,14128.0,0.855959951877594
5.13671875,14128.0,0.8559812903404236
5.1484375,14128.0,0.8560047149658203
5.16796875,14128.0,0.8560314178466797
5.18359375,14128.0,0.8560565710067749
5.203125,14128.0,0.8560808897018433
5.21875,14128.0,0.8561045527458191
5.234375,14128.0,0.8561295866966248
5.25,14128.0,0.8561550974845886
5.26953125,14128.0,0.8561803102493286
5.28515625,14128.0,0.8562060594558716
5.3046875,14128.0,0.8562307357788086
5.3203125,14128.0,0.8562565445899963
5.3359375,14128.0,0.8562819957733154
5.35546875,14128.0,0.8563035726547241
5.3671875,14128.0,0.8563251495361328
5.38671875,14128.0,0.8563504219055176
5.40234375,14128.0,0.856373131275177
5.41796875,14128.0,0.856395959854126
5.43359375,14128.0,0.8564196825027466
5.453125,14128.0,0.8564456105232239
5.47265625,14128.0,0.8564714193344116
5.4921875,14128.0,0.8564984202384949
5.5078125,14128.0,0.8565213680267334
5.52734375,14128.0,0.8565477728843689
5.546875,14128.0,0.8565754890441895
5.56640625,14128.0,0.8565996289253235
5.58203125,14128.0,0.8566248416900635
5.6015625,14128.0,0.8566491007804871
5.6171875,14128.0,0.856671154499054
5.6328125,14128.0,0.8566939830780029
5.65234375,14128.0,0.8567209243774414
5.67578125,14128.0,0.8567472100257874
5.6953125,14128.0,0.8567736744880676
5.7109375,14128.0,0.85679692029953
5.73046875,14128.0,0.8568196296691895
5.75,14128.0,0.8568452596664429
5.765625,14128.0,0.856866717338562
5.78125,14128.0,0.8568897843360901
5.80078125,14128.0,0.8569125533103943
5.81640625,14128.0,0.8569335341453552
5.8359375,14128.0,0.8569566607475281
5.85546875,14136.0,0.8569810390472412
5.87109375,14136.0,0.857002317905426
5.890625,14136.0,0.857025146484375
5.90625,14136.0,0.8570470213890076
5.92578125,14136.0,0.8570740818977356
5.94921875,14136.0,0.8570970296859741
5.96875,14136.0,0.8571215271949768
5.98828125,14136.0,0.8571469187736511
6.0078125,14136.0,0.8571692109107971
6.02734375,14136.0,0.857195258140564
6.046875,14136.0,0.8572161197662354
6.06640625,14136.0,0.8572419285774231
6.08984375,14136.0,0.8572668433189392
6.109375,14136.0,0.8572928309440613
6.1328125,14136.0,0.8573180437088013
6.15234375,14136.0,0.8573427796363831
6.171875,14136.0,0.8573660254478455
6.1953125,14136.0,0.8573922514915466
6.21484375,14136.0,0.8574162125587463
6.234375,14136.0,0.8574408888816833
6.25390625,14136.0,0.8574635982513428
6.2734375,14136.0,0.8574854135513306
6.29296875,14136.0,0.8575080037117004
6.31640625,14136.0,0.8575333952903748
6.33984375,14136.0,0.8575596809387207
6.359375,14136.0,0.8575823903083801
6.37890625,14136.0,0.8576067686080933
6.3984375,14136.0,0.8576290011405945
6.421875,14136.0,0.8576536178588867
6.44140625,14136.0,0.8576751351356506
6.4609375,14136.0,0.8576970100402832
6.48046875,14136.0,0.8577198386192322
6.5,14136.0,0.8577414751052856
6.51953125,14136.0,0.8577635288238525
6.54296875,14136.0,0.8577890992164612
6.5625,14136.0,0.8578102588653564
6.58203125,14136.0,0.8578331470489502
6.6015625,14136.0,0.8578549027442932
6.62109375,14136.0,0.8578793406486511
6.640625,14136.0,0.8579015135765076
6.66015625,14136.0,0.8579228520393372
6.68359375,14136.0,0.8579462766647339
6.703125,14136.0,0.8579727411270142
6.73046875,14136.0,0.8579995036125183
6.74609375,14136.0,0.8580198884010315
6.765625,14136.0,0.8580405712127686
6.78515625,14136.0,0.8580643534660339
6.8046875,14136.0,0.858087420463562
6.828125,14136.0,0.8581146001815796
6.8515625,14136.0,0.858138382434845
6.87109375,14136.0,0.8581600785255432
6.890625,14136.0,0.8581821918487549
6.90625,14136.0,0.8582032322883606
6.9296875,14136.0,0.858231246471405
6.953125,14136.0,0.8582550883293152
6.96875,14136.0,0.8582758903503418
6.98828125,14136.0,0.8582987785339355
7.0078125,14136.0,0.8583197593688965
7.02734375,14136.0,0.8583412170410156
7.046875,14136.0,0.8583677411079407
7.06640625,14136.0,0.8583899140357971
7.0859375,14136.0,0.8584139943122864
7.10546875,14136.0,0.8584364056587219
7.125,14136.0,0.8584583401679993
7.140625,14136.0,0.8584797382354736
7.16015625,14136.0,0.8585028052330017
7.1796875,14136.0,0.8585250377655029
7.1953125,14136.0,0.858546793460846
7.21484375,14136.0,0.8585689067840576
7.234375,14136.0,0.8585915565490723
7.25,14136.0,0.8586128354072571
7.26953125,14136.0,0.8586363792419434
7.28515625,14136.0,0.8586572408676147
7.3046875,14136.0,0.8586817383766174
7.32421875,14136.0,0.858707845211029
7.34375,14136.0,0.8587333559989929
7.36328125,14136.0,0.8587542176246643
7.3828125,14144.0,0.8587778806686401
7.3984375,14144.0,0.8588021397590637
7.41796875,14144.0,0.8588250875473022
7.4375,14144.0,0.8588488101959229
7.453125,14144.0,0.858871340751648
7.46875,14144.0,0.8588932752609253
7.48828125,14144.0,0.8589180707931519
7.50390625,14144.0,0.8589397668838501
7.51953125,14144.0,0.8589634895324707
7.5390625,14144.0,0.8589855432510376
7.5546875,14144.0,0.8590114712715149
7.57421875,14144.0,0.8590384125709534
7.58984375,14144.0,0.8590586185455322
7.60546875,14144.0,0.8590800762176514
7.62109375,14144.0,0.8591045141220093
7.63671875,14144.0,0.8591265082359314
7.65625,14144.0,0.8591538667678833
7.66796875,14144.0,0.8591707348823547
7.68359375,14144.0,0.8591943383216858
7.69921875,14144.0,0.8592202067375183
7.71484375,14144.0,0.8592432141304016
7.73046875,14144.0,0.8592657446861267
7.74609375,14144.0,0.8592869639396667
7.76171875,14144.0,0.8593190312385559
7.78125,14144.0,0.8593454957008362
7.79296875,14144.0,0.8593664765357971
7.80859375,14144.0,0.8593891263008118
7.82421875,14144.0,0.8594124913215637
7.8359375,14144.0,0.8594337701797485
7.84765625,14144.0,0.8594569563865662
7.86328125,14144.0,0.8594816327095032
7.875,14144.0,0.8595024347305298
7.88671875,14144.0,0.8595255017280579
7.8984375,14144.0,0.8595461845397949
7.9140625,14144.0,0.8595722913742065
7.92578125,14144.0,0.8595949411392212
7.9375,14144.0,0.8596178889274597
7.94921875,14144.0,0.8596404194831848
7.95703125,14144.0,0.8596612811088562
7.96875,14144.0,0.8596835732460022
7.98046875,14144.0,0.8597074747085571
7.9921875,14144.0,0.8597296476364136
8.0,14144.0,0.8597500920295715
8.0078125,14144.0,0.8597741723060608
8.0234375,14144.0,0.8598007559776306
8.03125,14144.0,0.8598222732543945
8.0390625,14144.0,0.8598436713218689
8.046875,14144.0,0.859866201877594
8.0546875,14144.0,0.8598872423171997
8.0625,14144.0,0.8599103689193726
8.0703125,14144.0,0.8599364161491394
8.0859375,14144.0,0.8599623441696167
8.09375,14144.0,0.8599835634231567
8.1015625,14144.0,0.8600057363510132
8.109375,14144.0,0.86003577709198
8.1171875,14144.0,0.8600590825080872
8.1171875,14144.0,0.8600794672966003
8.125,14144.0,0.8601023554801941
8.1328125,14144.0,0.8601269721984863
8.140625,14144.0,0.8601510524749756
8.140625,14144.0,0.8601740598678589
8.1484375,14144.0,0.8601953387260437
8.15625,14144.0,0.8602181077003479
8.15625,14144.0,0.8602408170700073
8.1640625,14144.0,0.8602620363235474
8.1640625,14144.0,0.8602842092514038
8.171875,14144.0,0.8603051900863647
8.171875,14144.0,0.8603284955024719
8.171875,14144.0,0.8603504300117493
8.1796875,14144.0,0.8603761792182922
8.1796875,14144.0,0.8603999614715576
8.1796875,14144.0,0.8604201078414917
8.1875,14144.0,0.8604440093040466
8.1875,14144.0,0.8604710698127747
8.1875,14144.0,0.8604952096939087
8.1875,14144.0,0.8605173826217651
8.1875,14144.0,0.8605422973632812
8.1953125,14152.0,0.8605677485466003
8.1953125,14152.0,0.8605920076370239
8.1953125,14152.0,0.8606137633323669
8.1953125,14152.0,0.860642671585083
8.1875,14152.0,0.8606632947921753
8.1875,14152.0,0.8606858849525452
8.1875,14152.0,0.8607099652290344
8.1875,14152.0,0.8607345819473267
8.1875,14152.0,0.8607548475265503
8.1875,14152.0,0.8607776761054993
8.1796875,14152.0,0.8608015179634094
8.1796875,14152.0,0.860826313495636
8.1796875,14152.0,0.8608472943305969
8.171875,14152.0,0.8608703017234802
8.171875,14152.0,0.860890805721283
8.1640625,14152.0,0.8609158396720886
8.1640625,14152.0,0.8609369397163391
8.1640625,14152.0,0.8609593510627747
8.15625,14152.0,0.8609835505485535
8.1484375,14152.0,0.8610062003135681
8.1484375,14152.0,0.8610332608222961
8.140625,14152.0,0.8610585331916809
8.1328125,14152.0,0.8610774278640747
8.1328125,14152.0,0.8611001968383789
8.125,14152.0,0.8611231446266174
8.1171875,14152.0,0.8611466884613037
8.109375,14152.0,0.8611679077148438
8.109375,14152.0,0.8611893057823181
8.1015625,14152.0,0.8612112402915955
8.09375,14152.0,0.8612335920333862
8.0859375,14152.0,0.8612550497055054
8.078125,14152.0,0.8612794876098633
8.0703125,14152.0,0.8613005876541138
8.0625,14152.0,0.8613278269767761
8.0546875,14152.0,0.8613495826721191
8.046875,14152.0,0.8613691926002502
8.0390625,14152.0,0.8613923788070679
8.0234375,14152.0,0.8614174127578735
8.015625,14152.0,0.8614386320114136
8.0078125,14152.0,0.861469566822052
7.99609375,14152.0,0.861491858959198
7.98828125,14152.0,0.8615131974220276
7.9765625,14152.0,0.861535370349884
7.96484375,14152.0,0.8615617752075195
7.95703125,14152.0,0.8615850210189819
7.94140625,14152.0,0.8616127371788025
7.9296875,14152.0,0.8616344332695007
7.91796875,14152.0,0.86165851354599
7.90625,14152.0,0.8616799116134644
7.890625,14152.0,0.8617042303085327
7.87890625,14152.0,0.8617259860038757
7.8671875,14152.0,0.8617478609085083
7.85546875,14152.0,0.8617695569992065
7.84375,14152.0,0.861791729927063
7.83203125,14152.0,0.8618130683898926
7.8203125,14152.0,0.8618344664573669
7.8046875,14152.0,0.861858069896698
7.7890625,14152.0,0.8618834614753723
7.7734375,14152.0,0.8619078397750854
7.76171875,14152.0,0.8619279861450195
7.74609375,14152.0,0.861952543258667
7.73046875,14152.0,0.861974835395813
7.71484375,14152.0,0.862002968788147
7.6953125,14152.0,0.8620261549949646
7.68359375,14152.0,0.8620482683181763
7.66796875,14152.0,0.8620736598968506
7.6484375,14152.0,0.862097442150116
7.6328125,14152.0,0.8621222972869873
7.61328125,14152.0,0.8621451258659363
7.59765625,14152.0,0.8621680736541748
7.58203125,14152.0,0.8621925711631775
7.5625,14152.0,0.8622168302536011
7.54296875,14152.0,0.8622419834136963
7.5234375,14152.0,0.8622689247131348
7.5078125,14152.0,0.8622920513153076
7.48828125,14160.0,0.8623160123825073
7.46875,14160.0,0.8623390793800354
7.4453125,14160.0,0.8623720407485962
7.421875,14160.0,0.8623979091644287
7.40625,14160.0,0.8624172210693359
7.390625,14160.0,0.8624393939971924
7.37109375,14160.0,0.8624591827392578
7.3515625,14160.0,0.8624808192253113
7.33203125,14160.0,0.8625102639198303
7.30859375,14160.0,0.8625342845916748
7.29296875,14160.0,0.8625563383102417
7.2734375,14160.0,0.8625760078430176
7.25390625,14160.0,0.8625991940498352
7.234375,14160.0,0.8626248836517334
7.2109375,14160.0,0.8626492619514465
7.19140625,14160.0,0.862670361995697
7.171875,14160.0,0.8626923561096191
7.15234375,14160.0,0.8627143502235413
7.1328125,14160.0,0.8627362251281738
7.11328125,14160.0,0.8627573847770691
7.08984375,14160.0,0.8627802729606628
7.0703125,14160.0,0.8628015518188477
7.05078125,14160.0,0.8628240823745728
7.02734375,14160.0,0.8628496527671814
7.00390625,14160.0,0.8628728985786438
6.984375,14160.0,0.8628972768783569
6.9609375,14160.0,0.8629236221313477
6.93359375,14160.0,0.8629486560821533
6.9140625,14160.0,0.8629684448242188
6.89453125,14160.0,0.8629928231239319
6.87109375,14160.0,0.8630185723304749
6.84765625,14160.0,0.8630406260490417
6.82421875,14160.0,0.8630647659301758
6.80078125,14160.0,0.863089919090271
6.77734375,14160.0,0.8631149530410767
6.75390625,14160.0,0.8631388545036316
6.734375,14160.0,0.8631613850593567
6.703125,14160.0,0.863190233707428
6.68359375,14160.0,0.8632096648216248
6.66796875,14160.0,0.8632313013076782
6.64453125,14160.0,0.8632553815841675
6.62109375,14160.0,0.8632776141166687
6.6015625,14160.0,0.8632986545562744
6.578125,14160.0,0.8633208870887756
6.55859375,14160.0,0.8633434772491455
6.5390625,14160.0,0.8633646368980408
6.51953125,14160.0,0.8633849024772644
6.49609375,14160.0,0.8634071946144104
6.4765625,14160.0,0.8634295463562012
6.453125,14160.0,0.8634539842605591
6.43359375,14160.0,0.8634747862815857
6.41015625,14160.0,0.8635050654411316
6.3828125,14160.0,0.8635278344154358
6.3671875,14160.0,0.8635486364364624
6.34375,14160.0,0.8635711073875427
6.32421875,14160.0,0.8635919094085693
6.3046875,14160.0,0.8636142015457153
6.28515625,14160.0,0.8636362552642822
6.26171875,14160.0,0.8636614084243774
6.2421875,14160.0,0.86368328332901
6.22265625,14160.0,0.8637067079544067
6.19921875,14160.0,0.863731324672699
6.17578125,14160.0,0.863754153251648
6.15234375,14160.0,0.8637807965278625
6.1328125,14160.0,0.8638021349906921
6.11328125,14160.0,0.8638262748718262
6.08984375,14160.0,0.8638527393341064
6.0625,14160.0,0.8638819456100464
6.04296875,14160.0,0.8639026284217834
6.0234375,14160.0,0.8639273643493652
6.00390625,14160.0,0.8639497756958008
5.984375,14160.0,0.8639733195304871
5.96484375,14160.0,0.8639957308769226
5.94140625,14160.0,0.8640201091766357
5.921875,14168.0,0.8640420436859131
5.90625,14168.0,0.8640626668930054
5.88671875,14168.0,0.8640837073326111
5.87109375,14168.0,0.8641046285629272
5.84375,14168.0,0.8641381859779358
5.8203125,14168.0,0.8641655445098877
5.80078125,14168.0,0.8641858696937561
5.78515625,14168.0,0.8642078042030334
5.765625,14168.0,0.8642303347587585
5.7421875,14168.0,0.8642561435699463
5.72265625,14168.0,0.86428302526474
5.703125,14168.0,0.8643071055412292
5.68359375,14168.0,0.8643302321434021
5.6640625,14168.0,0.8643572926521301
5.64453125,14168.0,0.8643813133239746
5.625,14168.0,0.8644029498100281
5.609375,14168.0,0.8644247055053711
5.58984375,14168.0,0.8644471764564514
5.57421875,14168.0,0.864470362663269
5.5546875,14168.0,0.8644956350326538
5.5390625,14168.0,0.8645172715187073
5.5234375,14168.0,0.8645405769348145
5.50390625,14168.0,0.8645618557929993
5.48828125,14168.0,0.8645850419998169
5.47265625,14168.0,0.8646066784858704
5.453125,14168.0,0.8646305203437805
5.4375,14168.0,0.8646564483642578
5.41796875,14168.0,0.8646817803382874
5.40234375,14168.0,0.8647030591964722
5.38671875,14168.0,0.8647260665893555
5.37109375,14168.0,0.8647487163543701
5.3515625,14168.0,0.8647757768630981
5.3359375,14168.0,0.8647990226745605
5.3203125,14168.0,0.8648223876953125
5.3046875,14168.0,0.8648436665534973
5.2890625,14168.0,0.8648653030395508
5.27734375,14168.0,0.8648878931999207
5.26171875,14168.0,0.8649104237556458
5.24609375,14168.0,0.8649318814277649
5.234375,14168.0,0.8649534583091736
5.21875,14168.0,0.864974856376648
5.203125,14168.0,0.8649976253509521
5.19140625,14168.0,0.8650193214416504
5.17578125,14168.0,0.8650418519973755
5.16015625,14168.0,0.8650660514831543
5.14453125,14168.0,0.8650894165039062
5.1328125,14168.0,0.8651127815246582
5.1171875,14168.0,0.8651407957077026
5.09375,14168.0,0.8651741147041321
5.08203125,14168.0,0.8651939630508423
5.0703125,14168.0,0.8652138710021973
5.0546875,14168.0,0.8652360439300537
5.04296875,14168.0,0.8652599453926086
5.02734375,14168.0,0.8652825951576233
5.01171875,14168.0,0.8653069138526917
4.99609375,14168.0,0.8653329014778137
4.984375,14168.0,0.8653573989868164
4.96875,14168.0,0.8653841018676758
4.953125,14168.0,0.8654066324234009
4.94140625,14168.0,0.8654278516769409
4.9296875,14168.0,0.8654512763023376
4.91796875,14168.0,0.8654724359512329
4.90234375,14168.0,0.8654965162277222
4.890625,14168.0,0.8655199408531189
4.875,14168.0,0.8655412793159485
4.86328125,14168.0,0.8655646443367004
4.8515625,14168.0,0.865588903427124
4.8359375,14168.0,0.865618109703064
4.8203125,14168.0,0.8656436800956726
4.8046875,14168.0,0.8656673431396484
4.79296875,14168.0,0.8656885027885437
4.78125,14168.0,0.8657107353210449
4.76953125,14168.0,0.8657338619232178
4.7578125,14168.0,0.8657582998275757
4.7421875,14168.0,0.8657840490341187
4.73046875,14168.0,0.865807294845581
4.71875,14176.0,0.8658344745635986
4.69921875,14176.0,0.8658639192581177
4.6875,14176.0,0.8658889532089233
4.67578125,14176.0,0.8659116625785828
4.6640625,14176.0,0.8659381866455078
4.65234375,14176.0,0.8659650087356567
4.63671875,14176.0,0.8659883141517639
4.62890625,14176.0,0.866008996963501
4.6171875,14176.0,0.8660317659378052
4.60546875,14176.0,0.8660537600517273
4.59375,14176.0,0.8660764098167419
4.58203125,14176.0,0.8661072254180908
4.5703125,14176.0,0.8661296367645264
4.55859375,14176.0,0.866152822971344
4.546875,14176.0,0.8661760687828064
4.53515625,14176.0,0.8661981821060181
4.52734375,14176.0,0.8662223219871521
4.515625,14176.0,0.8662441372871399
4.50390625,14176.0,0.8662686944007874
4.4921875,14176.0,0.8662943840026855
4.484375,14176.0,0.8663198351860046
4.47265625,14176.0,0.8663416504859924
4.46484375,14176.0,0.8663647174835205
4.453125,14176.0,0.8663905262947083
4.44140625,14176.0,0.8664147853851318
4.43359375,14176.0,0.8664378523826599
4.421875,14176.0,0.8664620518684387
4.4140625,14176.0,0.8664869070053101
4.40625,14176.0,0.8665080666542053
4.39453125,14176.0,0.8665357232093811
4.38671875,14176.0,0.8665593862533569
4.37890625,14176.0,0.8665808439254761
4.3671875,14176.0,0.8666026592254639
4.359375,14176.0,0.8666272163391113
4.3515625,14176.0,0.866652250289917
4.34375,14176.0,0.8666788935661316
4.33203125,14176.0,0.8667039275169373
4.32421875,14176.0,0.8667281270027161
4.31640625,14176.0,0.8667519092559814
4.30859375,14176.0,0.8667790293693542
4.30078125,14176.0,0.8668037056922913
4.29296875,14176.0,0.8668293952941895
4.28515625,14176.0,0.8668546676635742
4.27734375,14176.0,0.866878092288971
4.26953125,14176.0,0.8669033050537109
4.26171875,14176.0,0.8669291734695435
4.25390625,14176.0,0.8669558167457581
4.25,14176.0,0.8669824600219727
4.2421875,14176.0,0.8670083284378052
4.234375,14176.0,0.8670347332954407
4.2265625,14176.0,0.8670631051063538
4.22265625,14176.0,0.8670894503593445
4.21484375,14176.0,0.8671132922172546
4.2109375,14176.0,0.8671364188194275
4.20703125,14176.0,0.8671603798866272
4.19921875,14176.0,0.8671857714653015
4.1953125,14176.0,0.8672125339508057
4.1875,14176.0,0.8672352433204651
4.18359375,14176.0,0.86725914478302
4.1796875,14176.0,0.8672835826873779
4.17578125,14176.0,0.8673087954521179
4.171875,14176.0,0.86733478307724
4.16796875,14176.0,0.8673608899116516
4.1640625,14176.0,0.8673892021179199
4.15625,14176.0,0.8674157857894897
4.15625,14176.0,0.8674387335777283
4.15234375,14176.0,0.8674637675285339
4.1484375,14176.0,0.867486298084259
4.14453125,14176.0,0.8675114512443542
4.140625,14176.0,0.867536723613739
4.140625,14176.0,0.867560625076294
4.13671875,14176.0,0.8675856590270996
4.1328125,14184.0,0.8676110506057739
4.1328125,14184.0,0.8676364421844482
4.12890625,14184.0,0.8676602244377136
4.12890625,14184.0,0.8676841259002686
4.125,14184.0,0.8677109479904175
4.125,14184.0,0.8677374720573425
4.125,14184.0,0.8677592277526855
4.12109375,14184.0,0.8677819967269897
4.12109375,14184.0,0.8678063750267029
4.12109375,14184.0,0.8678328990936279
4.12109375,14184.0,0.8678575754165649
4.12109375,14184.0,0.8678824305534363
4.12109375,14184.0,0.8679050803184509
4.12109375,14184.0,0.867928147315979
4.12109375,14184.0,0.8679507374763489
4.12109375,14184.0,0.8679759502410889
4.12109375,14184.0,0.8680018782615662
4.12109375,14184.0,0.8680263161659241
4.125,14184.0,0.8680508732795715
4.125,14184.0,0.8680751323699951
4.125,14184.0,0.8680997490882874
4.12890625,14184.0,0.8681240677833557
4.12890625,14184.0,0.8681492805480957
4.1328125,14184.0,0.868174135684967
4.13671875,14184.0,0.8681995272636414
4.13671875,14184.0,0.8682275414466858
4.140625,14184.0,0.8682513236999512
4.14453125,14184.0,0.8682734370231628
4.1484375,14184.0,0.8682956099510193
4.15234375,14184.0,0.8683201670646667
4.15625,14184.0,0.8683449029922485
4.16015625,14184.0,0.8683695793151855
4.1640625,14184.0,0.8683935403823853
4.16796875,14184.0,0.8684182167053223
4.171875,14184.0,0.8684410452842712
4.1796875,14184.0,0.8684664964675903
4.18359375,14184.0,0.8684929013252258
4.19140625,14184.0,0.8685175180435181
4.1953125,14184.0,0.868543267250061
4.203125,14184.0,0.8685668110847473
4.20703125,14184.0,0.8685916662216187
4.21484375,14184.0,0.8686165809631348
4.22265625,14184.0,0.8686413764953613
4.23046875,14184.0,0.8686659932136536
4.234375,14184.0,0.8686874508857727
4.2421875,14184.0,0.8687102794647217
4.25,14184.0,0.8687321543693542
4.2578125,14184.0,0.8687580227851868
4.265625,14184.0,0.8687810897827148
4.2734375,14184.0,0.8688064813613892
4.28125,14184.0,0.8688297867774963
4.29296875,14184.0,0.8688541054725647
4.30078125,14184.0,0.8688816428184509
4.30859375,14184.0,0.8689063191413879
4.3203125,14184.0,0.8689286112785339
4.328125,14184.0,0.8689547777175903
4.33984375,14184.0,0.8689793348312378
4.34765625,14184.0,0.8690047264099121
4.359375,14184.0,0.869031548500061
4.37109375,14184.0,0.8690548539161682
4.3828125,14184.0,0.869079053401947
4.390625,14184.0,0.8691040873527527
4.40234375,14184.0,0.8691285848617554
4.4140625,14184.0,0.8691519498825073
4.42578125,14184.0,0.8691765069961548
4.4375,14184.0,0.8692007660865784
4.44921875,14184.0,0.8692255020141602
4.45703125,14184.0,0.8692465424537659
4.46875,14184.0,0.8692691326141357
4.48046875,14184.0,0.8692936897277832
4.49609375,14184.0,0.8693193197250366
4.5078125,14192.0,0.8693453073501587
4.51953125,14192.0,0.8693718910217285
4.53125,14192.0,0.8693938851356506
4.546875,14192.0,0.8694179058074951
4.55859375,14192.0,0.8694427013397217
4.5703125,14192.0,0.8694664835929871
4.58203125,14192.0,0.8694885969161987
4.59375,14192.0,0.8695103526115417
4.609375,14192.0,0.8695338368415833
4.62109375,14192.0,0.8695574402809143
4.63671875,14192.0,0.8695893287658691
4.65234375,14192.0,0.8696063160896301
4.6640625,14192.0,0.8696288466453552
4.67578125,14192.0,0.8696505427360535
4.69140625,14192.0,0.869674026966095
4.703125,14192.0,0.8697001338005066
4.72265625,14192.0,0.8697280883789062
4.734375,14192.0,0.869748592376709
4.75,14192.0,0.8697719573974609
4.765625,14192.0,0.8697957992553711
4.78125,14192.0,0.8698204755783081
4.796875,14192.0,0.8698467016220093
4.8125,14192.0,0.8698712587356567
4.828125,14192.0,0.8698935508728027
4.84375,14192.0,0.8699154853820801
4.85546875,14192.0,0.8699374794960022
4.87109375,14192.0,0.8699612617492676
4.890625,14192.0,0.8699854016304016
4.90625,14192.0,0.8700093626976013
4.921875,14192.0,0.8700313568115234
4.9375,14192.0,0.8700531721115112
4.953125,14192.0,0.8700772523880005
4.96875,14192.0,0.8700991272926331
4.98828125,14192.0,0.870125949382782
5.0078125,14192.0,0.8701506853103638
5.0234375,14192.0,0.8701755404472351
5.04296875,14192.0,0.8702000975608826
5.0625,14192.0,0.8702232837677002
5.078125,14192.0,0.8702456951141357
5.09765625,14192.0,0.8702725172042847
5.1171875,14192.0,0.8702942132949829
5.13671875,14192.0,0.8703184723854065
5.15234375,14192.0,0.8703407049179077
5.171875,14192.0,0.8703672289848328
5.19140625,14192.0,0.870392382144928
5.21484375,14192.0,0.8704169988632202
5.23046875,14192.0,0.8704388737678528
5.25,14192.0,0.8704596161842346
5.265625,14192.0,0.8704841732978821
5.2890625,14192.0,0.870509147644043
5.30859375,14192.0,0.8705306649208069
5.32421875,14192.0,0.8705518841743469
5.34375,14192.0,0.8705747723579407
5.36328125,14192.0,0.8705978393554688
5.38671875,14192.0,0.8706209659576416
5.40234375,14192.0,0.8706432580947876
5.4296875,14192.0,0.8706760406494141
5.44921875,14192.0,0.8706974983215332
5.46875,14192.0,0.8707179427146912
5.48828125,14192.0,0.870739758014679
5.5078125,14192.0,0.8707629442214966
5.53125,14192.0,0.8707860708236694
5.55078125,14192.0,0.8708098530769348
5.5703125,14192.0,0.8708317875862122
5.58984375,14192.0,0.8708553910255432
5.61328125,14192.0,0.8708834052085876
5.6484375,14192.0,0.8709180355072021
5.671875,14192.0,0.8709386587142944
5.69140625,14192.0,0.8709598183631897
5.70703125,14192.0,0.8709760904312134
5.7265625,14192.0,0.8709991574287415
5.74609375,14192.0,0.8710214495658875
5.76953125,14192.0,0.8710453510284424
5.7890625,14200.0,0.8710674047470093
5.80859375,14200.0,0.8710896968841553
5.83203125,14200.0,0.8711109161376953
5.8515625,14200.0,0.8711349964141846
5.87890625,14200.0,0.8711647391319275
5.90234375,14200.0,0.8711885213851929
5.921875,14200.0,0.8712108731269836
5.9453125,14200.0,0.8712332248687744
5.96875,14200.0,0.8712586760520935
5.99609375,14200.0,0.8712894916534424
6.01953125,14200.0,0.8713124990463257
6.04296875,14200.0,0.8713350296020508
6.0625,14200.0,0.8713597059249878
6.0859375,14200.0,0.8713821768760681
6.109375,14200.0,0.8714058995246887
6.12890625,14200.0,0.8714269399642944
6.1484375,14200.0,0.8714511394500732
6.17578125,14200.0,0.8714783191680908
6.1953125,14200.0,0.8714985847473145
6.21484375,14200.0,0.8715199828147888
6.234375,14200.0,0.8715418577194214
6.25390625,14200.0,0.8715629577636719
6.27734375,14200.0,0.8715870380401611
6.30078125,14200.0,0.8716121315956116
6.3203125,14200.0,0.871634304523468
6.33984375,14200.0,0.8716556429862976
6.36328125,14200.0,0.8716787695884705
6.38671875,14200.0,0.8717060685157776
6.41015625,14200.0,0.8717294335365295
6.4296875,14200.0,0.8717494010925293
6.44921875,14200.0,0.8717727661132812
6.46875,14200.0,0.871796190738678
6.4921875,14200.0,0.8718209862709045
6.515625,14200.0,0.8718453645706177
6.53515625,14200.0,0.8718692064285278
6.5546875,14200.0,0.8718900084495544
6.578125,14200.0,0.8719202876091003
6.59765625,14200.0,0.8719381093978882
6.6171875,14200.0,0.8719619512557983
6.63671875,14200.0,0.871983528137207
6.65625,14200.0,0.8720033168792725
6.67578125,14200.0,0.8720293045043945
6.69921875,14200.0,0.8720518946647644
6.71875,14200.0,0.8720746040344238
6.734375,14200.0,0.8720963001251221
6.7578125,14200.0,0.8721198439598083
6.7734375,14200.0,0.8721432685852051
6.79296875,14200.0,0.8721634149551392
6.81640625,14200.0,0.8721902966499329
6.8359375,14200.0,0.8722133636474609
6.8515625,14200.0,0.8722335696220398
6.87109375,14200.0,0.8722587823867798
6.890625,14200.0,0.8722826838493347
6.9140625,14200.0,0.8723068237304688
6.9296875,14200.0,0.8723284602165222
6.9453125,14200.0,0.8723496794700623
6.96484375,14200.0,0.8723707795143127
6.98046875,14200.0,0.872393786907196
6.99609375,14200.0,0.8724132776260376
7.015625,14200.0,0.872435450553894
7.03125,14200.0,0.8724572658538818
7.046875,14200.0,0.8724796175956726
7.0625,14200.0,0.8724997639656067
7.08203125,14200.0,0.8725218176841736
7.09765625,14200.0,0.8725437521934509
7.11328125,14200.0,0.872566282749176
7.1328125,14200.0,0.8725898861885071
7.1484375,14200.0,0.8726135492324829
7.1640625,14200.0,0.8726347088813782
7.1796875,14200.0,0.8726566433906555
7.1953125,14200.0,0.8726774454116821
7.2109375,14200.0,0.8726991415023804
7.2265625,14200.0,0.8727216124534607
7.2421875,14200.0,0.8727437853813171
7.2578125,14200.0,0.8727671504020691
7.2734375,14200.0,0.8727871775627136
7.2890625,14200.0,0.8728110790252686
7.3046875,14208.0,0.8728318810462952
7.3203125,14208.0,0.8728535771369934
7.33203125,14208.0,0.8728763461112976
7.34765625,14208.0,0.872899055480957
7.36328125,14208.0,0.8729236125946045
7.3828125,14208.0,0.8729483485221863
7.39453125,14208.0,0.8729689121246338
7.41015625,14208.0,0.8729909658432007
7.42578125,14208.0,0.8730172514915466
7.44140625,14208.0,0.873045802116394
7.45703125,14208.0,0.8730694055557251
7.47265625,14208.0,0.8730905652046204
7.484375,14208.0,0.8731101155281067
7.49609375,14208.0,0.8731347918510437
7.515625,14208.0,0.873162567615509
7.52734375,14208.0,0.8731791973114014
7.53125,14208.0,0.8731897473335266
7.54296875,14208.0,0.87320876121521
7.5546875,14208.0,0.8732329607009888
7.56640625,14208.0,0.8732525110244751
7.58203125,14208.0,0.8732770085334778
7.59765625,14208.0,0.8733072280883789
7.609375,14208.0,0.8733292818069458
7.62109375,14208.0,0.8733512759208679
7.6328125,14208.0,0.873372495174408
7.64453125,14208.0,0.8733938336372375
7.65625,14208.0,0.8734151124954224
7.66796875,14208.0,0.8734368681907654
7.6796875,14208.0,0.8734606504440308
7.69140625,14208.0,0.8734821081161499
7.703125,14208.0,0.8735040426254272
7.71484375,14208.0,0.8735252022743225
7.7265625,14208.0,0.8735464215278625
7.734375,14208.0,0.8735662698745728
7.74609375,14208.0,0.8735936880111694
7.7578125,14208.0,0.8736113905906677
7.76953125,14208.0,0.8736339211463928
7.77734375,14208.0,0.8736546635627747
7.7890625,14208.0,0.8736750483512878
7.796875,14208.0,0.87369704246521
7.80859375,14208.0,0.8737223744392395
7.8203125,14208.0,0.8737456798553467
7.828125,14208.0,0.8737658262252808
7.83984375,14208.0,0.8737888336181641
7.84765625,14208.0,0.8738099336624146
7.85546875,14208.0,0.8738325834274292
7.8671875,14208.0,0.873863935470581
7.87890625,14208.0,0.8738868832588196
7.88671875,14208.0,0.8739097118377686
7.89453125,14208.0,0.8739295601844788
7.90234375,14208.0,0.8739488124847412
7.91015625,14208.0,0.873974084854126
7.921875,14208.0,0.8739941120147705
7.92578125,14208.0,0.8740150332450867
7.9375,14208.0,0.8740363121032715
7.94140625,14208.0,0.8740581274032593
7.94921875,14208.0,0.874079704284668
7.95703125,14208.0,0.8741018772125244
7.96484375,14208.0,0.8741217255592346
7.97265625,14208.0,0.8741444945335388
7.98046875,14208.0,0.8741655945777893
7.984375,14208.0,0.8741865754127502
7.9921875,14208.0,0.8742083311080933
7.99609375,14208.0,0.8742295503616333
8.0,14208.0,0.8742526173591614
8.0078125,14208.0,0.8742746710777283
8.015625,14208.0,0.8742958307266235
8.0234375,14208.0,0.8743172883987427
8.0234375,14208.0,0.8743396997451782
8.03125,14208.0,0.8743603229522705
8.0390625,14208.0,0.8743849992752075
8.046875,14208.0,0.8744149804115295
8.046875,14208.0,0.8744382858276367
8.0546875,14208.0,0.8744595646858215
8.0546875,14208.0,0.8744798302650452
8.0625,14208.0,0.8745006322860718
8.0625,14208.0,0.8745232820510864
8.0703125,14208.0,0.8745514154434204
8.0703125,14208.0,0.8745716214179993
8.078125,14208.0,0.874593198299408
8.078125,14216.0,0.8746131658554077
8.0859375,14216.0,0.8746352791786194
8.0859375,14216.0,0.8746560215950012
8.0859375,14216.0,0.8746774196624756
8.09375,14216.0,0.8747007846832275
8.09375,14216.0,0.8747265934944153
8.09375,14216.0,0.8747501373291016
8.1015625,14216.0,0.874769926071167
8.1015625,14216.0,0.8747920989990234
8.1015625,14216.0,0.8748145699501038
8.1015625,14216.0,0.8748438954353333
8.1015625,14216.0,0.8748619556427002
8.1015625,14216.0,0.8748836517333984
8.1015625,14216.0,0.8749085664749146
8.1015625,14216.0,0.8749311566352844
8.1015625,14216.0,0.8749562501907349
8.1015625,14216.0,0.8749756217002869
8.1015625,14216.0,0.8749998807907104
8.1015625,14216.0,0.8750225901603699
8.1015625,14216.0,0.8750441074371338
8.1015625,14216.0,0.8750666975975037
8.1015625,14216.0,0.8750924468040466
8.1015625,14216.0,0.875115156173706
8.09375,14216.0,0.8751447200775146
8.09375,14216.0,0.8751633167266846
8.09375,14216.0,0.8751835227012634
8.0859375,14216.0,0.8752055168151855
8.0859375,14216.0,0.8752264380455017
8.0859375,14216.0,0.8752499222755432
8.078125,14216.0,0.8752736449241638
8.078125,14216.0,0.8752963542938232
8.0703125,14216.0,0.8753196001052856
8.0703125,14216.0,0.8753451704978943
8.0625,14216.0,0.8753640055656433
8.0625,14216.0,0.8753858804702759
8.0546875,14216.0,0.8754085898399353
8.046875,14216.0,0.8754311800003052
8.046875,14216.0,0.8754580020904541
8.0390625,14216.0,0.8754799365997314
8.03125,14216.0,0.8755058646202087
8.0234375,14216.0,0.8755319118499756
8.015625,14216.0,0.8755573034286499
8.015625,14216.0,0.8755782842636108
8.0078125,14216.0,0.8755989670753479
8.0,14216.0,0.8756200671195984
7.9921875,14216.0,0.8756422400474548
7.98828125,14216.0,0.8756626844406128
7.98046875,14216.0,0.8756845593452454
7.97265625,14216.0,0.8757067918777466
7.96484375,14216.0,0.8757286071777344
7.953125,14216.0,0.8757529258728027
7.9453125,14216.0,0.8757767081260681
7.9375,14216.0,0.8757997155189514
7.92578125,14216.0,0.8758251070976257
7.91796875,14216.0,0.8758479952812195
7.91015625,14216.0,0.8758687973022461
7.8984375,14216.0,0.8758906722068787
7.890625,14216.0,0.8759130239486694
7.87890625,14216.0,0.8759332299232483
7.87109375,14216.0,0.8759558200836182
7.859375,14216.0,0.8759804368019104
7.84765625,14216.0,0.876006007194519
7.8359375,14216.0,0.8760255575180054
7.82421875,14216.0,0.8760508894920349
7.80859375,14216.0,0.8760854005813599
7.79296875,14216.0,0.87610924243927
7.78125,14216.0,0.8761304616928101
7.76953125,14216.0,0.8761509656906128
7.7578125,14216.0,0.876173198223114
7.75,14216.0,0.8761929869651794
7.73828125,14216.0,0.8762162327766418
7.72265625,14216.0,0.8762394189834595
7.70703125,14216.0,0.8762655854225159
7.69140625,14216.0,0.8762904405593872
7.6796875,14216.0,0.8763120770454407
7.6640625,14224.0,0.8763334155082703
7.65234375,14224.0,0.8763551712036133
7.640625,14224.0,0.8763763308525085
7.625,14224.0,0.8763982057571411
7.61328125,14224.0,0.8764194250106812
7.59765625,14224.0,0.8764400482177734
7.58203125,14224.0,0.8764649629592896
7.56640625,14224.0,0.8764883875846863
7.55078125,14224.0,0.8765113949775696
7.53515625,14224.0,0.8765335083007812
7.5234375,14224.0,0.8765540719032288
7.5078125,14224.0,0.8765765428543091
7.4921875,14224.0,0.8765983581542969
7.4765625,14224.0,0.8766217231750488
7.45703125,14224.0,0.8766450881958008
7.44140625,14224.0,0.8766685724258423
7.42578125,14224.0,0.8766893148422241
7.41015625,14224.0,0.8767111897468567
7.390625,14224.0,0.8767367005348206
7.37109375,14224.0,0.8767604827880859
7.35546875,14224.0,0.8767828345298767
7.3359375,14224.0,0.8768056035041809
7.31640625,14224.0,0.8768309950828552
7.296875,14224.0,0.8768545985221863
7.27734375,14224.0,0.876876711845398
7.25390625,14224.0,0.8769058585166931
7.234375,14224.0,0.8769274950027466
7.21875,14224.0,0.876947283744812
7.203125,14224.0,0.8769697546958923
7.18359375,14224.0,0.876992404460907
7.15625,14224.0,0.8770206570625305
7.140625,14224.0,0.8770411610603333
7.12109375,14224.0,0.877063512802124
7.1015625,14224.0,0.877087414264679
7.078125,14224.0,0.8771121501922607
7.0546875,14224.0,0.8771352767944336
7.03515625,14224.0,0.8771567344665527
7.015625,14224.0,0.8771770596504211
6.99609375,14224.0,0.8771993517875671
6.9765625,14224.0,0.877220869064331
6.95703125,14224.0,0.8772419691085815
6.93359375,14224.0,0.8772677779197693
6.9140625,14224.0,0.8772902488708496
6.890625,14224.0,0.8773189187049866
6.8671875,14224.0,0.8773403763771057
6.84765625,14224.0,0.8773637413978577
6.828125,14224.0,0.8773834705352783
6.80859375,14224.0,0.8774038553237915
6.78515625,14224.0,0.8774296641349792
6.76171875,14224.0,0.8774555921554565
6.7421875,14224.0,0.877476692199707
6.71875,14224.0,0.8775034546852112
6.6953125,14224.0,0.8775256276130676
6.67578125,14224.0,0.8775472640991211
6.65234375,14224.0,0.8775712251663208
6.62890625,14224.0,0.8775932788848877
6.609375,14224.0,0.8776172399520874
6.5859375,14224.0,0.877643883228302
6.5625,14224.0,0.8776656985282898
6.5390625,14224.0,0.8776898384094238
6.515625,14224.0,0.8777137994766235
6.4921875,14224.0,0.8777373433113098
6.47265625,14224.0,0.8777594566345215
6.453125,14224.0,0.8777815103530884
6.4296875,14224.0,0.877807080745697
6.40625,14224.0,0.8778295516967773
6.3828125,14224.0,0.8778518438339233
6.359375,14224.0,0.8778831362724304
6.3359375,14224.0,0.8779046535491943
6.31640625,14224.0,0.8779260516166687
6.29296875,14224.0,0.8779475092887878
6.2734375,14224.0,0.8779690861701965
6.25390625,14224.0,0.8779904246330261
6.23046875,14224.0,0.8780166506767273
6.2109375,14224.0,0.8780377507209778
6.19140625,14232.0,0.8780600428581238
6.171875,14232.0,0.8780814409255981
6.1484375,14232.0,0.878104567527771
6.125,14232.0,0.8781274557113647
6.1015625,14232.0,0.8781545758247375
6.08203125,14232.0,0.8781744837760925
6.0625,14232.0,0.8781959414482117
6.04296875,14232.0,0.8782179355621338
6.0234375,14232.0,0.8782394528388977
6.00390625,14232.0,0.878261148929596
5.984375,14232.0,0.8782835602760315
5.96484375,14232.0,0.8783078193664551
5.9375,14232.0,0.87833172082901
5.91796875,14232.0,0.8783541321754456
5.8984375,14232.0,0.87837815284729
5.875,14232.0,0.8784039616584778
5.8515625,14232.0,0.8784279823303223
5.83203125,14232.0,0.8784500956535339
5.80859375,14232.0,0.8784747123718262
5.7890625,14232.0,0.8784947395324707
5.76953125,14232.0,0.8785184621810913
5.75,14232.0,0.8785399198532104
5.73046875,14232.0,0.878560483455658
5.7109375,14232.0,0.8785831332206726
5.69140625,14232.0,0.8786067962646484
5.66796875,14232.0,0.8786296844482422
5.6484375,14232.0,0.8786513209342957
5.625,14232.0,0.8786754012107849
5.609375,14232.0,0.8786970973014832
5.58984375,14232.0,0.8787199854850769
5.56640625,14232.0,0.8787452578544617
5.54296875,14232.0,0.8787696957588196
5.5234375,14232.0,0.8787931203842163
5.5,14232.0,0.8788167238235474
5.484375,14232.0,0.8788405060768127
5.46484375,14232.0,0.8788610100746155
5.4453125,14232.0,0.8788831830024719
5.421875,14232.0,0.8789092302322388
5.40234375,14232.0,0.8789317011833191
5.3828125,14232.0,0.8789541721343994
5.3671875,14232.0,0.8789750337600708
5.34765625,14232.0,0.8789960741996765
5.328125,14232.0,0.8790168762207031
5.3125,14232.0,0.8790382742881775
5.29296875,14232.0,0.8790625929832458
5.2734375,14232.0,0.8790861368179321
5.25,14232.0,0.8791112303733826
5.23046875,14232.0,0.8791349530220032
5.21484375,14232.0,0.8791579604148865
5.19140625,14232.0,0.8791837096214294
5.171875,14232.0,0.8792082071304321
5.15234375,14232.0,0.8792335391044617
5.13671875,14232.0,0.8792554140090942
5.1171875,14232.0,0.8792776465415955
5.09765625,14232.0,0.8793061375617981
5.078125,14232.0,0.87932950258255
5.05859375,14232.0,0.8793535232543945
5.04296875,14232.0,0.8793762922286987
5.0234375,14232.0,0.8793991804122925
5.00390625,14232.0,0.8794267773628235
4.98828125,14232.0,0.879448652267456
4.97265625,14232.0,0.8794694542884827
4.953125,14232.0,0.8794922232627869
4.9375,14232.0,0.8795169591903687
4.91796875,14232.0,0.8795421123504639
4.90234375,14232.0,0.8795682787895203
4.88671875,14232.0,0.8795903921127319
4.87109375,14232.0,0.8796130418777466
4.85546875,14232.0,0.8796359300613403
4.83984375,14232.0,0.8796601295471191
4.8203125,14232.0,0.8796855807304382
4.8046875,14232.0,0.8797093629837036
4.7890625,14232.0,0.8797339797019958
4.7734375,14232.0,0.8797563910484314
4.7578125,14232.0,0.8797804117202759
4.74609375,14232.0,0.8798038363456726
4.73046875,14240.0,0.8798303008079529
4.71484375,14240.0,0.8798555135726929
4.69921875,14240.0,0.8798785209655762
4.68359375,14240.0,0.87990403175354
4.671875,14240.0,0.8799259662628174
4.65625,14240.0,0.8799499273300171
4.64453125,14240.0,0.8799744844436646
4.62890625,14240.0,0.8799984455108643
4.6171875,14240.0,0.8800227642059326
4.60546875,14240.0,0.8800463080406189
4.59375,14240.0,0.8800677061080933
4.58203125,14240.0,0.8800890445709229
4.5703125,14240.0,0.8801127076148987
4.55859375,14240.0,0.8801366090774536
4.546875,14240.0,0.880159854888916
4.53515625,14240.0,0.8801851272583008
4.5234375,14240.0,0.880211353302002
4.51171875,14240.0,0.8802382349967957
4.5,14240.0,0.8802647590637207
4.48828125,14240.0,0.8802889585494995
4.48046875,14240.0,0.8803113102912903
4.46875,14240.0,0.8803339600563049
4.4609375,14240.0,0.8803581595420837
4.44921875,14240.0,0.8803822994232178
4.44140625,14240.0,0.8804087042808533
4.4296875,14240.0,0.8804311752319336
4.42578125,14240.0,0.8804522156715393
4.41796875,14240.0,0.8804736733436584
4.40625,14240.0,0.8804985284805298
4.3984375,14240.0,0.8805220723152161
4.390625,14240.0,0.8805457949638367
4.38671875,14240.0,0.8805683851242065
4.37890625,14240.0,0.880592942237854
4.37109375,14240.0,0.8806198835372925
4.359375,14240.0,0.880648136138916
4.35546875,14240.0,0.8806729912757874
4.34765625,14240.0,0.8806966543197632
4.33984375,14240.0,0.8807209730148315
4.3359375,14240.0,0.8807438015937805
4.328125,14240.0,0.8807675838470459
4.32421875,14240.0,0.880791187286377
4.31640625,14240.0,0.8808155655860901
4.3125,14240.0,0.8808404803276062
4.3046875,14240.0,0.8808626532554626
4.30078125,14240.0,0.8808858394622803
4.296875,14240.0,0.8809104561805725
4.2890625,14240.0,0.8809348344802856
4.28515625,14240.0,0.8809585571289062
4.28125,14240.0,0.8809833526611328
4.27734375,14240.0,0.8810065388679504
4.2734375,14240.0,0.8810302019119263
4.26953125,14240.0,0.8810551166534424
4.265625,14240.0,0.8810780048370361
4.26171875,14240.0,0.8811013698577881
4.2578125,14240.0,0.881123960018158
4.25390625,14240.0,0.8811498284339905
4.25,14240.0,0.8811758756637573
4.24609375,14240.0,0.8812012076377869
4.24609375,14240.0,0.8812234997749329
4.2421875,14240.0,0.8812516927719116
4.23828125,14240.0,0.8812756538391113
4.234375,14240.0,0.8813003301620483
4.234375,14240.0,0.8813265562057495
4.23046875,14240.0,0.8813514113426208
4.23046875,14240.0,0.8813742995262146
4.2265625,14240.0,0.8813970685005188
4.2265625,14240.0,0.8814201951026917
4.22265625,14240.0,0.8814471364021301
4.22265625,14240.0,0.8814696073532104
4.21875,14240.0,0.8814945816993713
4.21875,14240.0,0.881518542766571
4.21875,14240.0,0.8815423250198364
4.21875,14240.0,0.8815658092498779
4.21484375,14248.0,0.881588339805603
4.21484375,14248.0,0.88161301612854
4.21484375,14248.0,0.8816396594047546
4.21484375,14248.0,0.8816614747047424
4.21484375,14248.0,0.8816834688186646
4.21484375,14248.0,0.8817090392112732
4.21484375,14248.0,0.8817330598831177
4.21484375,14248.0,0.8817563056945801
4.21484375,14248.0,0.881780743598938
4.21484375,14248.0,0.8818042874336243
4.21484375,14248.0,0.8818278312683105
4.21484375,14248.0,0.8818521499633789
4.21484375,14248.0,0.8818779587745667
4.21875,14248.0,0.8819019198417664
4.21875,14248.0,0.8819276690483093
4.21875,14248.0,0.8819515109062195
4.21875,14248.0,0.8819819688796997
4.22265625,14248.0,0.8820067644119263
4.22265625,14248.0,0.8820304870605469
4.22265625,14248.0,0.8820546269416809
4.2265625,14248.0,0.8820791244506836
4.2265625,14248.0,0.8821021914482117
4.2265625,14248.0,0.8821274638175964
4.23046875,14248.0,0.8821527361869812
4.23046875,14248.0,0.8821765780448914
4.234375,14248.0,0.8822016716003418
4.234375,14248.0,0.8822268843650818
4.23828125,14248.0,0.8822508454322815
4.23828125,14248.0,0.882274866104126
4.2421875,14248.0,0.8822989463806152
4.2421875,14248.0,0.8823233842849731
4.24609375,14248.0,0.8823477625846863
4.24609375,14248.0,0.8823722004890442
4.25,14248.0,0.8823974132537842
4.25390625,14248.0,0.8824222683906555
4.25390625,14248.0,0.8824468851089478
4.2578125,14248.0,0.8824718594551086
4.26171875,14248.0,0.8824973702430725
4.265625,14248.0,0.8825193047523499
4.26953125,14248.0,0.8825433254241943
4.26953125,14248.0,0.8825657963752747
4.2734375,14248.0,0.8825918436050415
4.27734375,14248.0,0.8826162219047546
4.28125,14248.0,0.8826419115066528
4.28515625,14248.0,0.8826644420623779
4.2890625,14248.0,0.882688581943512
4.29296875,14248.0,0.8827142119407654
4.296875,14248.0,0.8827369213104248
4.30078125,14248.0,0.8827640414237976
4.30859375,14248.0,0.882790207862854
4.3125,14248.0,0.8828146457672119
4.31640625,14248.0,0.8828383088111877
4.3203125,14248.0,0.8828635811805725
4.328125,14248.0,0.8828862905502319
4.33203125,14248.0,0.8829129338264465
4.3359375,14248.0,0.8829370737075806
4.34375,14248.0,0.8829618692398071
4.3515625,14248.0,0.8829891085624695
4.35546875,14248.0,0.883011519908905
4.359375,14248.0,0.883033812046051
4.3671875,14248.0,0.8830583691596985
4.375,14248.0,0.8830821514129639
4.37890625,14248.0,0.8831055164337158
4.38671875,14248.0,0.8831291794776917
4.39453125,14248.0,0.8831532001495361
4.3984375,14248.0,0.883176863193512
4.40625,14248.0,0.8832011818885803
4.4140625,14248.0,0.8832241296768188
4.421875,14248.0,0.8832473754882812
4.4296875,14248.0,0.8832712173461914
4.4375,14248.0,0.8832942247390747
4.4453125,14256.0,0.8833185434341431
4.453125,14256.0,0.8833423852920532
4.4609375,14256.0,0.8833665251731873
4.46875,14256.0,0.8833906650543213
4.4765625,14256.0,0.8834146857261658
4.484375,14256.0,0.883438229560852
4.4921875,14256.0,0.8834587931632996
4.50390625,14256.0,0.8834823966026306
4.51171875,14256.0,0.8835057616233826
4.51953125,14256.0,0.883529543876648
4.53125,14256.0,0.8835553526878357
4.5390625,14256.0,0.8835784792900085
4.55078125,14256.0,0.8836052417755127
4.5625,14256.0,0.883628249168396
4.5703125,14256.0,0.883653461933136
4.58203125,14256.0,0.8836775422096252
4.59375,14256.0,0.8837000131607056
4.6015625,14256.0,0.8837234377861023
4.61328125,14256.0,0.8837459087371826
4.625,14256.0,0.8837671279907227
4.63671875,14256.0,0.8837922215461731
4.6484375,14256.0,0.8838146924972534
4.65625,14256.0,0.883836030960083
4.66796875,14256.0,0.8838592767715454
4.6796875,14256.0,0.8838815689086914
4.69140625,14256.0,0.8839051127433777
4.703125,14256.0,0.8839313983917236
4.71875,14256.0,0.8839559555053711
4.73046875,14256.0,0.8839794397354126
4.74609375,14256.0,0.884006142616272
4.7578125,14256.0,0.8840283751487732
4.76953125,14256.0,0.8840522766113281
4.78515625,14256.0,0.8840775489807129
4.80078125,14256.0,0.8841056227684021
4.8125,14256.0,0.8841266632080078
4.828125,14256.0,0.8841491937637329
4.83984375,14256.0,0.884172260761261
4.8515625,14256.0,0.8841930627822876
4.8671875,14256.0,0.8842142820358276
4.8828125,14256.0,0.8842388391494751
4.89453125,14256.0,0.8842628002166748
4.91015625,14256.0,0.8842868208885193
4.92578125,14256.0,0.884310245513916
4.94140625,14256.0,0.884333610534668
4.95703125,14256.0,0.8843575119972229
4.97265625,14256.0,0.8843785524368286
4.98828125,14256.0,0.8844055533409119
5.00390625,14256.0,0.8844284415245056
5.01953125,14256.0,0.8844492435455322
5.03515625,14256.0,0.8844712972640991
5.05078125,14256.0,0.8844947218894958
5.06640625,14256.0,0.8845157623291016
5.08203125,14256.0,0.8845378756523132
5.1015625,14256.0,0.8845616579055786
5.1171875,14256.0,0.8845866322517395
5.1328125,14256.0,0.8846089243888855
5.15234375,14256.0,0.8846356272697449
5.171875,14256.0,0.8846595287322998
5.19140625,14256.0,0.8846829533576965
5.20703125,14256.0,0.884706974029541
5.2265625,14256.0,0.8847309350967407
5.2421875,14256.0,0.8847527503967285
5.26171875,14256.0,0.8847765326499939
5.28125,14256.0,0.8847982287406921
5.296875,14256.0,0.8848220705986023
5.31640625,14256.0,0.8848457932472229
5.3359375,14256.0,0.884867787361145
5.35546875,14256.0,0.8848933577537537
5.375,14256.0,0.8849184513092041
5.39453125,14256.0,0.8849403858184814
5.4140625,14256.0,0.8849660158157349
5.43359375,14256.0,0.8849874138832092
5.453125,14264.0,0.8850142955780029
5.4765625,14264.0,0.8850380778312683
5.49609375,14264.0,0.885062575340271
5.515625,14264.0,0.8850852847099304
5.53515625,14264.0,0.8851084113121033
5.55859375,14264.0,0.8851330876350403
5.578125,14264.0,0.8851564526557922
5.6015625,14264.0,0.8851795196533203
5.6171875,14264.0,0.8852026462554932
5.640625,14264.0,0.8852248787879944
5.66015625,14264.0,0.8852475881576538
5.6875,14264.0,0.8852762579917908
5.70703125,14264.0,0.8852970600128174
5.72265625,14264.0,0.8853175044059753
5.74609375,14264.0,0.8853398561477661
5.765625,14264.0,0.8853631615638733
5.78515625,14264.0,0.8853840231895447
5.80859375,14264.0,0.8854107856750488
5.83203125,14264.0,0.8854337334632874
5.85546875,14264.0,0.8854579925537109
5.875,14264.0,0.8854812383651733
5.89453125,14264.0,0.8855031132698059
5.91796875,14264.0,0.8855249285697937
5.94140625,14264.0,0.885551929473877
5.96484375,14264.0,0.8855763077735901
5.984375,14264.0,0.885596752166748
6.0078125,14264.0,0.8856205940246582
6.02734375,14264.0,0.885642409324646
6.05078125,14264.0,0.885668933391571
6.08203125,14264.0,0.8856966495513916
6.1015625,14264.0,0.8857168555259705
6.12109375,14264.0,0.8857382535934448
6.140625,14264.0,0.8857605457305908
6.1640625,14264.0,0.8857817053794861
6.18359375,14264.0,0.885806143283844
6.2109375,14264.0,0.8858334422111511
6.234375,14264.0,0.885855495929718
6.2578125,14264.0,0.8858790397644043
6.27734375,14264.0,0.8859004378318787
6.30078125,14264.0,0.885922908782959
6.3203125,14264.0,0.8859491348266602
6.34765625,14264.0,0.8859730362892151
6.3671875,14264.0,0.8859941363334656
6.390625,14264.0,0.8860176801681519
6.41015625,14264.0,0.8860396146774292
6.43359375,14264.0,0.8860615491867065
6.453125,14264.0,0.8860849142074585
6.47265625,14264.0,0.8861069679260254
6.5,14264.0,0.886130690574646
6.51953125,14264.0,0.8861516714096069
6.5390625,14264.0,0.8861755728721619
6.5625,14264.0,0.8862003684043884
6.5859375,14264.0,0.8862243890762329
6.609375,14264.0,0.8862466812133789
6.62890625,14264.0,0.8862713575363159
6.65234375,14264.0,0.8862955570220947
6.671875,14264.0,0.8863161206245422
6.6953125,14264.0,0.8863403797149658
6.71484375,14264.0,0.8863635659217834
6.73828125,14264.0,0.8863893151283264
6.7578125,14264.0,0.8864090442657471
6.78125,14264.0,0.8864335417747498
6.80078125,14264.0,0.8864548802375793
6.82421875,14264.0,0.8864794969558716
6.84375,14264.0,0.8865020275115967
6.86328125,14264.0,0.8865276575088501
6.890625,14264.0,0.8865527510643005
6.91015625,14264.0,0.8865729570388794
6.9296875,14264.0,0.8865950107574463
6.9453125,14264.0,0.8866166472434998
6.96484375,14264.0,0.8866366744041443
6.984375,14264.0,0.8866584300994873
7.0,14264.0,0.8866782188415527
7.01953125,14264.0,0.8866998553276062
7.0390625,14264.0,0.8867210745811462
7.0546875,14264.0,0.8867418169975281
7.07421875,14272.0,0.8867641687393188
7.09765625,14272.0,0.8867864012718201
7.1171875,14272.0,0.8868119716644287
7.13671875,14272.0,0.8868353962898254
7.15625,14272.0,0.8868590593338013
7.17578125,14272.0,0.8868808150291443
7.19921875,14272.0,0.886911928653717
7.21875,14272.0,0.8869341611862183
7.234375,14272.0,0.8869541883468628
7.25390625,14272.0,0.8869803547859192
7.27734375,14272.0,0.8870052695274353
7.29296875,14272.0,0.887025773525238
7.3125,14272.0,0.8870458006858826
7.328125,14272.0,0.8870686888694763
7.34765625,14272.0,0.8870925307273865
7.36328125,14272.0,0.8871127963066101
7.37890625,14272.0,0.8871336579322815
7.3984375,14272.0,0.8871573209762573
7.41796875,14272.0,0.887182354927063
7.43359375,14272.0,0.8872036337852478
7.44921875,14272.0,0.8872237205505371
7.46875,14272.0,0.8872461318969727
7.484375,14272.0,0.887268602848053
7.5,14272.0,0.8872922658920288
7.51953125,14272.0,0.8873142004013062
7.53515625,14272.0,0.887339174747467
7.5546875,14272.0,0.8873642086982727
7.5703125,14272.0,0.8873838186264038
7.5859375,14272.0,0.8874062299728394
7.59765625,14272.0,0.8874263763427734
7.61328125,14272.0,0.8874489068984985
7.6328125,14272.0,0.8874729871749878
7.6484375,14272.0,0.8874966502189636
7.6640625,14272.0,0.8875179886817932
7.6796875,14272.0,0.8875419497489929
7.6953125,14272.0,0.8875658512115479
7.7109375,14272.0,0.8875875473022461
7.72265625,14272.0,0.8876098394393921
7.73828125,14272.0,0.8876315951347351
7.75390625,14272.0,0.8876547813415527
7.765625,14272.0,0.8876758813858032
7.78125,14272.0,0.8876965641975403
7.79296875,14272.0,0.8877175450325012
7.80859375,14272.0,0.8877452611923218
7.82421875,14272.0,0.8877679109573364
7.8359375,14272.0,0.8877896070480347
7.84765625,14272.0,0.8878107070922852
7.859375,14272.0,0.8878312110900879
7.87109375,14272.0,0.8878546953201294
7.8828125,14272.0,0.8878755569458008
7.89453125,14272.0,0.8878971338272095
7.90625,14272.0,0.8879168033599854
7.91796875,14272.0,0.8879411816596985
7.9296875,14272.0,0.8879637122154236
7.94140625,14272.0,0.8879874348640442
7.94921875,14272.0,0.8880099058151245
7.9609375,14272.0,0.8880316019058228
7.97265625,14272.0,0.888056218624115
7.984375,14272.0,0.888081967830658
7.9921875,14272.0,0.8881020545959473
8.0,14272.0,0.8881230354309082
8.0078125,14272.0,0.8881451487541199
8.015625,14272.0,0.8881664276123047
8.0234375,14272.0,0.8881873488426208
8.03125,14272.0,0.8882080912590027
8.0390625,14272.0,0.88823002576828
8.046875,14272.0,0.8882540464401245
8.0546875,14272.0,0.8882741332054138
8.0625,14272.0,0.8883023858070374
8.0703125,14272.0,0.8883240222930908
8.078125,14272.0,0.8883464932441711
8.078125,14272.0,0.8883663415908813
8.0859375,14272.0,0.8883877396583557
8.09375,14272.0,0.8884077668190002
8.09375,14272.0,0.8884285092353821
8.1015625,14272.0,0.888450026512146
8.1015625,14272.0,0.8884710669517517
8.109375,14272.0,0.8884925246238708
8.109375,14272.0,0.8885132074356079
8.1171875,14280.0,0.8885387182235718
8.1171875,14280.0,0.8885617852210999
8.125,14280.0,0.8885817527770996
8.125,14280.0,0.8886106014251709
8.1328125,14280.0,0.8886336088180542
8.1328125,14280.0,0.8886533975601196
8.1328125,14280.0,0.8886736035346985
8.1328125,14280.0,0.888697624206543
8.140625,14280.0,0.8887197971343994
8.140625,14280.0,0.8887408375740051
8.140625,14280.0,0.8887599110603333
8.140625,14280.0,0.8887813091278076
8.140625,14280.0,0.8888019919395447
8.140625,14280.0,0.8888248801231384
8.140625,14280.0,0.8888459801673889
8.140625,14280.0,0.8888668417930603
8.140625,14280.0,0.8888872861862183
8.140625,14280.0,0.8889089822769165
8.140625,14280.0,0.888933002948761
8.140625,14280.0,0.8889528512954712
8.140625,14280.0,0.8889790177345276
8.1328125,14280.0,0.889002799987793
8.1328125,14280.0,0.8890247941017151
8.1328125,14280.0,0.8890461921691895
8.1328125,14280.0,0.8890665173530579
8.125,14280.0,0.8890867233276367
8.125,14280.0,0.8891078233718872
8.125,14280.0,0.8891273736953735
8.1171875,14280.0,0.889149010181427
8.1171875,14280.0,0.8891717195510864
8.1171875,14280.0,0.8891916871070862
8.109375,14280.0,0.8892174363136292
8.109375,14280.0,0.8892370462417603
8.1015625,14280.0,0.8892582058906555
8.1015625,14280.0,0.8892788887023926
8.09375,14280.0,0.8893001079559326
8.09375,14280.0,0.8893216848373413
8.0859375,14280.0,0.8893411159515381
8.078125,14280.0,0.8893654346466064
8.078125,14280.0,0.8893870115280151
8.0703125,14280.0,0.8894090056419373
8.0625,14280.0,0.8894302845001221
8.0625,14280.0,0.8894500732421875
8.0546875,14280.0,0.8894751667976379
8.046875,14280.0,0.8894973993301392
8.0390625,14280.0,0.8895244598388672
8.03125,14280.0,0.8895466327667236
8.0234375,14280.0,0.8895657658576965
8.015625,14280.0,0.8895871639251709
8.015625,14280.0,0.889605700969696
8.0078125,14280.0,0.8896289467811584
8.0,14280.0,0.889647901058197
7.9921875,14280.0,0.8896707892417908
7.984375,14280.0,0.8896939754486084
7.9765625,14280.0,0.8897150158882141
7.96875,14280.0,0.889735221862793
7.9609375,14280.0,0.8897596001625061
7.953125,14280.0,0.8897833228111267
7.94140625,14280.0,0.8898061513900757
7.93359375,14280.0,0.889828085899353
7.921875,14280.0,0.8898593783378601
7.91015625,14280.0,0.8898806571960449
7.90234375,14280.0,0.8899008631706238
7.89453125,14280.0,0.8899216651916504
7.88671875,14280.0,0.8899406790733337
7.875,14280.0,0.8899649977684021
7.8671875,14280.0,0.8899846076965332
7.85546875,14280.0,0.8900060653686523
7.84765625,14280.0,0.8900259137153625
7.8359375,14280.0,0.8900474309921265
7.828125,14280.0,0.8900671005249023
7.81640625,14280.0,0.890095055103302
7.8046875,14280.0,0.8901178240776062
7.79296875,14280.0,0.8901380300521851
7.78125,14280.0,0.890160083770752
7.76953125,14280.0,0.8901795148849487
7.76171875,14280.0,0.8902019262313843
7.75,14280.0,0.8902212977409363
7.73828125,14280.0,0.8902425169944763
7.7265625,14288.0,0.8902636766433716
7.71484375,14288.0,0.8902847170829773
7.703125,14288.0,0.8903043270111084
7.6953125,14288.0,0.8903249502182007
7.68359375,14288.0,0.8903458714485168
7.671875,14288.0,0.8903680443763733
7.65625,14288.0,0.8903886675834656
7.64453125,14288.0,0.890409529209137
7.6328125,14288.0,0.8904293775558472
7.62109375,14288.0,0.8904502391815186
7.609375,14288.0,0.8904703855514526
7.59765625,14288.0,0.8904913663864136
7.5859375,14288.0,0.8905119299888611
7.57421875,14288.0,0.8905336260795593
7.55859375,14288.0,0.8905537724494934
7.546875,14288.0,0.8905738592147827
7.53515625,14288.0,0.8905953764915466
7.51953125,14288.0,0.8906203508377075
7.50390625,14288.0,0.8906432390213013
7.4921875,14288.0,0.8906660079956055
7.4765625,14288.0,0.8906870484352112
7.46484375,14288.0,0.8907074928283691
7.453125,14288.0,0.8907265663146973
7.4375,14288.0,0.8907473683357239
7.42578125,14288.0,0.8907710313796997
7.41015625,14288.0,0.8907926678657532
7.39453125,14288.0,0.8908162117004395
7.37890625,14288.0,0.890839695930481
7.36328125,14288.0,0.8908631205558777
7.34765625,14288.0,0.8908877968788147
7.33203125,14288.0,0.8909105062484741
7.31640625,14288.0,0.8909318447113037
7.296875,14288.0,0.8909602761268616
7.28125,14288.0,0.8909810185432434
7.26953125,14288.0,0.8910017609596252
7.25390625,14288.0,0.8910239338874817
7.23828125,14288.0,0.8910430073738098
7.2265625,14288.0,0.8910639882087708
7.2109375,14288.0,0.8910855054855347
7.1953125,14288.0,0.8911057114601135
7.1796875,14288.0,0.8911259174346924
7.1640625,14288.0,0.8911471366882324
7.15234375,14288.0,0.8911678791046143
7.1328125,14288.0,0.891193151473999
7.1171875,14288.0,0.8912145495414734
7.1015625,14288.0,0.8912360668182373
7.0859375,14288.0,0.8912554979324341
7.0703125,14288.0,0.891277551651001
7.0546875,14288.0,0.8912988305091858
7.03515625,14288.0,0.8913282752037048
7.015625,14288.0,0.8913494944572449
7.0,14288.0,0.891370952129364
6.984375,14288.0,0.8913917541503906
6.96875,14288.0,0.8914119005203247
6.953125,14288.0,0.8914353847503662
6.93359375,14288.0,0.8914571404457092
6.91796875,14288.0,0.8914793133735657
6.8984375,14288.0,0.8915005326271057
6.8828125,14288.0,0.891523540019989
6.86328125,14288.0,0.8915473818778992
6.84765625,14288.0,0.8915705680847168
6.828125,14288.0,0.8915913105010986
6.8125,14288.0,0.8916123509407043
6.796875,14288.0,0.8916330933570862
6.78125,14288.0,0.8916541934013367
6.76171875,14288.0,0.8916751742362976
6.74609375,14288.0,0.8916959166526794
6.73046875,14288.0,0.8917163610458374
6.7109375,14288.0,0.8917373418807983
6.6953125,14288.0,0.891757607460022
6.6796875,14288.0,0.8917796611785889
6.66015625,14288.0,0.8918007612228394
6.640625,14288.0,0.8918227553367615
6.625,14288.0,0.8918442130088806
6.60546875,14288.0,0.8918670415878296
6.58984375,14288.0,0.891887903213501
6.5703125,14288.0,0.8919098973274231
6.55078125,14288.0,0.8919336795806885
6.52734375,14296.0,0.891961395740509
6.5078125,14296.0,0.8919844627380371
6.4921875,14296.0,0.8920048475265503
6.47265625,14296.0,0.892026424407959
6.453125,14296.0,0.8920480608940125
6.43359375,14296.0,0.8920702934265137
6.41796875,14296.0,0.8920934796333313
6.39453125,14296.0,0.8921180963516235
6.37890625,14296.0,0.8921394944190979
6.359375,14296.0,0.8921621441841125
6.3359375,14296.0,0.8921850919723511
6.3203125,14296.0,0.892204761505127
6.30078125,14296.0,0.8922274708747864
6.28125,14296.0,0.8922500610351562
6.265625,14296.0,0.8922721743583679
6.2421875,14296.0,0.892295777797699
6.22265625,14296.0,0.8923183083534241
6.20703125,14296.0,0.8923391103744507
6.1875,14296.0,0.8923596143722534
6.16796875,14296.0,0.892383337020874
6.1484375,14296.0,0.8924065828323364
6.12890625,14296.0,0.8924295902252197
6.109375,14296.0,0.8924504518508911
6.0859375,14296.0,0.8924761414527893
6.06640625,14296.0,0.8924998044967651
6.046875,14296.0,0.8925209045410156
6.02734375,14296.0,0.8925448656082153
6.0078125,14296.0,0.8925681710243225
5.98828125,14296.0,0.892592191696167
5.96484375,14296.0,0.8926150798797607
5.9453125,14296.0,0.8926379084587097
5.92578125,14296.0,0.8926600813865662
5.90625,14296.0,0.8926817774772644
5.88671875,14296.0,0.8927081227302551
5.859375,14296.0,0.8927346467971802
5.83984375,14296.0,0.892756998538971
5.82421875,14296.0,0.8927783370018005
5.80078125,14296.0,0.8928027153015137
5.78125,14296.0,0.8928263187408447
5.76171875,14296.0,0.8928484916687012
5.7421875,14296.0,0.8928709030151367
5.72265625,14296.0,0.8928915858268738
5.703125,14296.0,0.8929163217544556
5.6796875,14296.0,0.8929418921470642
5.66015625,14296.0,0.8929640054702759
5.640625,14296.0,0.8929842710494995
5.625,14296.0,0.89300537109375
5.60546875,14296.0,0.8930255770683289
5.5859375,14296.0,0.8930512070655823
5.56640625,14296.0,0.8930748105049133
5.546875,14296.0,0.8930962085723877
5.52734375,14296.0,0.8931185603141785
5.5078125,14296.0,0.8931432366371155
5.484375,14296.0,0.8931667804718018
5.4609375,14296.0,0.8931986093521118
5.44140625,14296.0,0.8932219743728638
5.421875,14296.0,0.8932455778121948
5.40234375,14296.0,0.8932675719261169
5.3828125,14296.0,0.8932903409004211
5.36328125,14296.0,0.8933133482933044
5.33984375,14296.0,0.893342912197113
5.3203125,14296.0,0.8933635354042053
5.3046875,14296.0,0.8933846354484558
5.28515625,14296.0,0.8934056162834167
5.26953125,14296.0,0.893426775932312
5.25,14296.0,0.8934491276741028
5.23046875,14296.0,0.8934730291366577
5.21484375,14296.0,0.8934938907623291
5.19921875,14296.0,0.8935152888298035
5.1796875,14296.0,0.8935377597808838
5.1640625,14296.0,0.8935609459877014
5.140625,14296.0,0.8935862183570862
5.125,14296.0,0.8936091065406799
5.10546875,14296.0,0.8936327695846558
5.0859375,14296.0,0.8936557173728943
5.0703125,14296.0,0.8936792016029358
5.05078125,14304.0,0.8937022686004639
5.03515625,14304.0,0.8937224745750427
5.01953125,14304.0,0.8937440514564514
5.00390625,14304.0,0.8937663435935974
4.98828125,14304.0,0.8937901258468628
4.96875,14304.0,0.8938131928443909
4.953125,14304.0,0.8938347101211548
4.93359375,14304.0,0.893860936164856
4.91796875,14304.0,0.8938858509063721
4.90234375,14304.0,0.8939078450202942
4.8828125,14304.0,0.8939319252967834
4.8671875,14304.0,0.8939565420150757
4.8515625,14304.0,0.8939777612686157
4.8359375,14304.0,0.8940016031265259
4.8203125,14304.0,0.8940250277519226
4.8046875,14304.0,0.8940449953079224
4.7890625,14304.0,0.894065797328949
4.77734375,14304.0,0.8940869569778442
4.76171875,14304.0,0.8941095471382141
4.74609375,14304.0,0.8941309452056885
4.734375,14304.0,0.8941551446914673
4.71875,14304.0,0.8941757082939148
4.703125,14304.0,0.8941997289657593
4.6875,14304.0,0.8942225575447083
4.67578125,14304.0,0.8942446708679199
4.66015625,14304.0,0.8942683935165405
4.64453125,14304.0,0.8942936062812805
4.6328125,14304.0,0.894315242767334
4.6171875,14304.0,0.8943386077880859
4.60546875,14304.0,0.8943617939949036
4.58984375,14304.0,0.8943866491317749
4.578125,14304.0,0.8944101929664612
4.56640625,14304.0,0.8944343328475952
4.55078125,14304.0,0.8944560289382935
4.5390625,14304.0,0.8944793343544006
4.52734375,14304.0,0.8945013880729675
4.515625,14304.0,0.8945242762565613
4.50390625,14304.0,0.8945478796958923
4.4921875,14304.0,0.8945697546005249
4.484375,14304.0,0.894591748714447
4.47265625,14304.0,0.8946141004562378
4.4609375,14304.0,0.8946381211280823
4.44921875,14304.0,0.8946619033813477
4.44140625,14304.0,0.894681990146637
4.4296875,14304.0,0.8947048187255859
4.421875,14304.0,0.8947283625602722
4.41015625,14304.0,0.8947530388832092
4.3984375,14304.0,0.8947774767875671
4.390625,14304.0,0.8947981595993042
4.37890625,14304.0,0.8948201537132263
4.37109375,14304.0,0.894844651222229
4.36328125,14304.0,0.8948690891265869
4.3515625,14304.0,0.8948922157287598
4.34375,14304.0,0.8949153423309326
4.3359375,14304.0,0.8949399590492249
4.32421875,14304.0,0.8949645161628723
4.31640625,14304.0,0.8949885368347168
4.30859375,14304.0,0.8950144052505493
4.30078125,14304.0,0.8950380086898804
4.29296875,14304.0,0.8950610756874084
4.28515625,14304.0,0.8950843811035156
4.27734375,14304.0,0.8951072096824646
4.26953125,14304.0,0.8951300382614136
4.265625,14304.0,0.8951550722122192
4.2578125,14304.0,0.8951779007911682
4.25,14304.0,0.8952010273933411
4.2421875,14304.0,0.8952247500419617
4.23828125,14304.0,0.8952481150627136
4.23046875,14304.0,0.8952716588973999
4.2265625,14304.0,0.8952941298484802
4.21875,14304.0,0.8953180313110352
4.2109375,14304.0,0.8953424692153931
4.20703125,14304.0,0.8953669667243958
4.203125,14304.0,0.8953886032104492
4.1953125,14304.0,0.8954120874404907
4.19140625,14304.0,0.895435631275177
4.1875,14312.0,0.8954588174819946
4.1796875,14312.0,0.8954827189445496
4.17578125,14312.0,0.895508885383606
4.171875,14312.0,0.8955302238464355
4.16796875,14312.0,0.8955549001693726
4.1640625,14312.0,0.8955785036087036
4.16015625,14312.0,0.8956009149551392
4.15625,14312.0,0.8956252932548523
4.15234375,14312.0,0.8956478834152222
4.1484375,14312.0,0.8956717252731323
4.14453125,14312.0,0.8956959843635559
4.140625,14312.0,0.8957205414772034
4.13671875,14312.0,0.8957417011260986
4.1328125,14312.0,0.8957648277282715
4.1328125,14312.0,0.8957870006561279
4.12890625,14312.0,0.8958125114440918
4.125,14312.0,0.8958381414413452
4.125,14312.0,0.8958619236946106
4.12109375,14312.0,0.8958839774131775
4.12109375,14312.0,0.8959091901779175
4.1171875,14312.0,0.8959327340126038
4.1171875,14312.0,0.8959552645683289
4.1171875,14312.0,0.8959766626358032
4.11328125,14312.0,0.8959990739822388
4.11328125,14312.0,0.8960234522819519
4.11328125,14312.0,0.8960477709770203
4.11328125,14312.0,0.896070122718811
4.11328125,14312.0,0.8960954546928406
4.11328125,14312.0,0.8961186408996582
4.11328125,14312.0,0.8961436152458191
4.11328125,14312.0,0.8961668610572815
4.11328125,14312.0,0.8961897492408752
4.11328125,14312.0,0.896218478679657
4.11328125,14312.0,0.896240770816803
4.1171875,14312.0,0.896263062953949
4.1171875,14312.0,0.896285891532898
4.1171875,14312.0,0.8963093161582947
4.12109375,14312.0,0.8963318467140198
4.12109375,14312.0,0.896354079246521
4.125,14312.0,0.8963775634765625
4.125,14312.0,0.8964008688926697
4.12890625,14312.0,0.8964255452156067
4.1328125,14312.0,0.896449625492096
4.13671875,14312.0,0.8964728116989136
4.13671875,14312.0,0.896496057510376
4.140625,14312.0,0.8965186476707458
4.14453125,14312.0,0.8965453505516052
4.1484375,14312.0,0.8965707421302795
4.15234375,14312.0,0.8965926170349121
4.15625,14312.0,0.8966183066368103
4.16015625,14312.0,0.8966420292854309
4.16796875,14312.0,0.8966649174690247
4.171875,14312.0,0.8966876268386841
4.17578125,14312.0,0.8967126607894897
4.18359375,14312.0,0.8967362642288208
4.1875,14312.0,0.896759569644928
4.1953125,14312.0,0.8967838287353516
4.19921875,14312.0,0.8968077898025513
4.20703125,14312.0,0.8968310356140137
4.2109375,14312.0,0.8968548774719238
4.21875,14312.0,0.8968783020973206
4.2265625,14312.0,0.8969011902809143
4.234375,14312.0,0.8969243764877319
4.23828125,14312.0,0.8969480395317078
4.24609375,14312.0,0.8969708681106567
4.25390625,14312.0,0.8969931602478027
4.26171875,14312.0,0.8970158696174622
4.2734375,14312.0,0.8970468044281006
4.28125,14312.0,0.8970642685890198
4.28515625,14312.0,0.8970822095870972
4.29296875,14312.0,0.8971038460731506
4.30078125,14312.0,0.8971261382102966
4.3125,14312.0,0.8971492052078247
4.3203125,14320.0,0.8971720933914185
4.328125,14320.0,0.8971937894821167
4.3359375,14320.0,0.8972189426422119
4.3515625,14320.0,0.8972514867782593
4.359375,14320.0,0.8972723484039307
4.3671875,14320.0,0.897292971611023
4.37890625,14320.0,0.897315263748169
4.38671875,14320.0,0.8973361849784851
4.3984375,14320.0,0.8973591923713684
4.40625,14320.0,0.8973812460899353
4.41796875,14320.0,0.8974046111106873
4.4296875,14320.0,0.8974279761314392
4.44140625,14320.0,0.8974518179893494
4.453125,14320.0,0.8974765539169312
4.46484375,14320.0,0.8974994421005249
4.47265625,14320.0,0.89752197265625
4.484375,14320.0,0.8975448608398438
4.49609375,14320.0,0.8975701928138733
4.5078125,14320.0,0.8975926637649536
4.51953125,14320.0,0.8976147770881653
4.53125,14320.0,0.8976377844810486
4.54296875,14320.0,0.8976615071296692
4.5546875,14320.0,0.8976851105690002
4.56640625,14320.0,0.897709310054779
4.578125,14320.0,0.8977321982383728
4.58984375,14320.0,0.8977550268173218
4.6015625,14320.0,0.8977795839309692
4.6171875,14320.0,0.897806704044342
4.62890625,14320.0,0.8978292942047119
4.640625,14320.0,0.8978524804115295
4.65234375,14320.0,0.8978751301765442
4.66796875,14320.0,0.8978987336158752
4.6796875,14320.0,0.8979243636131287
4.6953125,14320.0,0.8979522585868835
4.70703125,14320.0,0.8979772925376892
4.72265625,14320.0,0.8980010747909546
4.734375,14320.0,0.8980255126953125
4.75,14320.0,0.8980475664138794
4.76171875,14320.0,0.8980706930160522
4.7734375,14320.0,0.8980922698974609
4.78515625,14320.0,0.8981166481971741
4.80078125,14320.0,0.8981414437294006
4.81640625,14320.0,0.8981644511222839
4.828125,14320.0,0.8981884121894836
4.84375,14320.0,0.8982105255126953
4.8515625,14320.0,0.8982306718826294
4.8671875,14320.0,0.8982530236244202
4.87890625,14320.0,0.8982755541801453
4.89453125,14320.0,0.8982994556427002
4.90625,14320.0,0.8983224034309387
4.921875,14320.0,0.8983465433120728
4.9375,14320.0,0.898371160030365
4.94921875,14320.0,0.8983936309814453
4.96484375,14320.0,0.8984155058860779
4.9765625,14320.0,0.8984386920928955
4.9921875,14320.0,0.8984620571136475
5.0078125,14320.0,0.8984853625297546
5.01953125,14320.0,0.8985080122947693
5.03515625,14320.0,0.8985313177108765
5.05078125,14320.0,0.8985551595687866
5.06640625,14320.0,0.8985777497291565
5.08203125,14320.0,0.898601770401001
5.09375,14320.0,0.8986244201660156
5.109375,14320.0,0.8986478447914124
5.125,14320.0,0.8986712694168091
5.140625,14320.0,0.8986942172050476
5.15625,14320.0,0.8987166881561279
5.171875,14320.0,0.8987404108047485
5.18359375,14320.0,0.8987606763839722
5.19921875,14320.0,0.8987812399864197
5.21484375,14320.0,0.8988043069839478
5.23046875,14320.0,0.8988277316093445
5.24609375,14320.0,0.898849606513977
5.26171875,14328.0,0.8988734483718872
5.27734375,14328.0,0.8988981246948242
5.296875,14328.0,0.8989229798316956
5.3125,14328.0,0.8989472985267639
5.328125,14328.0,0.8989699482917786
5.34765625,14328.0,0.8989940285682678
5.36328125,14328.0,0.8990200161933899
5.37890625,14328.0,0.8990441560745239
5.3984375,14328.0,0.8990668058395386
5.4140625,14328.0,0.8990882039070129
5.4296875,14328.0,0.8991085290908813
5.4453125,14328.0,0.8991323709487915
5.46484375,14328.0,0.8991587162017822
5.484375,14328.0,0.8991873860359192
5.50390625,14328.0,0.8992148041725159
5.5234375,14328.0,0.8992416858673096
5.54296875,14328.0,0.8992687463760376
5.56640625,14328.0,0.8992971181869507
5.5859375,14328.0,0.899325966835022
5.609375,14328.0,0.8993540406227112
5.62890625,14328.0,0.8993809223175049
5.6484375,14328.0,0.899408221244812
5.66796875,14328.0,0.8994355201721191
5.69140625,14328.0,0.8994622230529785
5.7109375,14328.0,0.8994897603988647
5.73046875,14328.0,0.8995168209075928
5.75390625,14328.0,0.899543821811676
5.7734375,14328.0,0.8995725512504578
5.796875,14328.0,0.8996005654335022
5.81640625,14328.0,0.8996273875236511
5.83984375,14328.0,0.899655282497406
5.859375,14328.0,0.8996820449829102
5.8828125,14328.0,0.899709939956665
5.90234375,14328.0,0.8997368216514587
5.92578125,14328.0,0.8997645378112793
5.9453125,14328.0,0.8997917771339417
5.96875,14328.0,0.8998196125030518
5.9921875,14328.0,0.8998470306396484
6.01171875,14328.0,0.8998748660087585
6.03515625,14328.0,0.8999022245407104
6.05859375,14328.0,0.8999302983283997
6.08203125,14328.0,0.8999574780464172
6.10546875,14328.0,0.8999863862991333
6.12890625,14328.0,0.9000149369239807
6.15234375,14328.0,0.9000423550605774
6.17578125,14328.0,0.9000714421272278
6.19921875,14328.0,0.9001005291938782
6.22265625,14328.0,0.9001278877258301
6.24609375,14328.0,0.9001544713973999
6.26953125,14328.0,0.9001822471618652
6.29296875,14328.0,0.9002090692520142
6.31640625,14328.0,0.9002358913421631
6.33984375,14328.0,0.9002645611763
6.36328125,14328.0,0.9002922177314758
6.38671875,14328.0,0.9003188014030457
6.41015625,14328.0,0.900345504283905
6.43359375,14328.0,0.9003731608390808
6.45703125,14328.0,0.9003997445106506
6.48046875,14328.0,0.9004265069961548
6.5078125,14328.0,0.9004557132720947
6.53125,14328.0,0.9004834890365601
6.5546875,14328.0,0.9005101323127747
6.578125,14328.0,0.9005386233329773
6.6015625,14328.0,0.9005668759346008
6.62890625,14336.0,0.9005956053733826
6.65234375,14336.0,0.9006233811378479
6.67578125,14336.0,0.9006508588790894
6.69921875,14336.0,0.9006773829460144
6.72265625,14336.0,0.9007042050361633
6.75,14336.0,0.9007329344749451
6.7734375,14336.0,0.900761604309082
6.80078125,14336.0,0.9007890224456787
6.82421875,14336.0,0.900815486907959
6.84765625,14336.0,0.9008417725563049
6.87109375,14336.0,0.9008681774139404
6.89453125,14336.0,0.9008955955505371
6.91796875,14336.0,0.9009221196174622
6.94140625,14336.0,0.9009484052658081
6.96484375,14336.0,0.9009751081466675
6.98828125,14336.0,0.9010036587715149
7.01171875,14336.0,0.901032030582428
7.03515625,14336.0,0.9010593891143799
7.05859375,14336.0,0.9010867476463318
7.08203125,14336.0,0.9011130332946777
7.10546875,14336.0,0.9011394381523132
7.12890625,14336.0,0.9011682271957397
7.15625,14336.0,0.9011965394020081
7.1796875,14336.0,0.9012232422828674
7.19921875,14336.0,0.9012506604194641
7.22265625,14336.0,0.9012770056724548
7.24609375,14336.0,0.9013032913208008
7.265625,14336.0,0.9013298153877258
7.2890625,14336.0,0.9013571739196777
7.3125,14336.0,0.901383638381958
7.33203125,14336.0,0.9014099836349487
7.35546875,14336.0,0.901436984539032
7.375,14336.0,0.9014641046524048
7.3984375,14336.0,0.9014906287193298
7.41796875,14336.0,0.9015172123908997
7.44140625,14336.0,0.901544988155365
7.4609375,14336.0,0.9015716910362244
7.48046875,14336.0,0.9015991687774658
7.50390625,14336.0,0.9016263484954834
7.5234375,14336.0,0.901652991771698
7.54296875,14336.0,0.901680588722229
7.5625,14336.0,0.9017072319984436
7.58203125,14336.0,0.9017342329025269
7.60546875,14336.0,0.9017643332481384
7.625,14336.0,0.9017912149429321
7.64453125,14336.0,0.9018188714981079
7.6640625,14336.0,0.9018456935882568
7.68359375,14336.0,0.9018723964691162
7.703125,14336.0,0.901900053024292
7.71875,14336.0,0.9019266963005066
7.73828125,14336.0,0.9019542932510376
7.75390625,14336.0,0.9019812941551208
7.7734375,14336.0,0.9020086526870728
7.7890625,14336.0,0.9020360112190247
7.8046875,14336.0,0.9020630121231079
7.82421875,14336.0,0.9020918607711792
7.83984375,14336.0,0.9021191000938416
7.85546875,14336.0,0.9021457433700562
7.87109375,14336.0,0.9021728038787842
7.88671875,14336.0,0.9022030830383301
7.90234375,14336.0,0.9022302627563477
7.91796875,14336.0,0.9022591710090637
7.93359375,14336.0,0.9022879004478455
7.94921875,14336.0,0.9023166298866272
7.9609375,14336.0,0.9023441672325134
7.9765625,14344.0,0.9023704528808594
7.98828125,14344.0,0.9023968577384949
8.0,14344.0,0.9024254083633423
8.0078125,14344.0,0.9024534225463867
8.0234375,14344.0,0.9024816155433655
8.03125,14344.0,0.9025086760520935
8.046875,14344.0,0.902535080909729
8.0546875,14344.0,0.9025620818138123
8.0625,14344.0,0.9025885462760925
8.078125,14344.0,0.9026147723197937
8.0859375,14344.0,0.9026410579681396
8.09375,14344.0,0.9026680588722229
8.1015625,14344.0,0.9026951193809509
8.109375,14344.0,0.9027214646339417
8.1171875,14344.0,0.9027479887008667
8.125,14344.0,0.9027754664421082
8.1328125,14344.0,0.9028018116950989
8.140625,14344.0,0.9028283357620239
8.140625,14344.0,0.9028567671775818
8.1484375,14344.0,0.9028846621513367
8.15625,14344.0,0.9029123187065125
8.15625,14344.0,0.9029401540756226
8.1640625,14344.0,0.9029666185379028
8.171875,14344.0,0.9029943943023682
8.171875,14344.0,0.9030209183692932
8.171875,14344.0,0.9030474424362183
8.1796875,14344.0,0.9030753970146179
8.1796875,14344.0,0.9031019806861877
8.1796875,14344.0,0.9031305313110352
8.1875,14344.0,0.9031580686569214
8.1875,14344.0,0.9031845331192017
8.1875,14344.0,0.9032108783721924
8.1875,14344.0,0.9032376408576965
8.1875,14344.0,0.9032644629478455
8.1875,14344.0,0.903290867805481
8.1875,14344.0,0.903317391872406
8.1875,14344.0,0.9033461213111877
8.1875,14344.0,0.9033738970756531
8.1796875,14344.0,0.9034004211425781
8.1796875,14344.0,0.9034271836280823
8.1796875,14344.0,0.903455913066864
8.171875,14344.0,0.9034838676452637
8.171875,14344.0,0.9035114645957947
8.1640625,14344.0,0.9035387635231018
8.1640625,14344.0,0.9035670757293701
8.15625,14344.0,0.9035946726799011
8.15625,14344.0,0.9036210775375366
8.1484375,14344.0,0.9036473035812378
8.140625,14344.0,0.9036742448806763
8.140625,14344.0,0.9037007689476013
8.1328125,14344.0,0.9037269949913025
8.125,14344.0,0.9037532210350037
8.1171875,14344.0,0.9037797451019287
8.109375,14344.0,0.9038066267967224
8.109375,14344.0,0.9038330316543579
8.1015625,14344.0,0.9038592576980591
8.09375,14344.0,0.903885543346405
8.0859375,14344.0,0.9039131999015808
8.0703125,14344.0,0.9039397239685059
8.0625,14344.0,0.9039662480354309
8.0546875,14344.0,0.9039942622184753
8.046875,14344.0,0.9040217995643616
8.03125,14344.0,0.9040489792823792
8.0234375,14352.0,0.9040766954421997
8.015625,14352.0,0.9041033387184143
8.0,14352.0,0.9041303396224976
7.9921875,14352.0,0.9041572213172913
7.98046875,14352.0,0.9041834473609924
7.96875,14352.0,0.904210090637207
7.95703125,14352.0,0.9042386412620544
7.94140625,14352.0,0.9042671322822571
7.9296875,14352.0,0.9042938947677612
7.91796875,14352.0,0.9043205380439758
7.90234375,14352.0,0.904346764087677
7.890625,14352.0,0.9043729901313782
7.875,14352.0,0.9044007658958435
7.859375,14352.0,0.9044287204742432
7.84765625,14352.0,0.9044554233551025
7.83203125,14352.0,0.9044816493988037
7.81640625,14352.0,0.904508113861084
7.80078125,14352.0,0.9045364856719971
7.78125,14352.0,0.9045637249946594
7.765625,14352.0,0.9045900106430054
7.75,14352.0,0.9046162366867065
7.734375,14352.0,0.904642641544342
7.71484375,14352.0,0.904670000076294
7.69921875,14352.0,0.9046962857246399
7.68359375,14352.0,0.9047225713729858
7.6640625,14352.0,0.9047502279281616
7.64453125,14352.0,0.9047772288322449
7.62890625,14352.0,0.904805064201355
7.609375,14352.0,0.9048317670822144
7.58984375,14352.0,0.904859721660614
7.5703125,14352.0,0.9048862457275391
7.55078125,14352.0,0.9049137234687805
7.53125,14352.0,0.904940128326416
7.51171875,14352.0,0.9049665331840515
7.48828125,14352.0,0.9049941301345825
7.46875,14352.0,0.905020534992218
7.44921875,14352.0,0.905048131942749
7.42578125,14352.0,0.9050753712654114
7.40234375,14352.0,0.9051041603088379
7.37890625,14352.0,0.9051323533058167
7.359375,14352.0,0.9051604866981506
7.3359375,14352.0,0.9051876068115234
7.3125,14352.0,0.9052146673202515
7.2890625,14352.0,0.9052408933639526
7.26953125,14352.0,0.9052671790122986
7.24609375,14352.0,0.9052954912185669
7.22265625,14352.0,0.9053221940994263
7.19921875,14352.0,0.9053486585617065
7.17578125,14352.0,0.9053748846054077
7.15234375,14352.0,0.9054011106491089
7.12890625,14352.0,0.9054273366928101
7.10546875,14352.0,0.905454695224762
7.08203125,14352.0,0.9054809808731079
7.05859375,14352.0,0.9055072069168091
7.03515625,14352.0,0.9055345058441162
7.0078125,14352.0,0.9055615663528442
6.984375,14352.0,0.9055882096290588
6.9609375,14352.0,0.9056158661842346
6.93359375,14352.0,0.9056426882743835
6.91015625,14352.0,0.9056695103645325
6.88671875,14352.0,0.9056957364082336
6.86328125,14352.0,0.9057220220565796
6.8359375,14352.0,0.905748724937439
6.8125,14360.0,0.9057754874229431
6.7890625,14360.0,0.9058017134666443
6.765625,14360.0,0.905828058719635
6.73828125,14360.0,0.9058568477630615
6.7109375,14360.0,0.9058840870857239
6.6875,14360.0,0.905910313129425
6.6640625,14360.0,0.905936598777771
6.63671875,14360.0,0.9059642553329468
6.61328125,14360.0,0.9059907793998718
6.58984375,14360.0,0.9060174226760864
6.5625,14360.0,0.9060467481613159
6.5390625,14360.0,0.9060732126235962
6.51171875,14360.0,0.9060994386672974
6.48828125,14360.0,0.9061261415481567
6.46484375,14360.0,0.9061532020568848
6.44140625,14360.0,0.9061794877052307
6.41796875,14360.0,0.9062067866325378
6.390625,14360.0,0.9062333106994629
6.3671875,14360.0,0.9062595963478088
6.34375,14360.0,0.9062877297401428
6.3203125,14360.0,0.9063157439231873
6.29296875,14360.0,0.9063424468040466
6.26953125,14360.0,0.9063705205917358
6.24609375,14360.0,0.9063974022865295
6.22265625,14360.0,0.9064241051673889
6.19921875,14360.0,0.9064503312110901
6.1796875,14360.0,0.906476616859436
6.15625,14360.0,0.9065050482749939
6.12890625,14360.0,0.9065325260162354
6.109375,14360.0,0.9065586924552917
6.0859375,14360.0,0.9065848588943481
6.0625,14360.0,0.906611442565918
6.0390625,14360.0,0.9066404104232788
6.015625,14360.0,0.9066669940948486
5.9921875,14360.0,0.9066930413246155
5.97265625,14360.0,0.9067191481590271
5.94921875,14360.0,0.9067464470863342
5.92578125,14360.0,0.9067733287811279
5.90625,14360.0,0.9067999720573425
5.8828125,14360.0,0.9068270921707153
5.86328125,14360.0,0.9068532586097717
5.83984375,14360.0,0.906879723072052
5.81640625,14360.0,0.9069077372550964
5.796875,14360.0,0.9069347977638245
5.7734375,14360.0,0.9069612622261047
5.75390625,14360.0,0.9069873094558716
5.734375,14360.0,0.9070138931274414
5.7109375,14360.0,0.9070409536361694
5.69140625,14360.0,0.907067060470581
5.671875,14360.0,0.9070932865142822
5.6484375,14360.0,0.9071216583251953
5.62890625,14360.0,0.9071490168571472
5.60546875,14360.0,0.9071751832962036
5.5859375,14360.0,0.9072011709213257
5.56640625,14360.0,0.9072273969650269
5.546875,14360.0,0.9072546362876892
5.52734375,14360.0,0.9072808027267456
5.5078125,14360.0,0.9073068499565125
5.48828125,14360.0,0.9073343873023987
5.46875,14360.0,0.9073626399040222
5.44921875,14360.0,0.9073895812034607
5.4296875,14360.0,0.9074165225028992
5.41015625,14360.0,0.9074428081512451
5.390625,14360.0,0.9074687361717224
5.37109375,14368.0,0.9074947237968445
5.35546875,14368.0,0.9075214862823486
5.3359375,14368.0,0.9075482487678528
5.31640625,14368.0,0.9075742363929749
5.296875,14368.0,0.9076003432273865
5.28125,14368.0,0.9076278805732727
5.26171875,14368.0,0.907654345035553
5.2421875,14368.0,0.9076813459396362
5.2265625,14368.0,0.9077081084251404
5.20703125,14368.0,0.9077341556549072
5.19140625,14368.0,0.9077616930007935
5.171875,14368.0,0.9077891707420349
5.15625,14368.0,0.9078157544136047
5.13671875,14368.0,0.907841682434082
5.12109375,14368.0,0.9078676104545593
5.10546875,14368.0,0.907893717288971
5.0859375,14368.0,0.9079222679138184
5.0703125,14368.0,0.9079493284225464
5.0546875,14368.0,0.9079753160476685
5.0390625,14368.0,0.9080012440681458
5.0234375,14368.0,0.9080272912979126
5.0078125,14368.0,0.9080553650856018
4.98828125,14368.0,0.9080832004547119
4.97265625,14368.0,0.9081096053123474
4.95703125,14368.0,0.9081358909606934
4.94140625,14368.0,0.9081640839576721
4.92578125,14368.0,0.9081913232803345
4.9140625,14368.0,0.9082174301147461
4.8984375,14368.0,0.9082433581352234
4.8828125,14368.0,0.9082693457603455
4.8671875,14368.0,0.9082964658737183
4.8515625,14368.0,0.9083224534988403
4.83984375,14368.0,0.9083483815193176
4.82421875,14368.0,0.9083743691444397
4.80859375,14368.0,0.9084010720252991
4.796875,14368.0,0.9084271192550659
4.78125,14368.0,0.9084530472755432
4.76953125,14368.0,0.9084789752960205
4.7578125,14368.0,0.9085049629211426
4.7421875,14368.0,0.9085329174995422
4.7265625,14368.0,0.908560037612915
4.71484375,14368.0,0.9085862636566162
4.69921875,14368.0,0.9086121916770935
4.6875,14368.0,0.9086381196975708
4.67578125,14368.0,0.9086641073226929
4.66015625,14368.0,0.9086920619010925
4.6484375,14368.0,0.9087192416191101
4.63671875,14368.0,0.9087454676628113
4.62109375,14368.0,0.9087713956832886
4.609375,14368.0,0.9087973237037659
4.59765625,14368.0,0.9088233113288879
4.5859375,14368.0,0.9088503122329712
4.57421875,14368.0,0.908876359462738
4.5625,14368.0,0.9089022874832153
4.55078125,14368.0,0.9089282155036926
4.5390625,14368.0,0.9089552760124207
4.5234375,14368.0,0.9089820981025696
4.51171875,14368.0,0.909008264541626
4.5,14368.0,0.9090358018875122
4.48828125,14368.0,0.9090617299079895
4.4765625,14368.0,0.9090883731842041
4.46875,14368.0,0.9091145396232605
4.45703125,14368.0,0.9091404676437378
4.4453125,14368.0,0.9091663956642151
4.43359375,14368.0,0.9091923236846924
4.421875,14368.0,0.9092186093330383
4.41015625,14376.0,0.9092466235160828
4.40234375,14376.0,0.9092735648155212
4.390625,14376.0,0.9092994928359985
4.37890625,14376.0,0.9093254208564758
4.37109375,14376.0,0.9093513488769531
4.359375,14376.0,0.9093775153160095
4.3515625,14376.0,0.9094058275222778
4.33984375,14376.0,0.9094325304031372
4.33203125,14376.0,0.9094584584236145
4.3203125,14376.0,0.9094843864440918
4.3125,14376.0,0.9095103144645691
4.3046875,14376.0,0.9095362424850464
4.29296875,14376.0,0.9095633625984192
4.28515625,14376.0,0.9095893502235413
4.27734375,14376.0,0.9096152782440186
4.26953125,14376.0,0.9096412658691406
4.26171875,14376.0,0.9096691608428955
4.25390625,14376.0,0.9096959829330444
4.24609375,14376.0,0.9097225666046143
4.23828125,14376.0,0.9097484946250916
4.23046875,14376.0,0.9097744226455688
4.22265625,14376.0,0.9098004102706909
4.21484375,14376.0,0.9098283648490906
4.20703125,14376.0,0.9098553657531738
4.203125,14376.0,0.9098815321922302
4.1953125,14376.0,0.9099074602127075
4.19140625,14376.0,0.9099333882331848
4.18359375,14376.0,0.9099593162536621
4.1796875,14376.0,0.9099855422973633
4.171875,14376.0,0.9100130796432495
4.16796875,14376.0,0.9100391864776611
4.16015625,14376.0,0.9100661277770996
4.15625,14376.0,0.9100920557975769
4.15234375,14376.0,0.9101179838180542
4.1484375,14376.0,0.9101439118385315
4.14453125,14376.0,0.9101704955101013
4.140625,14376.0,0.9101969599723816
4.13671875,14376.0,0.9102228879928589
4.13671875,14376.0,0.9102488160133362
4.1328125,14376.0,0.9102748036384583
4.12890625,14376.0,0.9103028178215027
4.12890625,14376.0,0.9103294014930725
4.125,14376.0,0.910355806350708
4.125,14376.0,0.9103817343711853
4.12109375,14376.0,0.9104076623916626
4.12109375,14376.0,0.9104335904121399
4.12109375,14376.0,0.9104600548744202
4.12109375,14376.0,0.9104864597320557
4.1171875,14376.0,0.910512387752533
4.1171875,14376.0,0.9105383157730103
4.1171875,14376.0,0.9105642437934875
4.12109375,14376.0,0.9105910062789917
4.12109375,14376.0,0.9106172919273376
4.12109375,14376.0,0.9106432199478149
4.12109375,14376.0,0.910669207572937
4.125,14376.0,0.9106958508491516
4.125,14376.0,0.9107221961021423
4.12890625,14376.0,0.9107481241226196
4.12890625,14376.0,0.9107740521430969
4.1328125,14376.0,0.9108011722564697
4.1328125,14376.0,0.9108279347419739
4.13671875,14376.0,0.9108541011810303
4.140625,14376.0,0.9108825325965881
4.14453125,14376.0,0.9109106063842773
4.1484375,14376.0,0.9109379649162292
4.15234375,14384.0,0.9109639525413513
4.15625,14384.0,0.9109898805618286
4.16015625,14384.0,0.9110167026519775
4.1640625,14384.0,0.9110430479049683
4.16796875,14384.0,0.9110689759254456
4.17578125,14384.0,0.9110949635505676
4.1796875,14384.0,0.9111230373382568
4.1875,14384.0,0.9111509323120117
4.19140625,14384.0,0.9111773371696472
4.19921875,14384.0,0.9112042188644409
4.203125,14384.0,0.9112306833267212
4.2109375,14384.0,0.9112566113471985
4.21875,14384.0,0.9112830758094788
4.2265625,14384.0,0.9113094210624695
4.234375,14384.0,0.9113353490829468
4.2421875,14384.0,0.9113612771034241
4.25,14384.0,0.9113872051239014
4.2578125,14384.0,0.9114144444465637
4.265625,14384.0,0.9114410877227783
4.2734375,14384.0,0.9114673137664795
4.28515625,14384.0,0.9114953279495239
4.29296875,14384.0,0.9115220904350281
4.3046875,14384.0,0.9115479588508606
4.3125,14384.0,0.9115737080574036
4.32421875,14384.0,0.9115995764732361
4.33203125,14384.0,0.9116255640983582
4.34375,14384.0,0.9116522073745728
4.35546875,14384.0,0.91167813539505
4.3671875,14384.0,0.911703884601593
4.37890625,14384.0,0.9117298126220703
4.38671875,14384.0,0.9117557406425476
4.3984375,14384.0,0.9117826223373413
4.4140625,14384.0,0.9118086099624634
4.42578125,14384.0,0.9118345379829407
4.4375,14384.0,0.911860466003418
4.44921875,14384.0,0.9118865728378296
4.4609375,14384.0,0.9119148850440979
4.4765625,14384.0,0.9119423627853394
4.48828125,14384.0,0.9119682908058167
4.50390625,14384.0,0.9119958877563477
4.515625,14384.0,0.9120221138000488
4.53125,14384.0,0.9120488166809082
4.54296875,14384.0,0.9120748043060303
4.55859375,14384.0,0.912100613117218
4.5703125,14384.0,0.9121265411376953
4.5859375,14384.0,0.9121524691581726
4.6015625,14384.0,0.9121801853179932
4.6171875,14384.0,0.9122062921524048
4.62890625,14384.0,0.9122341871261597
4.6484375,14384.0,0.9122608304023743
4.66015625,14384.0,0.9122874736785889
4.67578125,14384.0,0.9123132824897766
4.69140625,14384.0,0.9123390913009644
4.70703125,14384.0,0.9123651385307312
4.72265625,14384.0,0.9123930931091309
4.73828125,14384.0,0.9124197363853455
4.7578125,14384.0,0.9124458432197571
4.7734375,14384.0,0.9124715328216553
4.7890625,14384.0,0.9124972224235535
4.8046875,14384.0,0.9125230312347412
4.8203125,14384.0,0.9125490784645081
4.83984375,14384.0,0.9125760197639465
4.85546875,14384.0,0.912601888179779
4.87109375,14384.0,0.9126276969909668
4.890625,14392.0,0.9126536846160889
4.90625,14392.0,0.9126806855201721
4.92578125,14392.0,0.9127066135406494
4.94140625,14392.0,0.9127325415611267
4.9609375,14392.0,0.9127585291862488
4.98046875,14392.0,0.9127863049507141
5.0,14392.0,0.9128125905990601
5.01953125,14392.0,0.912838876247406
5.03515625,14392.0,0.9128648638725281
5.0546875,14392.0,0.9128906726837158
5.07421875,14392.0,0.9129164814949036
5.09375,14392.0,0.9129424691200256
5.11328125,14392.0,0.9129698872566223
5.13671875,14392.0,0.9129959940910339
5.15625,14392.0,0.9130225777626038
5.17578125,14392.0,0.9130489230155945
5.1953125,14392.0,0.9130748510360718
5.21484375,14392.0,0.9131007790565491
5.23828125,14392.0,0.9131271243095398
5.2578125,14392.0,0.9131542444229126
5.28125,14392.0,0.9131801724433899
5.30078125,14392.0,0.9132077693939209
5.32421875,14392.0,0.9132340550422668
5.34765625,14392.0,0.9132610559463501
5.3671875,14392.0,0.9132870435714722
5.390625,14392.0,0.9133129715919495
5.4140625,14392.0,0.9133391976356506
5.4375,14392.0,0.9133665561676025
5.45703125,14392.0,0.9133924841880798
5.48046875,14392.0,0.9134193062782288
5.50390625,14392.0,0.9134455323219299
5.52734375,14392.0,0.9134714603424072
5.55078125,14392.0,0.9134976863861084
5.57421875,14392.0,0.9135246276855469
5.59765625,14392.0,0.9135505557060242
5.62109375,14392.0,0.9135767221450806
5.64453125,14392.0,0.913604736328125
5.66796875,14392.0,0.9136316180229187
5.69140625,14392.0,0.9136577248573303
5.71484375,14392.0,0.9136836528778076
5.73828125,14392.0,0.9137096405029297
5.76171875,14392.0,0.9137377738952637
5.7890625,14392.0,0.9137647151947021
5.8125,14392.0,0.913790762424469
5.8359375,14392.0,0.9138166904449463
5.859375,14392.0,0.9138426184654236
5.8828125,14392.0,0.9138690233230591
5.90625,14392.0,0.9138959050178528
5.9296875,14392.0,0.9139218330383301
5.953125,14392.0,0.913948118686676
5.98046875,14392.0,0.9139761924743652
6.00390625,14392.0,0.9140033721923828
6.02734375,14392.0,0.9140293002128601
6.05078125,14392.0,0.9140557646751404
6.078125,14392.0,0.9140821099281311
6.1015625,14392.0,0.9141080379486084
6.125,14392.0,0.9141339659690857
6.1484375,14392.0,0.9141603112220764
6.171875,14392.0,0.9141870737075806
6.1953125,14392.0,0.9142130017280579
6.21875,14392.0,0.9142389893531799
6.2421875,14392.0,0.914266049861908
6.265625,14392.0,0.9142919778823853
6.2890625,14392.0,0.9143179655075073
6.3125,14392.0,0.9143449664115906
6.3359375,14400.0,0.9143713116645813
6.359375,14400.0,0.9143974184989929
6.38671875,14400.0,0.9144244194030762
6.40625,14400.0,0.914450466632843
6.4296875,14400.0,0.9144765734672546
6.45703125,14400.0,0.9145037531852722
6.4765625,14400.0,0.9145298004150391
6.5,14400.0,0.9145567417144775
6.52734375,14400.0,0.9145836234092712
6.546875,14400.0,0.9146105647087097
6.5703125,14400.0,0.9146371483802795
6.59375,14400.0,0.9146634936332703
6.6171875,14400.0,0.9146912693977356
6.640625,14400.0,0.9147179126739502
6.6640625,14400.0,0.9147468209266663
6.6875,14400.0,0.9147732257843018
6.70703125,14400.0,0.9147992730140686
6.73046875,14400.0,0.9148273468017578
6.75390625,14400.0,0.914855420589447
6.77734375,14400.0,0.9148827195167542
6.796875,14400.0,0.9149088263511658
6.8203125,14400.0,0.9149347543716431
6.83984375,14400.0,0.9149609208106995
6.86328125,14400.0,0.9149882197380066
6.8828125,14400.0,0.9150142073631287
6.90234375,14400.0,0.9150419235229492
6.92578125,14400.0,0.915068507194519
6.9453125,14400.0,0.9150950908660889
6.96484375,14400.0,0.9151210784912109
6.984375,14400.0,0.9151470065116882
7.0078125,14400.0,0.9151744842529297
7.02734375,14400.0,0.915202260017395
7.046875,14400.0,0.9152283072471619
7.06640625,14400.0,0.9152542352676392
7.0859375,14400.0,0.9152806997299194
7.10546875,14400.0,0.9153077006340027
7.125,14400.0,0.9153336882591248
7.14453125,14400.0,0.9153607487678528
7.1640625,14400.0,0.9153869152069092
7.18359375,14400.0,0.9154129028320312
7.203125,14400.0,0.9154406189918518
7.22265625,14400.0,0.9154675006866455
7.2421875,14400.0,0.9154940247535706
7.2578125,14400.0,0.9155200123786926
7.27734375,14400.0,0.9155476689338684
7.296875,14400.0,0.915576159954071
7.31640625,14400.0,0.9156025052070618
7.3359375,14400.0,0.9156306982040405
7.35546875,14400.0,0.9156584739685059
7.37109375,14400.0,0.9156850576400757
7.390625,14400.0,0.9157112836837769
7.40625,14400.0,0.9157371520996094
7.421875,14400.0,0.9157630801200867
7.44140625,14400.0,0.9157903790473938
7.45703125,14400.0,0.9158163666725159
7.47265625,14400.0,0.9158427119255066
7.4921875,14400.0,0.9158703684806824
7.5078125,14400.0,0.9158974885940552
7.5234375,14400.0,0.9159234762191772
7.5390625,14400.0,0.9159494638442993
7.55859375,14400.0,0.9159771203994751
7.57421875,14400.0,0.9160035252571106
7.58984375,14400.0,0.9160313010215759
7.60546875,14400.0,0.9160594344139099
7.62109375,14400.0,0.9160864949226379
7.63671875,14408.0,0.9161124229431152
7.6484375,14408.0,0.916138231754303
7.6640625,14408.0,0.9161641597747803
7.6796875,14408.0,0.9161913394927979
7.69140625,14408.0,0.9162173271179199
7.70703125,14408.0,0.916243314743042
7.71875,14408.0,0.9162705540657043
7.734375,14408.0,0.9162965416908264
7.74609375,14408.0,0.9163228869438171
7.7578125,14408.0,0.9163509607315063
7.7734375,14408.0,0.9163789749145508
7.78515625,14408.0,0.9164058566093445
7.796875,14408.0,0.9164315462112427
7.80859375,14408.0,0.9164572358131409
7.8203125,14408.0,0.9164843559265137
7.8359375,14408.0,0.9165109992027283
7.84765625,14408.0,0.9165377616882324
7.85546875,14408.0,0.9165636301040649
7.8671875,14408.0,0.9165893197059631
7.87890625,14408.0,0.9166152477264404
7.88671875,14408.0,0.9166420698165894
7.8984375,14408.0,0.9166679382324219
7.90625,14408.0,0.9166936874389648
7.91796875,14408.0,0.9167203307151794
7.92578125,14408.0,0.9167466759681702
7.93359375,14408.0,0.9167726039886475
7.9453125,14408.0,0.9167999029159546
7.953125,14408.0,0.9168280959129333
7.96484375,14408.0,0.9168556332588196
7.97265625,14408.0,0.9168819189071655
7.98046875,14408.0,0.9169076085090637
7.98828125,14408.0,0.916933536529541
7.99609375,14408.0,0.9169604778289795
8.0,14408.0,0.9169864058494568
8.0078125,14408.0,0.9170122742652893
8.015625,14408.0,0.9170399308204651
8.0234375,14408.0,0.9170663952827454
8.0234375,14408.0,0.9170928001403809
8.03125,14408.0,0.9171187281608582
8.0390625,14408.0,0.9171445369720459
8.046875,14408.0,0.9171709418296814
8.046875,14408.0,0.9171973466873169
8.0546875,14408.0,0.9172232747077942
8.0625,14408.0,0.9172494411468506
8.0625,14408.0,0.9172775745391846
8.0703125,14408.0,0.9173053503036499
8.0703125,14408.0,0.9173319339752197
8.078125,14408.0,0.9173583388328552
8.078125,14408.0,0.917384147644043
8.0859375,14408.0,0.9174103140830994
8.0859375,14408.0,0.9174378514289856
8.09375,14408.0,0.9174641370773315
8.09375,14408.0,0.9174904823303223
8.09375,14408.0,0.9175163507461548
8.09375,14408.0,0.9175423383712769
8.1015625,14408.0,0.9175695776939392
8.1015625,14408.0,0.9175955057144165
8.1015625,14408.0,0.9176225662231445
8.1015625,14408.0,0.9176492691040039
8.1015625,14408.0,0.9176768660545349
8.1015625,14408.0,0.9177035689353943
8.1015625,14408.0,0.9177317023277283
8.1015625,14408.0,0.9177599549293518
8.1015625,14408.0,0.9177879691123962
8.1015625,14408.0,0.9178141951560974
8.1015625,14416.0,0.9178398847579956
8.1015625,14416.0,0.917865514755249
8.1015625,14416.0,0.917891263961792
8.09375,14416.0,0.9179190993309021
8.09375,14416.0,0.9179470539093018
8.09375,14416.0,0.9179739952087402
8.0859375,14416.0,0.9179998636245728
8.0859375,14416.0,0.9180254936218262
8.078125,14416.0,0.9180511236190796
8.078125,14416.0,0.9180771708488464
8.0703125,14416.0,0.9181051850318909
8.0703125,14416.0,0.918133020401001
8.0625,14416.0,0.918159544467926
8.0546875,14416.0,0.9181852340698242
8.0546875,14416.0,0.9182108640670776
8.046875,14416.0,0.918236494064331
8.0390625,14416.0,0.9182623028755188
8.03125,14416.0,0.918289065361023
8.0234375,14416.0,0.9183147549629211
8.015625,14416.0,0.9183403849601746
8.0078125,14416.0,0.9183662533760071
8.0,14416.0,0.9183934330940247
7.99609375,14416.0,0.9184192419052124
7.984375,14416.0,0.91844642162323
7.9765625,14416.0,0.9184724688529968
7.96875,14416.0,0.9184994697570801
7.95703125,14416.0,0.9185265302658081
7.9453125,14416.0,0.9185527563095093
7.93359375,14416.0,0.9185783863067627
7.921875,14416.0,0.9186040163040161
7.91015625,14416.0,0.9186297655105591
7.8984375,14416.0,0.9186565279960632
7.88671875,14416.0,0.9186822175979614
7.875,14416.0,0.9187078475952148
7.86328125,14416.0,0.9187337756156921
7.84765625,14416.0,0.9187614321708679
7.8359375,14416.0,0.9187877774238586
7.8203125,14416.0,0.9188144207000732
7.80859375,14416.0,0.9188401103019714
7.79296875,14416.0,0.9188661575317383
7.77734375,14416.0,0.9188924431800842
7.76171875,14416.0,0.9189181327819824
7.74609375,14416.0,0.9189437627792358
7.73046875,14416.0,0.9189697504043579
7.71484375,14416.0,0.9189976453781128
7.6953125,14416.0,0.9190247058868408
7.6796875,14416.0,0.9190503358840942
7.6640625,14416.0,0.9190763235092163
7.64453125,14416.0,0.9191045165061951
7.625,14416.0,0.9191309809684753
7.609375,14416.0,0.9191566109657288
7.58984375,14416.0,0.9191822409629822
7.57421875,14416.0,0.9192084670066833
7.5546875,14416.0,0.9192348122596741
7.53515625,14416.0,0.9192604422569275
7.515625,14416.0,0.9192861318588257
7.49609375,14416.0,0.9193130731582642
7.4765625,14416.0,0.9193388223648071
7.45703125,14416.0,0.9193645119667053
7.4375,14416.0,0.9193912148475647
7.41796875,14416.0,0.9194170832633972
7.3984375,14416.0,0.9194427132606506
7.375,14416.0,0.919468879699707
7.35546875,14416.0,0.9194956421852112
7.3359375,14424.0,0.9195213913917542
7.3125,14424.0,0.9195481538772583
7.2890625,14424.0,0.919574499130249
7.26953125,14424.0,0.9196004271507263
7.24609375,14424.0,0.9196274280548096
7.22265625,14424.0,0.9196532368659973
7.203125,14424.0,0.9196805357933044
7.1796875,14424.0,0.9197067022323608
7.15625,14424.0,0.9197344779968262
7.1328125,14424.0,0.9197613596916199
7.109375,14424.0,0.9197872281074524
7.0859375,14424.0,0.9198128581047058
7.0625,14424.0,0.9198393821716309
7.0390625,14424.0,0.9198657870292664
7.015625,14424.0,0.9198915362358093
6.9921875,14424.0,0.9199188947677612
6.96875,14424.0,0.9199448823928833
6.9453125,14424.0,0.919971764087677
6.921875,14424.0,0.9199975728988647
6.8984375,14424.0,0.920023500919342
6.87109375,14424.0,0.9200506210327148
6.84765625,14424.0,0.9200764894485474
6.82421875,14424.0,0.9201036095619202
6.796875,14424.0,0.9201295375823975
6.7734375,14424.0,0.9201565384864807
6.75,14424.0,0.9201827049255371
6.72265625,14424.0,0.9202094078063965
6.69921875,14424.0,0.9202359914779663
6.67578125,14424.0,0.9202621579170227
6.6484375,14424.0,0.9202896952629089
6.62109375,14424.0,0.9203174114227295
6.59765625,14424.0,0.9203445315361023
6.5703125,14424.0,0.9203709363937378
6.546875,14424.0,0.9203979969024658
6.51953125,14424.0,0.9204240441322327
6.49609375,14424.0,0.9204502105712891
6.46875,14424.0,0.9204765558242798
6.4453125,14424.0,0.9205023646354675
6.421875,14424.0,0.9205291867256165
6.39453125,14424.0,0.920555591583252
6.37109375,14424.0,0.9205818772315979
6.34375,14424.0,0.920609176158905
6.3203125,14424.0,0.9206372499465942
6.29296875,14424.0,0.9206640720367432
6.26953125,14424.0,0.9206897616386414
6.24609375,14424.0,0.9207155704498291
6.21875,14424.0,0.9207424521446228
6.1953125,14424.0,0.9207682013511658
6.171875,14424.0,0.9207940697669983
6.14453125,14424.0,0.9208218455314636
6.12109375,14424.0,0.9208497405052185
6.09375,14424.0,0.9208775162696838
6.0703125,14424.0,0.9209040999412537
6.04296875,14424.0,0.9209297895431519
6.01953125,14424.0,0.9209551811218262
5.99609375,14424.0,0.92098069190979
5.97265625,14424.0,0.9210065007209778
5.94921875,14424.0,0.9210337996482849
5.92578125,14424.0,0.9210602045059204
5.90234375,14424.0,0.921086311340332
5.87890625,14424.0,0.9211118221282959
5.85546875,14424.0,0.9211375117301941
5.83203125,14424.0,0.921164333820343
5.80859375,14424.0,0.9211899042129517
5.78515625,14432.0,0.9212155938148499
5.76171875,14432.0,0.9212422966957092
5.73828125,14432.0,0.921268105506897
5.71484375,14432.0,0.9212937355041504
5.69140625,14432.0,0.9213202595710754
5.66796875,14432.0,0.921346127986908
5.64453125,14432.0,0.9213717579841614
5.625,14432.0,0.9213974475860596
5.6015625,14432.0,0.9214252233505249
5.578125,14432.0,0.921451985836029
5.5546875,14432.0,0.9214776158332825
5.53125,14432.0,0.9215030670166016
5.51171875,14432.0,0.921528697013855
5.48828125,14432.0,0.9215563535690308
5.46484375,14432.0,0.921583890914917
5.44140625,14432.0,0.9216096997261047
5.421875,14432.0,0.9216359853744507
5.3984375,14432.0,0.9216617941856384
5.37890625,14432.0,0.921687126159668
5.35546875,14432.0,0.9217125773429871
5.3359375,14432.0,0.9217382073402405
5.3125,14432.0,0.9217648506164551
5.29296875,14432.0,0.9217903017997742
5.2734375,14432.0,0.9218157529830933
5.25390625,14432.0,0.9218418598175049
5.23046875,14432.0,0.9218679666519165
5.2109375,14432.0,0.9218934774398804
5.19140625,14432.0,0.9219189882278442
5.171875,14432.0,0.9219447374343872
5.15234375,14432.0,0.9219722747802734
5.12890625,14432.0,0.921999990940094
5.109375,14432.0,0.922026515007019
5.08984375,14432.0,0.9220520853996277
5.0703125,14432.0,0.9220774173736572
5.0546875,14432.0,0.9221028685569763
5.03515625,14432.0,0.9221285581588745
5.015625,14432.0,0.9221563935279846
4.99609375,14432.0,0.9221829771995544
4.9765625,14432.0,0.9222083687782288
4.9609375,14432.0,0.9222337603569031
4.94140625,14432.0,0.9222604632377625
4.921875,14432.0,0.9222866296768188
4.90625,14432.0,0.9223122596740723
4.88671875,14432.0,0.9223387837409973
4.87109375,14432.0,0.9223641753196716
4.85546875,14432.0,0.9223895072937012
4.83984375,14432.0,0.9224150776863098
4.8203125,14432.0,0.9224416017532349
4.8046875,14432.0,0.9224671721458435
4.7890625,14432.0,0.922492504119873
4.7734375,14432.0,0.9225180149078369
4.7578125,14432.0,0.9225451350212097
4.7421875,14432.0,0.9225708246231079
4.7265625,14432.0,0.9225984215736389
4.7109375,14432.0,0.9226256012916565
4.69921875,14432.0,0.9226512908935547
4.68359375,14432.0,0.922676682472229
4.66796875,14432.0,0.9227038025856018
4.65625,14432.0,0.9227298498153687
4.640625,14432.0,0.9227560758590698
4.62890625,14432.0,0.9227814078330994
4.6171875,14432.0,0.9228067398071289
4.60546875,14432.0,0.9228320717811584
4.59375,14432.0,0.9228575229644775
4.578125,14432.0,0.9228847026824951
4.56640625,14432.0,0.9229103922843933
4.5546875,14432.0,0.922936737537384
4.546875,14440.0,0.9229622483253479
4.53515625,14440.0,0.9229875802993774
4.5234375,14440.0,0.923012912273407
4.51171875,14440.0,0.9230384230613708
4.50390625,14440.0,0.923064649105072
4.4921875,14440.0,0.9230900406837463
4.484375,14440.0,0.9231153726577759
4.47265625,14440.0,0.9231407046318054
4.46484375,14440.0,0.9231660962104797
4.45703125,14440.0,0.9231926798820496
4.4453125,14440.0,0.9232184290885925
4.4375,14440.0,0.9232437610626221
4.4296875,14440.0,0.9232693314552307
4.421875,14440.0,0.923295795917511
4.4140625,14440.0,0.9233211278915405
4.40625,14440.0,0.9233464598655701
4.3984375,14440.0,0.9233719110488892
4.390625,14440.0,0.9233984351158142
4.3828125,14440.0,0.9234239459037781
4.37890625,14440.0,0.9234492778778076
4.37109375,14440.0,0.9234747886657715
4.36328125,14440.0,0.9235017895698547
4.35546875,14440.0,0.9235273003578186
4.3515625,14440.0,0.9235528707504272
4.34375,14440.0,0.9235790967941284
4.33984375,14440.0,0.9236044883728027
4.33203125,14440.0,0.9236298203468323
4.328125,14440.0,0.9236552119255066
4.32421875,14440.0,0.9236809611320496
4.31640625,14440.0,0.9237087965011597
4.3125,14440.0,0.9237361550331116
4.30859375,14440.0,0.9237627387046814
4.30078125,14440.0,0.9237886667251587
4.296875,14440.0,0.9238139986991882
4.29296875,14440.0,0.923840343952179
4.2890625,14440.0,0.9238660931587219
4.28515625,14440.0,0.9238914251327515
4.28125,14440.0,0.923916757106781
4.27734375,14440.0,0.9239427447319031
4.2734375,14440.0,0.9239683151245117
4.26953125,14440.0,0.9239936470985413
4.265625,14440.0,0.9240189790725708
4.26171875,14440.0,0.9240443110466003
4.2578125,14440.0,0.9240697026252747
4.25390625,14440.0,0.924096405506134
4.25390625,14440.0,0.9241219162940979
4.25,14440.0,0.9241472482681274
4.24609375,14440.0,0.9241727590560913
4.24609375,14440.0,0.9242001175880432
4.2421875,14440.0,0.924225926399231
4.2421875,14440.0,0.9242525696754456
4.23828125,14440.0,0.9242779016494751
4.23828125,14440.0,0.924303412437439
4.234375,14440.0,0.9243307709693909
4.234375,14440.0,0.9243572950363159
4.23046875,14440.0,0.9243835806846619
4.23046875,14440.0,0.9244093298912048
4.23046875,14440.0,0.9244351387023926
4.23046875,14440.0,0.9244604706764221
4.23046875,14440.0,0.9244858026504517
4.2265625,14440.0,0.9245111346244812
4.2265625,14440.0,0.9245364665985107
4.2265625,14440.0,0.9245629906654358
4.2265625,14440.0,0.9245892763137817
4.2265625,14440.0,0.9246149659156799
4.2265625,14440.0,0.9246408939361572
4.2265625,14440.0,0.9246662259101868
4.23046875,14448.0,0.9246915578842163
4.23046875,14448.0,0.9247168898582458
4.23046875,14448.0,0.9247422218322754
4.23046875,14448.0,0.9247693419456482
4.234375,14448.0,0.9247947931289673
4.234375,14448.0,0.9248211979866028
4.234375,14448.0,0.9248467087745667
4.23828125,14448.0,0.9248720407485962
4.23828125,14448.0,0.9248973727226257
4.2421875,14448.0,0.9249228835105896
4.2421875,14448.0,0.9249505400657654
4.24609375,14448.0,0.9249767661094666
4.24609375,14448.0,0.9250020980834961
4.25,14448.0,0.9250274300575256
4.25,14448.0,0.9250527620315552
4.25390625,14448.0,0.9250780940055847
4.2578125,14448.0,0.9251036643981934
4.2578125,14448.0,0.9251304268836975
4.26171875,14448.0,0.925155758857727
4.265625,14448.0,0.9251814484596252
4.26953125,14448.0,0.9252074360847473
4.26953125,14448.0,0.9252327680587769
4.2734375,14448.0,0.9252581000328064
4.27734375,14448.0,0.9252834320068359
4.28125,14448.0,0.9253088235855103
4.28515625,14448.0,0.9253348708152771
4.2890625,14448.0,0.9253602027893066
4.29296875,14448.0,0.9253855347633362
4.296875,14448.0,0.9254108667373657
4.30078125,14448.0,0.9254361987113953
4.3046875,14448.0,0.9254618287086487
4.30859375,14448.0,0.925487756729126
4.31640625,14448.0,0.9255130887031555
4.3203125,14448.0,0.9255384206771851
4.32421875,14448.0,0.9255637526512146
4.328125,14448.0,0.9255891442298889
4.3359375,14448.0,0.9256153702735901
4.33984375,14448.0,0.925640881061554
4.34375,14448.0,0.9256662130355835
4.3515625,14448.0,0.925691545009613
4.35546875,14448.0,0.9257171154022217
4.36328125,14448.0,0.9257445335388184
4.3671875,14448.0,0.9257704615592957
4.375,14448.0,0.9257962107658386
4.3828125,14448.0,0.9258215427398682
4.38671875,14448.0,0.9258468747138977
4.39453125,14448.0,0.9258722066879272
4.40234375,14448.0,0.9258976578712463
4.41015625,14448.0,0.9259238839149475
4.4140625,14448.0,0.925949215888977
4.421875,14448.0,0.9259745478630066
4.4296875,14448.0,0.9259998798370361
4.4375,14448.0,0.9260253310203552
4.4453125,14448.0,0.9260514378547668
4.453125,14448.0,0.9260768294334412
4.46484375,14448.0,0.9261021614074707
4.47265625,14448.0,0.9261274933815002
4.48046875,14448.0,0.9261531233787537
4.48828125,14448.0,0.9261805415153503
4.5,14448.0,0.9262071847915649
4.5078125,14448.0,0.9262326955795288
4.51953125,14448.0,0.9262580275535583
4.52734375,14448.0,0.926283597946167
4.5390625,14448.0,0.9263104200363159
4.546875,14448.0,0.9263358116149902
4.55859375,14448.0,0.9263624548912048
4.5703125,14456.0,0.9263889789581299
4.58203125,14456.0,0.9264147281646729
4.58984375,14456.0,0.9264401197433472
4.6015625,14456.0,0.9264654517173767
4.61328125,14456.0,0.9264907836914062
4.625,14456.0,0.9265161752700806
4.63671875,14456.0,0.9265433549880981
4.65234375,14456.0,0.9265694618225098
4.6640625,14456.0,0.9265967011451721
4.67578125,14456.0,0.9266230463981628
4.69140625,14456.0,0.9266484379768372
4.703125,14456.0,0.9266737699508667
4.71484375,14456.0,0.9266991019248962
4.73046875,14456.0,0.9267244935035706
4.7421875,14456.0,0.9267508387565613
4.7578125,14456.0,0.9267762303352356
4.7734375,14456.0,0.9268015623092651
4.78515625,14456.0,0.9268268942832947
4.80078125,14456.0,0.9268528819084167
4.81640625,14456.0,0.9268785715103149
4.83203125,14456.0,0.9269039034843445
4.84765625,14456.0,0.926929235458374
4.86328125,14456.0,0.9269546270370483
4.8828125,14456.0,0.9269809126853943
4.8984375,14456.0,0.9270064234733582
4.9140625,14456.0,0.9270317554473877
4.9296875,14456.0,0.927057147026062
4.94921875,14456.0,0.9270836710929871
4.96875,14456.0,0.9271091818809509
4.984375,14456.0,0.9271345734596252
5.00390625,14456.0,0.9271612167358398
5.0234375,14456.0,0.927187442779541
5.04296875,14456.0,0.9272139668464661
5.05859375,14456.0,0.9272395372390747
5.078125,14456.0,0.927264928817749
5.09765625,14456.0,0.9272913932800293
5.12109375,14456.0,0.9273171424865723
5.140625,14456.0,0.9273425340652466
5.16015625,14456.0,0.9273685216903687
5.1796875,14456.0,0.9273948669433594
5.19921875,14456.0,0.9274203181266785
5.22265625,14456.0,0.9274466037750244
5.2421875,14456.0,0.9274724721908569
5.265625,14456.0,0.927497923374176
5.28515625,14456.0,0.9275237917900085
5.30859375,14456.0,0.927551805973053
5.33203125,14456.0,0.9275778532028198
5.3515625,14456.0,0.9276031851768494
5.375,14456.0,0.9276286959648132
5.3984375,14456.0,0.9276562333106995
5.421875,14456.0,0.9276826977729797
5.44140625,14456.0,0.9277082085609436
5.46484375,14456.0,0.9277335405349731
5.48828125,14456.0,0.927759051322937
5.51171875,14456.0,0.9277863502502441
5.53515625,14456.0,0.9278126955032349
5.55859375,14456.0,0.9278383851051331
5.58203125,14456.0,0.9278637170791626
5.60546875,14456.0,0.9278892278671265
5.62890625,14456.0,0.9279156923294067
5.65234375,14456.0,0.927941083908081
5.67578125,14456.0,0.9279664754867554
5.69921875,14456.0,0.9279923439025879
5.72265625,14456.0,0.9280185103416443
5.74609375,14456.0,0.9280438423156738
5.76953125,14464.0,0.9280693531036377
5.79296875,14464.0,0.9280958771705627
5.81640625,14464.0,0.9281213879585266
5.83984375,14464.0,0.92814701795578
5.8671875,14464.0,0.9281737804412842
5.890625,14464.0,0.9281994104385376
5.9140625,14464.0,0.9282262921333313
5.94140625,14464.0,0.9282537698745728
5.96484375,14464.0,0.9282796382904053
5.98828125,14464.0,0.9283052086830139
6.01171875,14464.0,0.9283318519592285
6.0390625,14464.0,0.9283574223518372
6.0625,14464.0,0.9283832311630249
6.0859375,14464.0,0.9284108281135559
6.11328125,14464.0,0.9284383058547974
6.140625,14464.0,0.9284653067588806
6.1640625,14464.0,0.9284908175468445
6.1875,14464.0,0.9285183548927307
6.21484375,14464.0,0.9285458326339722
6.23828125,14464.0,0.9285721182823181
6.265625,14464.0,0.9285979270935059
6.2890625,14464.0,0.9286232590675354
6.3125,14464.0,0.9286485910415649
6.3359375,14464.0,0.9286739826202393
6.359375,14464.0,0.9287005662918091
6.38671875,14464.0,0.9287262558937073
6.41015625,14464.0,0.9287519454956055
6.43359375,14464.0,0.9287780523300171
6.45703125,14464.0,0.9288033843040466
6.484375,14464.0,0.9288287162780762
6.5078125,14464.0,0.9288542866706848
6.53125,14464.0,0.9288816452026367
6.55859375,14464.0,0.9289075136184692
6.58203125,14464.0,0.9289329648017883
6.60546875,14464.0,0.9289582967758179
6.62890625,14464.0,0.9289836287498474
6.65234375,14464.0,0.929009199142456
6.6796875,14464.0,0.9290366768836975
6.703125,14464.0,0.9290634989738464
6.7265625,14464.0,0.9290888905525208
6.75,14464.0,0.9291144609451294
6.7734375,14464.0,0.9291417598724365
6.80078125,14464.0,0.9291680455207825
6.82421875,14464.0,0.9291934370994568
6.84375,14464.0,0.9292187690734863
6.8671875,14464.0,0.9292441010475159
6.890625,14464.0,0.9292702674865723
6.9140625,14464.0,0.9292958378791809
6.9375,14464.0,0.9293211698532104
6.9609375,14464.0,0.92934650182724
6.98046875,14464.0,0.9293726682662964
7.00390625,14464.0,0.9293983578681946
7.02734375,14464.0,0.9294236898422241
7.05078125,14464.0,0.9294495582580566
7.0703125,14464.0,0.9294759035110474
7.09375,14464.0,0.9295012354850769
7.11328125,14464.0,0.9295269846916199
7.13671875,14464.0,0.9295544028282166
7.16015625,14464.0,0.9295809268951416
7.1796875,14464.0,0.9296063184738159
7.203125,14464.0,0.9296317100524902
7.22265625,14464.0,0.9296577572822571
7.24609375,14464.0,0.9296837449073792
7.265625,14464.0,0.9297090768814087
7.28515625,14464.0,0.9297347664833069
7.30859375,14464.0,0.9297622442245483
7.328125,14472.0,0.9297887086868286
7.34765625,14472.0,0.9298140406608582
7.3671875,14472.0,0.9298394322395325
7.38671875,14472.0,0.9298667311668396
7.40625,14472.0,0.9298932552337646
7.4296875,14472.0,0.929919421672821
7.4453125,14472.0,0.9299449920654297
7.46484375,14472.0,0.9299716949462891
7.484375,14472.0,0.9299970269203186
7.50390625,14472.0,0.9300230145454407
7.5234375,14472.0,0.9300491809844971
7.5390625,14472.0,0.9300745725631714
7.55859375,14472.0,0.9301007390022278
7.57421875,14472.0,0.9301265478134155
7.59375,14472.0,0.9301518797874451
7.609375,14472.0,0.9301776885986328
7.62890625,14472.0,0.9302053451538086
7.6484375,14472.0,0.9302313923835754
7.6640625,14472.0,0.9302567839622498
7.6796875,14472.0,0.9302821755409241
7.6953125,14472.0,0.9303088188171387
7.7109375,14472.0,0.9303346872329712
7.7265625,14472.0,0.930360734462738
7.7421875,14472.0,0.9303867816925049
7.7578125,14472.0,0.9304121732711792
7.7734375,14472.0,0.9304384589195251
7.7890625,14472.0,0.9304643273353577
7.8046875,14472.0,0.9304897785186768
7.81640625,14472.0,0.9305170774459839
7.83203125,14472.0,0.9305448532104492
7.84765625,14472.0,0.9305726289749146
7.859375,14472.0,0.9305993914604187
7.87109375,14472.0,0.9306249022483826
7.88671875,14472.0,0.9306502938270569
7.8984375,14472.0,0.9306777715682983
7.91015625,14472.0,0.9307044148445129
7.921875,14472.0,0.9307298064231873
7.93359375,14472.0,0.930755078792572
7.9453125,14472.0,0.9307805895805359
7.953125,14472.0,0.9308071732521057
7.96484375,14472.0,0.9308325052261353
7.97265625,14472.0,0.9308585524559021
7.984375,14472.0,0.9308843016624451
7.9921875,14472.0,0.9309096336364746
8.0,14472.0,0.9309350252151489
8.0078125,14472.0,0.9309623837471008
8.015625,14472.0,0.9309887290000916
8.0234375,14472.0,0.9310141801834106
8.03125,14472.0,0.9310395121574402
8.0390625,14472.0,0.9310649037361145
8.046875,14472.0,0.9310911893844604
8.0546875,14472.0,0.9311167001724243
8.0625,14472.0,0.9311420917510986
8.0703125,14472.0,0.9311690330505371
8.0703125,14472.0,0.9311950206756592
8.078125,14472.0,0.9312218427658081
8.0859375,14472.0,0.9312474727630615
8.0859375,14472.0,0.931274950504303
8.09375,14472.0,0.931302011013031
8.09375,14472.0,0.9313275814056396
8.1015625,14472.0,0.9313541650772095
8.1015625,14472.0,0.931379497051239
8.109375,14472.0,0.9314064979553223
8.109375,14472.0,0.9314321279525757
8.109375,14472.0,0.931458592414856
8.109375,14472.0,0.9314839243888855
8.1171875,14472.0,0.9315091371536255
8.1171875,14480.0,0.9315353035926819
8.1171875,14480.0,0.9315608143806458
8.1171875,14480.0,0.931585967540741
8.1171875,14480.0,0.9316113591194153
8.1171875,14480.0,0.9316380023956299
8.1171875,14480.0,0.9316635131835938
8.1171875,14480.0,0.9316897392272949
8.1171875,14480.0,0.9317155480384827
8.109375,14480.0,0.9317408800125122
8.109375,14480.0,0.9317671060562134
8.109375,14480.0,0.9317926168441772
8.109375,14480.0,0.9318179488182068
8.1015625,14480.0,0.9318445324897766
8.1015625,14480.0,0.9318709373474121
8.1015625,14480.0,0.9318983554840088
8.09375,14480.0,0.9319255352020264
8.09375,14480.0,0.9319515228271484
8.0859375,14480.0,0.9319770336151123
8.0859375,14480.0,0.932002067565918
8.078125,14480.0,0.9320271611213684
8.0703125,14480.0,0.9320536255836487
8.0703125,14480.0,0.9320796728134155
8.0625,14480.0,0.9321066737174988
8.0546875,14480.0,0.9321326613426208
8.046875,14480.0,0.9321591854095459
8.046875,14480.0,0.9321843981742859
8.0390625,14480.0,0.9322116374969482
8.03125,14480.0,0.9322384595870972
8.0234375,14480.0,0.932263970375061
8.015625,14480.0,0.932289183139801
8.0078125,14480.0,0.9323160648345947
8.0,14480.0,0.9323418140411377
7.99609375,14480.0,0.9323679804801941
7.98828125,14480.0,0.9323930144309998
7.98046875,14480.0,0.9324180483818054
7.97265625,14480.0,0.9324433207511902
7.96484375,14480.0,0.9324696660041809
7.953125,14480.0,0.9324948191642761
7.9453125,14480.0,0.9325199127197266
7.9375,14480.0,0.9325454235076904
7.92578125,14480.0,0.9325721859931946
7.91796875,14480.0,0.9325981140136719
7.90625,14480.0,0.9326237440109253
7.8984375,14480.0,0.932648777961731
7.88671875,14480.0,0.9326738715171814
7.875,14480.0,0.9326995015144348
7.86328125,14480.0,0.9327252507209778
7.85546875,14480.0,0.9327502846717834
7.84375,14480.0,0.9327753782272339
7.83203125,14480.0,0.9328018426895142
7.8203125,14480.0,0.9328279495239258
7.80859375,14480.0,0.9328542947769165
7.796875,14480.0,0.9328794479370117
7.78125,14480.0,0.9329046010971069
7.76953125,14480.0,0.9329313635826111
7.7578125,14480.0,0.932957112789154
7.74609375,14480.0,0.9329829216003418
7.73046875,14480.0,0.9330082535743713
7.71875,14480.0,0.933033287525177
7.703125,14480.0,0.9330583810806274
7.69140625,14480.0,0.9330838322639465
7.67578125,14480.0,0.9331097602844238
7.6640625,14480.0,0.933134913444519
7.6484375,14480.0,0.9331600069999695
7.6328125,14480.0,0.9331856369972229
7.62109375,14488.0,0.9332117438316345
7.60546875,14488.0,0.9332369565963745
7.58984375,14488.0,0.9332623481750488
7.57421875,14488.0,0.9332894682884216
7.55859375,14488.0,0.9333159923553467
7.54296875,14488.0,0.9333415031433105
7.52734375,14488.0,0.9333669543266296
7.5078125,14488.0,0.9333940148353577
7.4921875,14488.0,0.93342125415802
7.4765625,14488.0,0.9334480166435242
7.45703125,14488.0,0.9334732294082642
7.44140625,14488.0,0.9334984421730042
7.42578125,14488.0,0.933524489402771
7.40625,14488.0,0.9335495829582214
7.390625,14488.0,0.9335746169090271
7.375,14488.0,0.9335997104644775
7.35546875,14488.0,0.9336252808570862
7.33984375,14488.0,0.9336509108543396
7.32421875,14488.0,0.9336759448051453
7.3046875,14488.0,0.9337009787559509
7.2890625,14488.0,0.9337261915206909
7.26953125,14488.0,0.9337520599365234
7.25,14488.0,0.933777391910553
7.234375,14488.0,0.9338024258613586
7.21484375,14488.0,0.9338275790214539
7.19921875,14488.0,0.9338545203208923
7.1796875,14488.0,0.9338804483413696
7.16015625,14488.0,0.9339070320129395
7.140625,14488.0,0.9339323043823242
7.12109375,14488.0,0.9339594841003418
7.1015625,14488.0,0.9339863061904907
7.08203125,14488.0,0.9340120553970337
7.0625,14488.0,0.9340381622314453
7.046875,14488.0,0.934063196182251
7.02734375,14488.0,0.9340882301330566
7.0078125,14488.0,0.9341135025024414
6.98828125,14488.0,0.9341408014297485
6.96875,14488.0,0.9341669678688049
6.94921875,14488.0,0.9341920018196106
6.9296875,14488.0,0.9342170357704163
6.91015625,14488.0,0.9342420697212219
6.890625,14488.0,0.9342689514160156
6.87109375,14488.0,0.9342942237854004
6.8515625,14488.0,0.9343200325965881
6.83203125,14488.0,0.9343451261520386
6.8125,14488.0,0.9343701601028442
6.79296875,14488.0,0.9343951940536499
6.7734375,14488.0,0.9344202280044556
6.75390625,14488.0,0.9344456791877747
6.734375,14488.0,0.9344716668128967
6.71484375,14488.0,0.9344967007637024
6.6953125,14488.0,0.9345217347145081
6.671875,14488.0,0.9345480799674988
6.65234375,14488.0,0.9345741868019104
6.62890625,14488.0,0.9346012473106384
6.609375,14488.0,0.9346269965171814
6.58984375,14488.0,0.9346522092819214
6.56640625,14488.0,0.934677243232727
6.546875,14488.0,0.9347022771835327
6.52734375,14488.0,0.9347273111343384
6.50390625,14488.0,0.9347524642944336
6.484375,14488.0,0.9347789883613586
6.4609375,14488.0,0.9348040223121643
6.44140625,14488.0,0.9348295331001282
6.41796875,14488.0,0.9348549842834473
6.3984375,14488.0,0.9348800182342529
6.37890625,14496.0,0.9349050521850586
6.35546875,14496.0,0.9349300861358643
6.33203125,14496.0,0.9349559545516968
6.3125,14496.0,0.9349811673164368
6.2890625,14496.0,0.9350062012672424
6.26953125,14496.0,0.9350312352180481
6.24609375,14496.0,0.9350563287734985
6.22265625,14496.0,0.9350825548171997
6.203125,14496.0,0.9351075887680054
6.1796875,14496.0,0.935132622718811
6.15625,14496.0,0.9351578950881958
6.1328125,14496.0,0.9351834654808044
6.11328125,14496.0,0.9352085590362549
6.08984375,14496.0,0.9352335929870605
6.06640625,14496.0,0.935258686542511
6.04296875,14496.0,0.9352858066558838
6.01953125,14496.0,0.9353131055831909
5.99609375,14496.0,0.9353392124176025
5.97265625,14496.0,0.9353644251823425
5.94921875,14496.0,0.9353893995285034
5.92578125,14496.0,0.9354143142700195
5.90625,14496.0,0.9354393482208252
5.8828125,14496.0,0.93546462059021
5.85546875,14496.0,0.9354919195175171
5.83203125,14496.0,0.9355189800262451
5.80859375,14496.0,0.9355448484420776
5.78515625,14496.0,0.9355699419975281
5.76171875,14496.0,0.9355946779251099
5.7421875,14496.0,0.9356195330619812
5.71875,14496.0,0.9356445074081421
5.6953125,14496.0,0.9356706738471985
5.671875,14496.0,0.9356957077980042
5.6484375,14496.0,0.9357205629348755
5.625,14496.0,0.9357456564903259
5.6015625,14496.0,0.9357718825340271
5.578125,14496.0,0.9357972145080566
5.55859375,14496.0,0.9358223080635071
5.53515625,14496.0,0.93584805727005
5.51171875,14496.0,0.9358730912208557
5.48828125,14496.0,0.9358978271484375
5.46875,14496.0,0.9359226226806641
5.4453125,14496.0,0.935947597026825
5.42578125,14496.0,0.9359729290008545
5.40234375,14496.0,0.9359986782073975
5.37890625,14496.0,0.9360235929489136
5.359375,14496.0,0.9360484480857849
5.3359375,14496.0,0.9360734820365906
5.31640625,14496.0,0.9361000657081604
5.29296875,14496.0,0.9361255168914795
5.2734375,14496.0,0.9361512064933777
5.25,14496.0,0.9361763596534729
5.23046875,14496.0,0.9362010955810547
5.2109375,14496.0,0.9362258911132812
5.19140625,14496.0,0.9362508058547974
5.16796875,14496.0,0.936276376247406
5.1484375,14496.0,0.9363017082214355
5.12890625,14496.0,0.9363264441490173
5.109375,14496.0,0.9363512992858887
5.08984375,14496.0,0.9363762736320496
5.0703125,14496.0,0.9364025592803955
5.05078125,14496.0,0.9364285469055176
5.03125,14496.0,0.936454713344574
5.01171875,14496.0,0.9364796280860901
4.9921875,14496.0,0.9365044832229614
4.97265625,14496.0,0.9365295171737671
4.95703125,14496.0,0.9365555644035339
4.9375,14496.0,0.93658047914505
4.91796875,14504.0,0.9366052150726318
4.90234375,14504.0,0.9366301894187927
4.8828125,14504.0,0.9366565942764282
4.8671875,14504.0,0.9366819858551025
4.84765625,14504.0,0.9367080330848694
4.83203125,14504.0,0.9367337822914124
4.8125,14504.0,0.9367588758468628
4.796875,14504.0,0.9367854595184326
4.78125,14504.0,0.9368104338645935
4.76171875,14504.0,0.9368370175361633
4.74609375,14504.0,0.9368622899055481
4.73046875,14504.0,0.9368882775306702
4.71484375,14504.0,0.936913251876831
4.69921875,14504.0,0.9369379878044128
4.68359375,14504.0,0.9369627833366394
4.671875,14504.0,0.9369878172874451
4.65625,14504.0,0.9370136260986328
4.640625,14504.0,0.9370383620262146
4.625,14504.0,0.9370630979537964
4.61328125,14504.0,0.937087893486023
4.59765625,14504.0,0.9371128082275391
4.5859375,14504.0,0.9371392130851746
4.5703125,14504.0,0.9371642470359802
4.55859375,14504.0,0.9371891617774963
4.54296875,14504.0,0.9372159242630005
4.53125,14504.0,0.9372411370277405
4.51953125,14504.0,0.9372681975364685
4.50390625,14504.0,0.9372942447662354
4.4921875,14504.0,0.9373192191123962
4.48046875,14504.0,0.937343955039978
4.46875,14504.0,0.9373686909675598
4.45703125,14504.0,0.9373937845230103
4.4453125,14504.0,0.937419593334198
4.4375,14504.0,0.9374443888664246
4.42578125,14504.0,0.9374691247940063
4.4140625,14504.0,0.9374938607215881
4.40234375,14504.0,0.9375189542770386
4.39453125,14504.0,0.9375447034835815
4.3828125,14504.0,0.9375694990158081
4.375,14504.0,0.9375942349433899
4.36328125,14504.0,0.9376189708709717
4.35546875,14504.0,0.9376440048217773
4.34375,14504.0,0.9376707673072815
4.3359375,14504.0,0.9376958012580872
4.328125,14504.0,0.937721312046051
4.31640625,14504.0,0.9377460479736328
4.30859375,14504.0,0.9377707839012146
4.30078125,14504.0,0.9377955198287964
4.29296875,14504.0,0.9378202557563782
4.28515625,14504.0,0.9378450512886047
4.27734375,14504.0,0.9378702044487
4.26953125,14504.0,0.9378959536552429
4.26171875,14504.0,0.9379206895828247
4.2578125,14504.0,0.9379454255104065
4.25,14504.0,0.9379702210426331
4.2421875,14504.0,0.9379953742027283
4.234375,14504.0,0.9380221962928772
4.23046875,14504.0,0.9380476474761963
4.22265625,14504.0,0.9380725026130676
4.21875,14504.0,0.9380972385406494
4.2109375,14504.0,0.9381219744682312
4.20703125,14504.0,0.938146710395813
4.203125,14504.0,0.9381714463233948
4.1953125,14504.0,0.9381963014602661
4.19140625,14504.0,0.9382230639457703
4.1875,14504.0,0.9382480978965759
4.18359375,14504.0,0.9382737278938293
4.17578125,14504.0,0.9382985830307007
4.171875,14504.0,0.9383233189582825
4.16796875,14512.0,0.9383480548858643
4.16796875,14512.0,0.938372790813446
4.1640625,14512.0,0.9383975863456726
4.16015625,14512.0,0.9384231567382812
4.15625,14512.0,0.9384480118751526
4.15234375,14512.0,0.9384727478027344
4.15234375,14512.0,0.9384974837303162
4.1484375,14512.0,0.938522219657898
4.1484375,14512.0,0.9385470151901245
4.14453125,14512.0,0.9385722875595093
4.14453125,14512.0,0.9385975003242493
4.14453125,14512.0,0.938622236251831
4.140625,14512.0,0.9386469721794128
4.140625,14512.0,0.9386717081069946
4.140625,14512.0,0.9386965036392212
4.140625,14512.0,0.9387224912643433
4.140625,14512.0,0.9387481808662415
4.140625,14512.0,0.9387730956077576
4.140625,14512.0,0.938798725605011
4.140625,14512.0,0.9388234615325928
4.140625,14512.0,0.9388481974601746
4.140625,14512.0,0.9388729333877563
4.14453125,14512.0,0.9388977289199829
4.14453125,14512.0,0.9389238357543945
4.14453125,14512.0,0.9389501214027405
4.1484375,14512.0,0.93897545337677
4.1484375,14512.0,0.9390001893043518
4.15234375,14512.0,0.9390249252319336
4.15234375,14512.0,0.9390496611595154
4.15625,14512.0,0.9390743970870972
4.16015625,14512.0,0.9390994310379028
4.16015625,14512.0,0.939126193523407
4.1640625,14512.0,0.9391512870788574
4.16796875,14512.0,0.9391765594482422
4.171875,14512.0,0.939201295375824
4.17578125,14512.0,0.9392260313034058
4.1796875,14512.0,0.9392507672309875
4.18359375,14512.0,0.9392755031585693
4.1875,14512.0,0.9393003582954407
4.19140625,14512.0,0.9393264055252075
4.1953125,14512.0,0.9393513202667236
4.19921875,14512.0,0.9393760561943054
4.20703125,14512.0,0.9394009113311768
4.2109375,14512.0,0.9394260048866272
4.21484375,14512.0,0.9394511580467224
4.22265625,14512.0,0.9394758939743042
4.2265625,14512.0,0.939500629901886
4.234375,14512.0,0.9395253658294678
4.23828125,14512.0,0.9395501017570496
4.24609375,14512.0,0.9395757913589478
4.25390625,14512.0,0.9396011233329773
4.2578125,14512.0,0.9396258592605591
4.265625,14512.0,0.9396506547927856
4.2734375,14512.0,0.9396757483482361
4.28125,14512.0,0.939702570438385
4.2890625,14512.0,0.9397282600402832
4.296875,14512.0,0.9397531151771545
4.3046875,14512.0,0.9397778511047363
4.3125,14512.0,0.9398025870323181
4.3203125,14512.0,0.9398273229598999
4.328125,14512.0,0.9398521780967712
4.3359375,14512.0,0.9398779273033142
4.34765625,14512.0,0.9399027228355408
4.35546875,14512.0,0.9399274587631226
4.36328125,14512.0,0.9399521946907043
4.37109375,14512.0,0.9399770498275757
4.3828125,14512.0,0.9400027990341187
4.390625,14512.0,0.94002765417099
4.40234375,14520.0,0.9400523900985718
4.41015625,14520.0,0.9400771260261536
4.421875,14520.0,0.9401019811630249
4.43359375,14520.0,0.9401276707649231
4.44140625,14520.0,0.9401525259017944
4.453125,14520.0,0.9401772618293762
4.46484375,14520.0,0.940201997756958
4.4765625,14520.0,0.9402268528938293
4.48828125,14520.0,0.9402527809143066
4.5,14520.0,0.9402777552604675
4.5078125,14520.0,0.9403024911880493
4.51953125,14520.0,0.9403274059295654
4.53515625,14520.0,0.9403541684150696
4.546875,14520.0,0.9403797388076782
4.55859375,14520.0,0.9404050707817078
4.5703125,14520.0,0.9404298067092896
4.58203125,14520.0,0.9404545426368713
4.59375,14520.0,0.9404793977737427
4.60546875,14520.0,0.9405050277709961
4.6171875,14520.0,0.9405301809310913
4.6328125,14520.0,0.9405549168586731
4.64453125,14520.0,0.9405797123908997
4.65625,14520.0,0.9406048655509949
4.671875,14520.0,0.9406319856643677
4.68359375,14520.0,0.9406577944755554
4.6953125,14520.0,0.9406826496124268
4.7109375,14520.0,0.9407073855400085
4.72265625,14520.0,0.9407324194908142
4.73828125,14520.0,0.940758466720581
4.75,14520.0,0.9407834410667419
4.765625,14520.0,0.9408082365989685
4.77734375,14520.0,0.9408332705497742
4.79296875,14520.0,0.9408591985702515
4.8046875,14520.0,0.9408840537071228
4.8203125,14520.0,0.9409089684486389
4.83203125,14520.0,0.9409352540969849
4.84765625,14520.0,0.940962553024292
4.86328125,14520.0,0.9409887194633484
4.87890625,14520.0,0.9410142302513123
4.89453125,14520.0,0.9410390257835388
4.90625,14520.0,0.9410637617111206
4.921875,14520.0,0.9410886764526367
4.9375,14520.0,0.9411154985427856
4.953125,14520.0,0.9411417245864868
4.96875,14520.0,0.9411673545837402
4.984375,14520.0,0.9411935210227966
5.0,14520.0,0.9412187337875366
5.015625,14520.0,0.9412437677383423
5.03125,14520.0,0.9412708282470703
5.046875,14520.0,0.9412969350814819
5.0625,14520.0,0.9413217306137085
5.078125,14520.0,0.9413464665412903
5.09375,14520.0,0.941371500492096
5.109375,14520.0,0.9413978457450867
5.125,14520.0,0.9414227604866028
5.14453125,14520.0,0.9414486289024353
5.16015625,14520.0,0.9414736032485962
5.17578125,14520.0,0.941498339176178
5.19140625,14520.0,0.9415231943130493
5.2109375,14520.0,0.9415493011474609
5.2265625,14520.0,0.941574215888977
5.2421875,14520.0,0.9415989518165588
5.26171875,14520.0,0.941624104976654
5.27734375,14520.0,0.9416500926017761
5.296875,14520.0,0.9416749477386475
5.3125,14528.0,0.9416999220848083
5.33203125,14528.0,0.9417259097099304
5.34765625,14528.0,0.9417507648468018
5.3671875,14528.0,0.9417755603790283
5.38671875,14528.0,0.941800594329834
5.40234375,14528.0,0.9418272972106934
5.421875,14528.0,0.9418529868125916
5.44140625,14528.0,0.9418779611587524
5.4609375,14528.0,0.9419026970863342
5.4765625,14528.0,0.9419274926185608
5.49609375,14528.0,0.9419527649879456
5.515625,14528.0,0.9419792294502258
5.53515625,14528.0,0.9420049786567688
5.5546875,14528.0,0.9420299530029297
5.5703125,14528.0,0.9420546889305115
5.58984375,14528.0,0.942079484462738
5.609375,14528.0,0.9421046376228333
5.62890625,14528.0,0.9421302676200867
5.6484375,14528.0,0.942155122756958
5.66796875,14528.0,0.9421799182891846
5.6875,14528.0,0.9422053694725037
5.70703125,14528.0,0.9422308802604675
5.7265625,14528.0,0.9422557353973389
5.74609375,14528.0,0.9422805905342102
5.765625,14528.0,0.9423072338104248
5.78515625,14528.0,0.9423325657844543
5.8046875,14528.0,0.9423584342002869
5.82421875,14528.0,0.942383348941803
5.84375,14528.0,0.9424081444740295
5.86328125,14528.0,0.9424344301223755
5.88671875,14528.0,0.942460298538208
5.90625,14528.0,0.9424874186515808
5.92578125,14528.0,0.9425132870674133
5.9453125,14528.0,0.9425381422042847
5.96875,14528.0,0.9425629377365112
5.98828125,14528.0,0.9425879716873169
6.0078125,14528.0,0.942613959312439
6.02734375,14528.0,0.9426388740539551
6.05078125,14528.0,0.9426637887954712
6.0703125,14528.0,0.9426896572113037
6.08984375,14528.0,0.9427148699760437
6.109375,14528.0,0.9427397847175598
6.1328125,14528.0,0.9427654147148132
6.15234375,14528.0,0.9427909851074219
6.17578125,14528.0,0.9428160190582275
6.1953125,14528.0,0.9428423643112183
6.21875,14528.0,0.9428691267967224
6.23828125,14528.0,0.942894697189331
6.26171875,14528.0,0.9429198503494263
6.28125,14528.0,0.9429463148117065
6.3046875,14528.0,0.9429718255996704
6.328125,14528.0,0.9429973363876343
6.34765625,14528.0,0.9430222511291504
6.37109375,14528.0,0.9430475234985352
6.39453125,14528.0,0.9430750608444214
6.41796875,14528.0,0.9431005120277405
6.4375,14528.0,0.9431253671646118
6.4609375,14528.0,0.9431504011154175
6.48046875,14528.0,0.943177342414856
6.50390625,14528.0,0.9432042241096497
6.52734375,14528.0,0.9432297945022583
6.55078125,14528.0,0.9432566165924072
6.57421875,14528.0,0.9432834982872009
6.59765625,14528.0,0.9433096647262573
6.62109375,14528.0,0.9433354735374451
6.64453125,14528.0,0.9433610439300537
6.66796875,14528.0,0.9433858394622803
6.69140625,14536.0,0.9434105753898621
6.7109375,14536.0,0.9434353113174438
6.734375,14536.0,0.9434600472450256
6.7578125,14536.0,0.9434850215911865
6.78125,14536.0,0.9435117840766907
6.8046875,14536.0,0.9435372948646545
6.828125,14536.0,0.9435621500015259
6.84765625,14536.0,0.9435868859291077
6.87109375,14536.0,0.9436116218566895
6.89453125,14536.0,0.9436363577842712
6.9140625,14536.0,0.9436615109443665
6.9375,14536.0,0.9436869025230408
6.9609375,14536.0,0.9437116384506226
6.984375,14536.0,0.9437363743782043
7.00390625,14536.0,0.9437611103057861
7.02734375,14536.0,0.9437869191169739
7.05078125,14536.0,0.9438123106956482
7.07421875,14536.0,0.9438371062278748
7.09765625,14536.0,0.943862795829773
7.1171875,14536.0,0.9438876509666443
7.140625,14536.0,0.9439123868942261
7.16015625,14536.0,0.9439371824264526
7.18359375,14536.0,0.9439625144004822
7.20703125,14536.0,0.9439880847930908
7.2265625,14536.0,0.9440128207206726
7.25,14536.0,0.9440377354621887
7.2734375,14536.0,0.9440643787384033
7.29296875,14536.0,0.9440898299217224
7.31640625,14536.0,0.9441156387329102
7.33984375,14536.0,0.9441403746604919
7.359375,14536.0,0.9441652894020081
7.37890625,14536.0,0.944191038608551
7.40234375,14536.0,0.9442158937454224
7.421875,14536.0,0.9442406892776489
7.44140625,14536.0,0.9442658424377441
7.46484375,14536.0,0.9442927241325378
7.484375,14536.0,0.9443186521530151
7.50390625,14536.0,0.9443434476852417
7.5234375,14536.0,0.9443682432174683
7.54296875,14536.0,0.9443945288658142
7.5625,14536.0,0.9444212317466736
7.58203125,14536.0,0.9444466829299927
7.6015625,14536.0,0.944471538066864
7.62109375,14536.0,0.9444984197616577
7.640625,14536.0,0.9445241689682007
7.66015625,14536.0,0.9445492029190063
7.67578125,14536.0,0.9445739388465881
7.6953125,14536.0,0.9445987343788147
7.7109375,14536.0,0.9446253180503845
7.73046875,14536.0,0.9446509480476379
7.74609375,14536.0,0.9446769952774048
7.76171875,14536.0,0.9447017908096313
7.78125,14536.0,0.9447277784347534
7.796875,14536.0,0.9447526931762695
7.8125,14536.0,0.9447774291038513
7.82421875,14536.0,0.9448029398918152
7.83984375,14536.0,0.9448279738426208
7.85546875,14536.0,0.9448527097702026
7.8671875,14536.0,0.9448774456977844
7.8828125,14536.0,0.9449028372764587
7.8984375,14536.0,0.9449282288551331
7.91015625,14536.0,0.9449529647827148
7.921875,14536.0,0.9449777603149414
7.93359375,14536.0,0.9450029730796814
7.94921875,14536.0,0.9450300335884094
7.9609375,14536.0,0.9450568556785583
7.97265625,14536.0,0.9450826048851013
7.984375,14536.0,0.9451074004173279
7.99609375,14536.0,0.9451321363449097
8.0078125,14544.0,0.9451569318771362
8.015625,14544.0,0.9451837539672852
8.0234375,14544.0,0.9452107548713684
8.0390625,14544.0,0.9452362656593323
8.046875,14544.0,0.9452612996101379
8.0546875,14544.0,0.945285975933075
8.0625,14544.0,0.9453105330467224
8.0703125,14544.0,0.9453352689743042
8.078125,14544.0,0.9453600645065308
8.0859375,14544.0,0.9453861117362976
8.09375,14544.0,0.9454109072685242
8.1015625,14544.0,0.945435643196106
8.109375,14544.0,0.9454614520072937
8.1171875,14544.0,0.9454862475395203
8.125,14544.0,0.945510983467102
8.125,14544.0,0.9455357789993286
8.1328125,14544.0,0.9455620050430298
8.140625,14544.0,0.9455869197845459
8.140625,14544.0,0.9456121325492859
8.1484375,14544.0,0.9456373453140259
8.1484375,14544.0,0.9456620812416077
8.15625,14544.0,0.9456868171691895
8.15625,14544.0,0.945711612701416
8.1640625,14544.0,0.9457384347915649
8.1640625,14544.0,0.9457646608352661
8.171875,14544.0,0.94579017162323
8.171875,14544.0,0.9458157420158386
8.171875,14544.0,0.9458404779434204
8.1796875,14544.0,0.9458651542663574
8.1796875,14544.0,0.9458898901939392
8.1796875,14544.0,0.9459158778190613
8.1796875,14544.0,0.9459414482116699
8.1796875,14544.0,0.945967435836792
8.1796875,14544.0,0.9459924101829529
8.1796875,14544.0,0.9460172057151794
8.1796875,14544.0,0.9460429549217224
8.1796875,14544.0,0.9460679292678833
8.1796875,14544.0,0.9460926651954651
8.1796875,14544.0,0.9461182355880737
8.171875,14544.0,0.9461432099342346
8.171875,14544.0,0.9461679458618164
8.171875,14544.0,0.9461926817893982
8.1640625,14544.0,0.9462189078330994
8.1640625,14544.0,0.9462456703186035
8.1640625,14544.0,0.9462711811065674
8.15625,14544.0,0.9462962746620178
8.15625,14544.0,0.9463220834732056
8.1484375,14544.0,0.9463468194007874
8.140625,14544.0,0.9463717937469482
8.140625,14544.0,0.9463983774185181
8.1328125,14544.0,0.9464247822761536
8.125,14544.0,0.9464496970176697
8.1171875,14544.0,0.9464757442474365
8.1171875,14544.0,0.9465007781982422
8.109375,14544.0,0.9465258121490479
8.1015625,14544.0,0.9465511441230774
8.09375,14544.0,0.9465757012367249
8.0859375,14544.0,0.9466001987457275
8.078125,14544.0,0.9466248154640198
8.0703125,14544.0,0.9466503858566284
8.0625,14544.0,0.9466755986213684
8.0546875,14544.0,0.9467002749443054
8.0390625,14544.0,0.9467259645462036
8.03125,14544.0,0.9467512369155884
8.0234375,14544.0,0.9467759728431702
8.015625,14544.0,0.946801483631134
8.0,14544.0,0.9468263387680054
7.99609375,14552.0,0.9468508362770081
7.984375,14552.0,0.9468755125999451
7.97265625,14552.0,0.9469003677368164
7.9609375,14552.0,0.946925938129425
7.94921875,14552.0,0.9469506740570068
7.9375,14552.0,0.9469754099845886
7.92578125,14552.0,0.9470003247261047
7.9140625,14552.0,0.9470255970954895
7.90234375,14552.0,0.9470503926277161
7.88671875,14552.0,0.9470751285552979
7.875,14552.0,0.9470999240875244
7.859375,14552.0,0.947126030921936
7.84765625,14552.0,0.9471509456634521
7.83203125,14552.0,0.9471762776374817
7.8203125,14552.0,0.9472017884254456
7.8046875,14552.0,0.9472265243530273
7.7890625,14552.0,0.9472517967224121
7.7734375,14552.0,0.947277843952179
7.7578125,14552.0,0.9473036527633667
7.7421875,14552.0,0.9473292231559753
7.7265625,14552.0,0.9473543763160706
7.7109375,14552.0,0.9473804235458374
7.6953125,14552.0,0.9474053978919983
7.67578125,14552.0,0.9474322199821472
7.66015625,14552.0,0.9474578499794006
7.64453125,14552.0,0.9474826455116272
7.62890625,14552.0,0.9475072622299194
7.609375,14552.0,0.9475319385528564
7.59375,14552.0,0.9475578665733337
7.57421875,14552.0,0.9475826621055603
7.55859375,14552.0,0.9476073980331421
7.5390625,14552.0,0.9476336240768433
7.51953125,14552.0,0.947660505771637
7.5,14552.0,0.9476870894432068
7.48046875,14552.0,0.9477121233940125
7.4609375,14552.0,0.9477366805076599
7.4453125,14552.0,0.9477616548538208
7.42578125,14552.0,0.947787880897522
7.40625,14552.0,0.9478126764297485
7.38671875,14552.0,0.9478387832641602
7.3671875,14552.0,0.9478635191917419
7.34765625,14552.0,0.9478882551193237
7.32421875,14552.0,0.9479138255119324
7.3046875,14552.0,0.9479383826255798
7.28515625,14552.0,0.9479628801345825
7.265625,14552.0,0.9479875564575195
7.24609375,14552.0,0.9480141997337341
7.22265625,14552.0,0.9480408430099487
7.203125,14552.0,0.9480661749839783
7.1796875,14552.0,0.9480926990509033
7.16015625,14552.0,0.9481187462806702
7.13671875,14552.0,0.948143482208252
7.1171875,14552.0,0.948168158531189
7.09765625,14552.0,0.9481936097145081
7.07421875,14552.0,0.948218047618866
7.0546875,14552.0,0.9482424855232239
7.03515625,14552.0,0.9482669830322266
7.01171875,14552.0,0.9482917189598083
6.9921875,14552.0,0.9483174085617065
6.96875,14552.0,0.9483419060707092
6.94921875,14552.0,0.9483663439750671
6.92578125,14552.0,0.9483913779258728
6.90625,14552.0,0.948416531085968
6.8828125,14552.0,0.9484409689903259
6.86328125,14552.0,0.9484654068946838
6.83984375,14552.0,0.9484899044036865
6.8203125,14560.0,0.9485154747962952
6.796875,14560.0,0.9485406875610352
6.7734375,14560.0,0.9485652446746826
6.75390625,14560.0,0.9485912322998047
6.73046875,14560.0,0.9486182332038879
6.70703125,14560.0,0.948643684387207
6.68359375,14560.0,0.9486698508262634
6.66015625,14560.0,0.9486944675445557
6.640625,14560.0,0.9487196803092957
6.6171875,14560.0,0.9487442970275879
6.59375,14560.0,0.9487687349319458
6.57421875,14560.0,0.9487931728363037
6.5546875,14560.0,0.9488176107406616
6.53125,14560.0,0.9488421678543091
6.5078125,14560.0,0.9488676190376282
6.48828125,14560.0,0.9488922357559204
6.46484375,14560.0,0.9489166736602783
6.4453125,14560.0,0.9489411115646362
6.421875,14560.0,0.9489657282829285
6.3984375,14560.0,0.9489911794662476
6.37890625,14560.0,0.9490156769752502
6.35546875,14560.0,0.9490401148796082
6.3359375,14560.0,0.9490645527839661
6.3125,14560.0,0.9490893483161926
6.2890625,14560.0,0.9491159915924072
6.26953125,14560.0,0.9491413235664368
6.24609375,14560.0,0.9491658806800842
6.2265625,14560.0,0.9491903185844421
6.203125,14560.0,0.9492147564888
6.18359375,14560.0,0.9492392539978027
6.16015625,14560.0,0.9492649435997009
6.140625,14560.0,0.949289858341217
6.1171875,14560.0,0.9493143558502197
6.09765625,14560.0,0.9493395090103149
6.078125,14560.0,0.9493643045425415
6.0546875,14560.0,0.9493887424468994
6.03515625,14560.0,0.9494131803512573
6.015625,14560.0,0.94943767786026
5.9921875,14560.0,0.9494626522064209
5.97265625,14560.0,0.949487566947937
5.953125,14560.0,0.9495120048522949
5.93359375,14560.0,0.9495364427566528
5.9140625,14560.0,0.9495609402656555
5.890625,14560.0,0.9495866894721985
5.87109375,14560.0,0.9496116042137146
5.8515625,14560.0,0.9496361017227173
5.83203125,14560.0,0.9496619701385498
5.8125,14560.0,0.9496868848800659
5.79296875,14560.0,0.9497117400169373
5.76953125,14560.0,0.9497374892234802
5.75,14560.0,0.9497620463371277
5.73046875,14560.0,0.9497870206832886
5.7109375,14560.0,0.9498120546340942
5.6953125,14560.0,0.9498364925384521
5.67578125,14560.0,0.9498609304428101
5.65625,14560.0,0.9498854279518127
5.63671875,14560.0,0.9499111175537109
5.6171875,14560.0,0.9499362707138062
5.59765625,14560.0,0.9499608278274536
5.578125,14560.0,0.9499872922897339
5.5625,14560.0,0.9500126838684082
5.54296875,14560.0,0.9500376582145691
5.5234375,14560.0,0.950062096118927
5.50390625,14560.0,0.9500865340232849
5.48828125,14560.0,0.9501110315322876
5.46875,14560.0,0.9501376152038574
5.44921875,14560.0,0.9501634240150452
5.4296875,14560.0,0.9501888155937195
5.4140625,14568.0,0.9502139091491699
5.39453125,14568.0,0.9502385258674622
5.37890625,14568.0,0.9502629637718201
5.36328125,14568.0,0.950287401676178
5.34375,14568.0,0.9503118395805359
5.328125,14568.0,0.9503362774848938
5.3125,14568.0,0.9503614902496338
5.29296875,14568.0,0.9503861665725708
5.27734375,14568.0,0.9504106044769287
5.26171875,14568.0,0.9504350423812866
5.2421875,14568.0,0.9504594802856445
5.2265625,14568.0,0.9504851698875427
5.2109375,14568.0,0.9505106210708618
5.19140625,14568.0,0.950535774230957
5.17578125,14568.0,0.9505602717399597
5.16015625,14568.0,0.9505847096443176
5.14453125,14568.0,0.9506091475486755
5.12890625,14568.0,0.9506335854530334
5.11328125,14568.0,0.9506581425666809
5.09765625,14568.0,0.9506836533546448
5.08203125,14568.0,0.9507080912590027
5.06640625,14568.0,0.9507325291633606
5.05078125,14568.0,0.9507570266723633
5.03515625,14568.0,0.950783371925354
5.01953125,14568.0,0.9508086442947388
5.00390625,14568.0,0.9508340358734131
4.9921875,14568.0,0.950858473777771
4.9765625,14568.0,0.9508829116821289
4.9609375,14568.0,0.9509074091911316
4.9453125,14568.0,0.950932502746582
4.93359375,14568.0,0.9509570002555847
4.91796875,14568.0,0.9509814381599426
4.90625,14568.0,0.9510058760643005
4.890625,14568.0,0.9510303139686584
4.87890625,14568.0,0.9510548710823059
4.86328125,14568.0,0.9510801434516907
4.8515625,14568.0,0.9511045813560486
4.8359375,14568.0,0.9511290192604065
4.82421875,14568.0,0.9511534571647644
4.80859375,14568.0,0.9511778950691223
4.796875,14568.0,0.9512035250663757
4.78125,14568.0,0.9512280225753784
4.76953125,14568.0,0.9512524604797363
4.7578125,14568.0,0.951276957988739
4.7421875,14568.0,0.9513030052185059
4.73046875,14568.0,0.9513279795646667
4.71484375,14568.0,0.9513533115386963
4.703125,14568.0,0.9513777494430542
4.69140625,14568.0,0.9514021873474121
4.6796875,14568.0,0.95142662525177
4.66796875,14568.0,0.9514511227607727
4.65234375,14568.0,0.9514769315719604
4.640625,14568.0,0.9515014886856079
4.62890625,14568.0,0.9515259265899658
4.6171875,14568.0,0.9515513181686401
4.60546875,14568.0,0.9515761733055115
4.59375,14568.0,0.9516006112098694
4.58203125,14568.0,0.9516250491142273
4.5703125,14568.0,0.951650083065033
4.55859375,14568.0,0.9516746997833252
4.546875,14568.0,0.9516991376876831
4.53515625,14568.0,0.951723575592041
4.5234375,14568.0,0.9517480134963989
4.51171875,14568.0,0.9517724514007568
4.5,14568.0,0.9517984390258789
4.48828125,14568.0,0.9518230557441711
4.4765625,14568.0,0.9518475532531738
4.46484375,14568.0,0.9518738389015198
4.45703125,14568.0,0.9518986344337463
4.4453125,14568.0,0.9519233703613281
4.43359375,14576.0,0.9519478678703308
4.421875,14576.0,0.9519723057746887
4.4140625,14576.0,0.9519967436790466
4.40234375,14576.0,0.9520211815834045
4.39453125,14576.0,0.9520456194877625
4.3828125,14576.0,0.9520708322525024
4.37109375,14576.0,0.9520956873893738
4.36328125,14576.0,0.9521201252937317
4.3515625,14576.0,0.9521445631980896
4.34375,14576.0,0.9521691203117371
4.33203125,14576.0,0.9521946907043457
4.32421875,14576.0,0.9522191286087036
4.31640625,14576.0,0.9522435665130615
4.3046875,14576.0,0.9522680640220642
4.296875,14576.0,0.9522933959960938
4.2890625,14576.0,0.9523178339004517
4.27734375,14576.0,0.9523422718048096
4.26953125,14576.0,0.9523667097091675
4.26171875,14576.0,0.9523912072181702
4.25390625,14576.0,0.9524170756340027
4.24609375,14576.0,0.952441930770874
4.23828125,14576.0,0.9524669051170349
4.23046875,14576.0,0.952491819858551
4.22265625,14576.0,0.9525162577629089
4.21484375,14576.0,0.9525406956672668
4.20703125,14576.0,0.9525651335716248
4.203125,14576.0,0.9525905847549438
4.1953125,14576.0,0.9526156187057495
4.1875,14576.0,0.9526400566101074
4.18359375,14576.0,0.952665388584137
4.17578125,14576.0,0.9526902437210083
4.171875,14576.0,0.9527146816253662
4.1640625,14576.0,0.9527391195297241
4.16015625,14576.0,0.9527648687362671
4.15625,14576.0,0.9527894854545593
4.15234375,14576.0,0.9528139233589172
4.14453125,14576.0,0.9528388381004333
4.140625,14576.0,0.9528635740280151
4.13671875,14576.0,0.952888011932373
4.1328125,14576.0,0.952912449836731
4.1328125,14576.0,0.9529368877410889
4.12890625,14576.0,0.9529613852500916
4.125,14576.0,0.9529866576194763
4.125,14576.0,0.9530110955238342
4.12109375,14576.0,0.9530355334281921
4.12109375,14576.0,0.95305997133255
4.1171875,14576.0,0.9530844688415527
4.1171875,14576.0,0.9531099200248718
4.1171875,14576.0,0.9531343579292297
4.11328125,14576.0,0.9531587958335876
4.11328125,14576.0,0.9531832933425903
4.11328125,14576.0,0.9532085061073303
4.11328125,14576.0,0.9532330632209778
4.11328125,14576.0,0.9532575011253357
4.11328125,14576.0,0.9532819390296936
4.11328125,14576.0,0.9533068537712097
4.1171875,14576.0,0.9533317685127258
4.1171875,14576.0,0.9533562064170837
4.1171875,14576.0,0.9533806443214417
4.12109375,14576.0,0.9534051418304443
4.12109375,14576.0,0.9534316062927246
4.125,14576.0,0.9534574151039124
4.12890625,14576.0,0.9534826278686523
4.12890625,14576.0,0.953508734703064
4.1328125,14576.0,0.9535338282585144
4.13671875,14576.0,0.9535592794418335
4.140625,14576.0,0.9535837173461914
4.14453125,14576.0,0.9536081552505493
4.1484375,14576.0,0.953632652759552
4.15234375,14584.0,0.9536583423614502
4.15625,14584.0,0.9536827802658081
4.16015625,14584.0,0.953707218170166
4.1640625,14584.0,0.9537320137023926
4.171875,14584.0,0.9537572264671326
4.17578125,14584.0,0.9537816643714905
4.1796875,14584.0,0.9538061022758484
4.18359375,14584.0,0.9538310766220093
4.19140625,14584.0,0.9538558721542358
4.1953125,14584.0,0.9538803100585938
4.203125,14584.0,0.9539047479629517
4.20703125,14584.0,0.9539291858673096
4.21484375,14584.0,0.9539547562599182
4.22265625,14584.0,0.953980028629303
4.23046875,14584.0,0.9540050029754639
4.234375,14584.0,0.9540296792984009
4.2421875,14584.0,0.9540541172027588
4.25,14584.0,0.9540785551071167
4.2578125,14584.0,0.9541029930114746
4.265625,14584.0,0.9541276693344116
4.2734375,14584.0,0.954154372215271
4.28125,14584.0,0.9541807174682617
4.29296875,14584.0,0.9542070031166077
4.30078125,14584.0,0.9542317986488342
4.30859375,14584.0,0.954258143901825
4.31640625,14584.0,0.9542831778526306
4.328125,14584.0,0.9543076753616333
4.3359375,14584.0,0.9543318152427673
4.34765625,14584.0,0.9543559551239014
4.35546875,14584.0,0.9543801546096802
4.3671875,14584.0,0.9544044733047485
4.375,14584.0,0.9544290900230408
4.38671875,14584.0,0.954453706741333
4.39453125,14584.0,0.9544779062271118
4.40625,14584.0,0.9545020461082458
4.41796875,14584.0,0.9545261859893799
4.4296875,14584.0,0.9545503854751587
4.4375,14584.0,0.9545747637748718
4.44921875,14584.0,0.9545997977256775
4.4609375,14584.0,0.9546242952346802
4.47265625,14584.0,0.9546484351158142
4.484375,14584.0,0.9546725749969482
4.49609375,14584.0,0.9546968340873718
4.51171875,14584.0,0.9547213315963745
4.5234375,14584.0,0.9547464847564697
4.53515625,14584.0,0.9547708034515381
4.546875,14584.0,0.9547950625419617
4.5625,14584.0,0.9548192620277405
4.57421875,14584.0,0.9548436999320984
4.5859375,14584.0,0.954868733882904
4.6015625,14584.0,0.9548933506011963
4.6171875,14584.0,0.9549176692962646
4.62890625,14584.0,0.9549419283866882
4.64453125,14584.0,0.9549663662910461
4.65625,14584.0,0.9549909830093384
4.671875,14584.0,0.9550158381462097
4.6875,14584.0,0.9550402760505676
4.69921875,14584.0,0.9550646543502808
4.71484375,14584.0,0.9550890922546387
4.73046875,14584.0,0.9551136493682861
4.74609375,14584.0,0.9551389813423157
4.76171875,14584.0,0.9551634192466736
4.77734375,14584.0,0.9551878571510315
4.79296875,14584.0,0.9552123546600342
4.80859375,14584.0,0.955237865447998
4.82421875,14584.0,0.9552624821662903
4.83984375,14584.0,0.9552869200706482
4.85546875,14584.0,0.9553115963935852
4.875,14592.0,0.9553365707397461
4.890625,14592.0,0.9553610682487488
4.90625,14592.0,0.9553855061531067
4.921875,14592.0,0.9554100036621094
4.94140625,14592.0,0.9554362297058105
4.9609375,14592.0,0.9554612636566162
4.9765625,14592.0,0.9554861187934875
4.99609375,14592.0,0.9555105566978455
5.01171875,14592.0,0.9555349946022034
5.02734375,14592.0,0.9555594325065613
5.046875,14592.0,0.9555849432945251
5.06640625,14592.0,0.9556095600128174
5.08203125,14592.0,0.9556339979171753
5.1015625,14592.0,0.9556588530540466
5.12109375,14592.0,0.9556843042373657
5.140625,14592.0,0.9557087421417236
5.16015625,14592.0,0.9557334780693054
5.1796875,14592.0,0.9557598829269409
5.19921875,14592.0,0.9557859301567078
5.21875,14592.0,0.9558106064796448
5.23828125,14592.0,0.9558361172676086
5.2578125,14592.0,0.9558607339859009
5.27734375,14592.0,0.9558851718902588
5.296875,14592.0,0.9559101462364197
5.31640625,14592.0,0.955935001373291
5.3359375,14592.0,0.9559594392776489
5.35546875,14592.0,0.9559838771820068
5.375,14592.0,0.9560086131095886
5.39453125,14592.0,0.9560339450836182
5.4140625,14592.0,0.9560583829879761
5.4375,14592.0,0.9560828804969788
5.45703125,14592.0,0.9561092257499695
5.4765625,14592.0,0.9561353325843811
5.5,14592.0,0.9561601281166077
5.51953125,14592.0,0.9561858177185059
5.54296875,14592.0,0.9562112092971802
5.5625,14592.0,0.9562374949455261
5.5859375,14592.0,0.9562625288963318
5.60546875,14592.0,0.956287145614624
5.625,14592.0,0.9563113451004028
5.64453125,14592.0,0.9563354849815369
5.66796875,14592.0,0.9563597440719604
5.6875,14592.0,0.9563844799995422
5.70703125,14592.0,0.9564099907875061
5.73046875,14592.0,0.9564343690872192
5.75,14592.0,0.9564587473869324
5.7734375,14592.0,0.9564851522445679
5.79296875,14592.0,0.9565104842185974
5.81640625,14592.0,0.9565352201461792
5.8359375,14592.0,0.9565593600273132
5.85546875,14592.0,0.9565836191177368
5.87890625,14592.0,0.9566088914871216
5.8984375,14592.0,0.9566333889961243
5.921875,14592.0,0.9566575288772583
5.94140625,14592.0,0.9566817879676819
5.9609375,14592.0,0.9567062854766846
5.984375,14592.0,0.956732451915741
6.00390625,14592.0,0.9567570686340332
6.02734375,14592.0,0.9567832350730896
6.05078125,14592.0,0.9568088054656982
6.0703125,14592.0,0.9568337798118591
6.09375,14592.0,0.9568583369255066
6.11328125,14592.0,0.9568831324577332
6.13671875,14592.0,0.9569073915481567
6.15625,14592.0,0.9569315314292908
6.1796875,14592.0,0.9569556713104248
6.19921875,14592.0,0.9569799304008484
6.21875,14600.0,0.9570045471191406
6.2421875,14600.0,0.9570297598838806
6.26171875,14600.0,0.9570540189743042
6.28515625,14600.0,0.957078218460083
6.3046875,14600.0,0.9571025371551514
6.328125,14600.0,0.9571279287338257
6.34765625,14600.0,0.9571523666381836
6.37109375,14600.0,0.9571765661239624
6.390625,14600.0,0.9572009444236755
6.41015625,14600.0,0.9572256207466125
6.43359375,14600.0,0.9572504162788391
6.453125,14600.0,0.9572747349739075
6.4765625,14600.0,0.957298994064331
6.49609375,14600.0,0.9573234915733337
6.51953125,14600.0,0.957348644733429
6.5390625,14600.0,0.9573731422424316
6.55859375,14600.0,0.9573975205421448
6.58203125,14600.0,0.9574219584465027
6.6015625,14600.0,0.9574474692344666
6.62109375,14600.0,0.9574719667434692
6.64453125,14600.0,0.9574964046478271
6.6640625,14600.0,0.9575219750404358
6.68359375,14600.0,0.957547128200531
6.70703125,14600.0,0.9575726985931396
6.7265625,14600.0,0.9575974345207214
6.74609375,14600.0,0.9576219916343689
6.76953125,14600.0,0.9576476216316223
6.7890625,14600.0,0.9576720595359802
6.80859375,14600.0,0.9576966762542725
6.828125,14600.0,0.9577230215072632
6.8515625,14600.0,0.9577495455741882
6.87109375,14600.0,0.9577751755714417
6.890625,14600.0,0.9577996730804443
6.91015625,14600.0,0.9578240513801575
6.9296875,14600.0,0.9578486084938049
6.94921875,14600.0,0.9578740000724792
6.96875,14600.0,0.9578984379768372
6.98828125,14600.0,0.9579229354858398
7.0078125,14600.0,0.9579483866691589
7.02734375,14600.0,0.9579730033874512
7.046875,14600.0,0.9579974412918091
7.0625,14600.0,0.9580223560333252
7.08203125,14600.0,0.9580474495887756
7.1015625,14600.0,0.9580718874931335
7.12109375,14600.0,0.9580966830253601
7.140625,14600.0,0.9581232070922852
7.16015625,14600.0,0.9581496715545654
7.17578125,14600.0,0.9581751227378845
7.1953125,14600.0,0.9581996202468872
7.2109375,14600.0,0.9582240581512451
7.23046875,14600.0,0.9582489728927612
7.25,14600.0,0.9582740068435669
7.265625,14600.0,0.9582984447479248
7.28125,14600.0,0.9583230018615723
7.30078125,14600.0,0.9583485722541809
7.31640625,14600.0,0.9583730101585388
7.33203125,14600.0,0.9583975672721863
7.3515625,14600.0,0.9584236145019531
7.3671875,14600.0,0.9584482908248901
7.38671875,14600.0,0.9584747552871704
7.40234375,14600.0,0.9585002064704895
7.41796875,14600.0,0.9585246443748474
7.43359375,14600.0,0.9585490822792053
7.44921875,14600.0,0.9585740566253662
7.46484375,14600.0,0.9585994482040405
7.48046875,14600.0,0.9586239457130432
7.49609375,14600.0,0.958649754524231
7.51171875,14600.0,0.9586745500564575
7.52734375,14600.0,0.9587002992630005
7.54296875,14600.0,0.9587247967720032
7.55859375,14608.0,0.9587493538856506
7.57421875,14608.0,0.9587751626968384
7.5859375,14608.0,0.9587996602058411
7.6015625,14608.0,0.9588251709938049
7.6171875,14608.0,0.9588497877120972
7.62890625,14608.0,0.9588742852210999
7.64453125,14608.0,0.9589007496833801
7.66015625,14608.0,0.9589272141456604
7.671875,14608.0,0.9589530825614929
7.6875,14608.0,0.9589776396751404
7.69921875,14608.0,0.9590020179748535
7.7109375,14608.0,0.9590283632278442
7.7265625,14608.0,0.9590542316436768
7.73828125,14608.0,0.9590787887573242
7.75,14608.0,0.9591032266616821
7.76171875,14608.0,0.9591283798217773
7.7734375,14608.0,0.9591526389122009
7.78515625,14608.0,0.9591768383979797
7.796875,14608.0,0.9592011570930481
7.80859375,14608.0,0.9592263698577881
7.8203125,14608.0,0.9592509865760803
7.83203125,14608.0,0.9592751860618591
7.84375,14608.0,0.959299623966217
7.8515625,14608.0,0.9593254327774048
7.86328125,14608.0,0.9593498706817627
7.875,14608.0,0.9593753218650818
7.8828125,14608.0,0.9594001770019531
7.89453125,14608.0,0.9594246745109558
7.90234375,14608.0,0.959450364112854
7.9140625,14608.0,0.9594748616218567
7.921875,14608.0,0.9594995975494385
7.93359375,14608.0,0.9595244526863098
7.94140625,14608.0,0.9595488905906677
7.94921875,14608.0,0.9595732688903809
7.95703125,14608.0,0.959598958492279
7.96484375,14608.0,0.9596249461174011
7.97265625,14608.0,0.9596499800682068
7.98046875,14608.0,0.9596744179725647
7.98828125,14608.0,0.9596999287605286
7.99609375,14608.0,0.959725022315979
8.0,14608.0,0.9597505927085876
8.0078125,14608.0,0.9597752690315247
8.015625,14608.0,0.9598000049591064
8.0234375,14608.0,0.959825873374939
8.03125,14608.0,0.959850549697876
8.0390625,14608.0,0.9598773717880249
8.046875,14608.0,0.9599030613899231
8.046875,14608.0,0.9599279761314392
8.0546875,14608.0,0.959952712059021
8.0625,14608.0,0.9599769115447998
8.0625,14608.0,0.9600012898445129
8.0703125,14608.0,0.9600263833999634
8.078125,14608.0,0.9600510597229004
8.078125,14608.0,0.9600753784179688
8.0859375,14608.0,0.9600998759269714
8.0859375,14608.0,0.9601251482963562
8.09375,14608.0,0.9601495862007141
8.09375,14608.0,0.960174024105072
8.1015625,14608.0,0.9601999521255493
8.1015625,14608.0,0.9602245688438416
8.1015625,14608.0,0.960250973701477
8.109375,14608.0,0.9602771997451782
8.109375,14608.0,0.9603018760681152
8.109375,14608.0,0.9603272080421448
8.109375,14608.0,0.9603514075279236
8.1171875,14608.0,0.9603756666183472
8.1171875,14608.0,0.9604012966156006
8.1171875,14608.0,0.9604266881942749
8.1171875,14616.0,0.9604523777961731
8.1171875,14616.0,0.9604766964912415
8.1171875,14616.0,0.9605018496513367
8.1171875,14616.0,0.9605262279510498
8.1171875,14616.0,0.9605503678321838
8.1171875,14616.0,0.9605746269226074
8.1171875,14616.0,0.9605993032455444
8.1171875,14616.0,0.9606242179870605
8.109375,14616.0,0.9606483578681946
8.109375,14616.0,0.9606726765632629
8.109375,14616.0,0.9606986045837402
8.109375,14616.0,0.960723340511322
8.1015625,14616.0,0.9607492089271545
8.1015625,14616.0,0.9607737064361572
8.09375,14616.0,0.9607998728752136
8.09375,14616.0,0.9608262777328491
8.0859375,14616.0,0.9608515501022339
8.0859375,14616.0,0.9608758091926575
8.078125,14616.0,0.9608999490737915
8.078125,14616.0,0.9609242081642151
8.0703125,14616.0,0.9609498381614685
8.0625,14616.0,0.9609743356704712
8.0546875,14616.0,0.960999071598053
8.046875,14616.0,0.9610238671302795
8.046875,14616.0,0.9610480070114136
8.0390625,14616.0,0.9610721468925476
8.03125,14616.0,0.961096465587616
8.0234375,14616.0,0.9611222147941589
8.015625,14616.0,0.9611465930938721
8.0078125,14616.0,0.9611716270446777
8.0,14616.0,0.9611961841583252
7.98828125,14616.0,0.9612203240394592
7.98046875,14616.0,0.9612445831298828
7.96875,14616.0,0.9612706899642944
7.9609375,14616.0,0.9612957835197449
7.94921875,14616.0,0.9613206386566162
7.9375,14616.0,0.9613447785377502
7.92578125,14616.0,0.9613690972328186
7.91796875,14616.0,0.9613943696022034
7.90625,14616.0,0.9614185690879822
7.89453125,14616.0,0.961442768573761
7.87890625,14616.0,0.9614673852920532
7.8671875,14616.0,0.9614937901496887
7.85546875,14616.0,0.9615185260772705
7.83984375,14616.0,0.9615427255630493
7.828125,14616.0,0.9615668654441833
7.8125,14616.0,0.9615911245346069
7.796875,14616.0,0.9616173505783081
7.78125,14616.0,0.9616436958312988
7.765625,14616.0,0.9616687297821045
7.75,14616.0,0.9616940021514893
7.734375,14616.0,0.9617181420326233
7.72265625,14616.0,0.9617425203323364
7.703125,14616.0,0.961768388748169
7.6875,14616.0,0.9617929458618164
7.671875,14616.0,0.9618176817893982
7.65234375,14616.0,0.9618418216705322
7.63671875,14616.0,0.9618659615516663
7.62109375,14616.0,0.9618901014328003
7.6015625,14616.0,0.9619150161743164
7.58203125,14616.0,0.9619397521018982
7.56640625,14616.0,0.9619638919830322
7.546875,14616.0,0.961988091468811
7.52734375,14616.0,0.9620134830474854
7.5078125,14616.0,0.962037980556488
7.4921875,14616.0,0.9620621800422668
7.47265625,14616.0,0.9620876312255859
7.453125,14616.0,0.9621121883392334
7.43359375,14624.0,0.9621367454528809
7.41015625,14624.0,0.962162971496582
7.390625,14624.0,0.9621879458427429
7.37109375,14624.0,0.9622121453285217
7.3515625,14624.0,0.9622362852096558
7.33203125,14624.0,0.9622604250907898
7.3125,14624.0,0.9622849822044373
7.2890625,14624.0,0.9623098969459534
7.26953125,14624.0,0.9623340368270874
7.25,14624.0,0.9623581767082214
7.2265625,14624.0,0.9623825550079346
7.20703125,14624.0,0.9624077677726746
7.1875,14624.0,0.9624319076538086
7.1640625,14624.0,0.9624560475349426
7.14453125,14624.0,0.9624805450439453
7.12109375,14624.0,0.9625055193901062
7.1015625,14624.0,0.9625296592712402
7.078125,14624.0,0.962553858757019
7.05859375,14624.0,0.9625788927078247
7.03515625,14624.0,0.9626033306121826
7.015625,14624.0,0.9626274704933167
6.9921875,14624.0,0.9626516699790955
6.96875,14624.0,0.962677001953125
6.94921875,14624.0,0.9627012610435486
6.92578125,14624.0,0.9627254009246826
6.90234375,14624.0,0.9627506136894226
6.87890625,14624.0,0.9627755880355835
6.859375,14624.0,0.962801456451416
6.8359375,14624.0,0.962826132774353
6.8125,14624.0,0.9628519415855408
6.7890625,14624.0,0.962876558303833
6.765625,14624.0,0.9629013538360596
6.7421875,14624.0,0.9629254937171936
6.72265625,14624.0,0.9629496335983276
6.69921875,14624.0,0.9629741311073303
6.67578125,14624.0,0.9629989266395569
6.65234375,14624.0,0.9630231261253357
6.62890625,14624.0,0.9630472660064697
6.609375,14624.0,0.9630716443061829
6.58203125,14624.0,0.9630977511405945
6.55859375,14624.0,0.9631234407424927
6.53515625,14624.0,0.9631480574607849
6.51171875,14624.0,0.9631730318069458
6.4921875,14624.0,0.9631972908973694
6.46875,14624.0,0.9632214307785034
6.4453125,14624.0,0.9632455706596375
6.421875,14624.0,0.9632699489593506
6.3984375,14624.0,0.9632946848869324
6.375,14624.0,0.9633188843727112
6.3515625,14624.0,0.9633430242538452
6.328125,14624.0,0.9633672833442688
6.3046875,14624.0,0.963392436504364
6.28125,14624.0,0.9634166359901428
6.26171875,14624.0,0.9634407758712769
6.23828125,14624.0,0.9634650349617004
6.21484375,14624.0,0.9634909629821777
6.19140625,14624.0,0.9635154008865356
6.1640625,14624.0,0.9635416269302368
6.140625,14624.0,0.9635666012763977
6.1171875,14624.0,0.9635909199714661
6.09375,14624.0,0.9636150598526001
6.07421875,14624.0,0.9636391997337341
6.05078125,14624.0,0.963664174079895
6.02734375,14624.0,0.9636887907981873
6.00390625,14624.0,0.9637129306793213
5.98046875,14624.0,0.9637372493743896
5.95703125,14624.0,0.9637629389762878
5.93359375,14624.0,0.9637870788574219
5.9140625,14632.0,0.963811993598938
5.890625,14632.0,0.9638363122940063
5.8671875,14632.0,0.9638603925704956
5.84765625,14632.0,0.9638845324516296
5.82421875,14632.0,0.9639089703559875
5.80078125,14632.0,0.9639349579811096
5.77734375,14632.0,0.9639608263969421
5.7578125,14632.0,0.9639852046966553
5.734375,14632.0,0.9640104174613953
5.7109375,14632.0,0.9640344977378845
5.69140625,14632.0,0.964058518409729
5.671875,14632.0,0.9640825986862183
5.6484375,14632.0,0.9641085863113403
5.625,14632.0,0.9641333818435669
5.60546875,14632.0,0.9641578793525696
5.5859375,14632.0,0.9641817212104797
5.56640625,14632.0,0.9642056226730347
5.54296875,14632.0,0.9642295837402344
5.5234375,14632.0,0.9642540216445923
5.50390625,14632.0,0.964278519153595
5.484375,14632.0,0.9643024802207947
5.46484375,14632.0,0.9643263220787048
5.4453125,14632.0,0.9643502831459045
5.42578125,14632.0,0.9643744826316833
5.40625,14632.0,0.9643997550010681
5.38671875,14632.0,0.9644237756729126
5.3671875,14632.0,0.9644477963447571
5.34765625,14632.0,0.9644721150398254
5.328125,14632.0,0.9644984602928162
5.30859375,14632.0,0.9645244479179382
5.2890625,14632.0,0.9645500779151917
5.26953125,14632.0,0.9645742177963257
5.25390625,14632.0,0.9645983576774597
5.234375,14632.0,0.9646241068840027
5.21484375,14632.0,0.964648425579071
5.19921875,14632.0,0.9646729826927185
5.1796875,14632.0,0.9646968245506287
5.1640625,14632.0,0.9647206664085388
5.14453125,14632.0,0.964744508266449
5.12890625,14632.0,0.9647684097290039
5.11328125,14632.0,0.9647925496101379
5.09375,14632.0,0.9648173451423645
5.078125,14632.0,0.9648411870002747
5.0625,14632.0,0.9648650288581848
5.046875,14632.0,0.964888870716095
5.02734375,14632.0,0.9649127721786499
5.01171875,14632.0,0.9649375081062317
4.99609375,14632.0,0.9649619460105896
4.98046875,14632.0,0.9649857878684998
4.96484375,14632.0,0.9650096297264099
4.94921875,14632.0,0.9650335907936096
4.93359375,14632.0,0.9650588035583496
4.91796875,14632.0,0.9650837779045105
4.90234375,14632.0,0.9651087522506714
4.88671875,14632.0,0.9651328325271606
4.875,14632.0,0.9651566743850708
4.859375,14632.0,0.965180516242981
4.84375,14632.0,0.965204656124115
4.83203125,14632.0,0.9652290344238281
4.81640625,14632.0,0.9652529954910278
4.8046875,14632.0,0.965276837348938
4.7890625,14632.0,0.9653006792068481
4.77734375,14632.0,0.9653245210647583
4.765625,14632.0,0.9653483629226685
4.75,14632.0,0.9653726816177368
4.73828125,14632.0,0.9653971791267395
4.7265625,14632.0,0.9654210209846497
4.7109375,14632.0,0.9654448628425598
4.69921875,14632.0,0.96546870470047
4.6875,14632.0,0.9654926657676697
4.67578125,14640.0,0.965516984462738
4.6640625,14640.0,0.9655416011810303
4.65234375,14640.0,0.9655654430389404
4.640625,14640.0,0.9655892848968506
4.62890625,14640.0,0.9656131863594055
4.6171875,14640.0,0.9656373262405396
4.60546875,14640.0,0.9656623005867004
4.59375,14640.0,0.9656861424446106
4.5859375,14640.0,0.9657099843025208
4.57421875,14640.0,0.9657339453697205
4.5625,14640.0,0.9657588005065918
4.5546875,14640.0,0.965782880783081
4.54296875,14640.0,0.9658067226409912
4.53515625,14640.0,0.9658305644989014
4.5234375,14640.0,0.9658545255661011
4.515625,14640.0,0.9658796787261963
4.50390625,14640.0,0.9659039974212646
4.49609375,14640.0,0.9659278988838196
4.484375,14640.0,0.9659520983695984
4.4765625,14640.0,0.9659765362739563
4.46875,14640.0,0.966000497341156
4.4609375,14640.0,0.9660243391990662
4.453125,14640.0,0.9660481810569763
4.4453125,14640.0,0.9660720229148865
4.4375,14640.0,0.9660965800285339
4.4296875,14640.0,0.9661211371421814
4.421875,14640.0,0.9661449790000916
4.4140625,14640.0,0.9661688208580017
4.40625,14640.0,0.9661927223205566
4.3984375,14640.0,0.9662177562713623
4.390625,14640.0,0.9662421941757202
4.38671875,14640.0,0.9662660956382751
4.37890625,14640.0,0.9662902355194092
4.37109375,14640.0,0.9663156270980835
4.3671875,14640.0,0.966339647769928
4.359375,14640.0,0.9663637280464172
4.3515625,14640.0,0.9663888812065125
4.34765625,14640.0,0.9664130210876465
4.34375,14640.0,0.9664368629455566
4.3359375,14640.0,0.9664610028266907
4.33203125,14640.0,0.966485857963562
4.32421875,14640.0,0.9665098190307617
4.3203125,14640.0,0.9665336608886719
4.31640625,14640.0,0.9665575623512268
4.3125,14640.0,0.9665818810462952
4.30859375,14640.0,0.9666081666946411
4.30078125,14640.0,0.9666340947151184
4.296875,14640.0,0.9666595458984375
4.29296875,14640.0,0.9666836857795715
4.2890625,14640.0,0.966707706451416
4.28515625,14640.0,0.966732382774353
4.28125,14640.0,0.9667562246322632
4.28125,14640.0,0.9667800664901733
4.27734375,14640.0,0.9668039083480835
4.2734375,14640.0,0.9668277502059937
4.26953125,14640.0,0.9668517112731934
4.265625,14640.0,0.9668765068054199
4.265625,14640.0,0.9669004082679749
4.26171875,14640.0,0.966924250125885
4.26171875,14640.0,0.9669480919837952
4.2578125,14640.0,0.9669719934463501
4.25390625,14640.0,0.9669963717460632
4.25390625,14640.0,0.9670207500457764
4.25,14640.0,0.9670445919036865
4.25,14640.0,0.9670684337615967
4.25,14640.0,0.9670922756195068
4.24609375,14640.0,0.9671162962913513
4.24609375,14640.0,0.9671416878700256
4.24609375,14640.0,0.9671657681465149
4.2421875,14640.0,0.9671896696090698
4.2421875,14640.0,0.9672148823738098
4.2421875,14648.0,0.9672389030456543
4.2421875,14648.0,0.9672627449035645
4.23828125,14648.0,0.9672868847846985
4.23828125,14648.0,0.9673126339912415
4.23828125,14648.0,0.9673368334770203
4.23828125,14648.0,0.9673616886138916
4.23828125,14648.0,0.9673855304718018
4.23828125,14648.0,0.9674093723297119
4.23828125,14648.0,0.9674332141876221
4.23828125,14648.0,0.9674572348594666
4.23828125,14648.0,0.9674820303916931
4.23828125,14648.0,0.9675058722496033
4.23828125,14648.0,0.9675297141075134
4.2421875,14648.0,0.9675535559654236
4.2421875,14648.0,0.9675775766372681
4.2421875,14648.0,0.9676029086112976
4.2421875,14648.0,0.9676269888877869
4.24609375,14648.0,0.9676508903503418
4.24609375,14648.0,0.9676757454872131
4.24609375,14648.0,0.9676997661590576
4.25,14648.0,0.9677236080169678
4.25,14648.0,0.9677474498748779
4.25,14648.0,0.9677714705467224
4.25390625,14648.0,0.9677976965904236
4.25390625,14648.0,0.9678237438201904
4.2578125,14648.0,0.9678489565849304
4.26171875,14648.0,0.967873752117157
4.26171875,14648.0,0.9678982496261597
4.265625,14648.0,0.9679223299026489
4.265625,14648.0,0.9679461717605591
4.26953125,14648.0,0.9679700136184692
4.26953125,14648.0,0.9679938554763794
4.2734375,14648.0,0.9680176973342896
4.27734375,14648.0,0.9680418968200684
4.28125,14648.0,0.9680665135383606
4.28125,14648.0,0.9680903553962708
4.28515625,14648.0,0.9681141972541809
4.2890625,14648.0,0.9681380391120911
4.29296875,14648.0,0.968161940574646
4.296875,14648.0,0.9681873321533203
4.30078125,14648.0,0.9682117700576782
4.3046875,14648.0,0.9682371020317078
4.30859375,14648.0,0.9682610034942627
4.3125,14648.0,0.9682848453521729
4.31640625,14648.0,0.9683088064193726
4.3203125,14648.0,0.9683337807655334
4.32421875,14648.0,0.9683576226234436
4.328125,14648.0,0.9683814644813538
4.3359375,14648.0,0.9684053063392639
4.33984375,14648.0,0.9684295654296875
4.34375,14648.0,0.9684538245201111
4.34765625,14648.0,0.9684776663780212
4.35546875,14648.0,0.9685015082359314
4.359375,14648.0,0.9685253500938416
4.3671875,14648.0,0.9685492515563965
4.37109375,14648.0,0.9685736298561096
4.37890625,14648.0,0.9685980081558228
4.3828125,14648.0,0.9686218500137329
4.390625,14648.0,0.9686456918716431
4.3984375,14648.0,0.9686695337295532
4.40234375,14648.0,0.9686938524246216
4.41015625,14648.0,0.9687187671661377
4.41796875,14648.0,0.9687426090240479
4.42578125,14648.0,0.9687665104866028
4.43359375,14648.0,0.9687911868095398
4.44140625,14648.0,0.968815267086029
4.4453125,14648.0,0.9688391089439392
4.45703125,14648.0,0.9688629508018494
4.46484375,14648.0,0.9688868522644043
4.47265625,14656.0,0.9689117074012756
4.48046875,14656.0,0.9689357876777649
4.48828125,14656.0,0.968959629535675
4.5,14656.0,0.96898353099823
4.5078125,14656.0,0.9690078496932983
4.51953125,14656.0,0.9690337777137756
4.52734375,14656.0,0.9690591096878052
4.5390625,14656.0,0.9690831899642944
4.546875,14656.0,0.9691071510314941
4.55859375,14656.0,0.9691329002380371
4.5703125,14656.0,0.969157338142395
4.578125,14656.0,0.9691823720932007
4.58984375,14656.0,0.9692062139511108
4.6015625,14656.0,0.9692301154136658
4.61328125,14656.0,0.9692544937133789
4.625,14656.0,0.9692789912223816
4.63671875,14656.0,0.9693028330802917
4.6484375,14656.0,0.9693266749382019
4.66015625,14656.0,0.9693505764007568
4.67578125,14656.0,0.9693755507469177
4.6875,14656.0,0.969399631023407
4.69921875,14656.0,0.9694234728813171
4.71484375,14656.0,0.9694473743438721
4.7265625,14656.0,0.9694720506668091
4.7421875,14656.0,0.9694962501525879
4.75390625,14656.0,0.969520092010498
4.76953125,14656.0,0.9695439338684082
4.78125,14656.0,0.9695679545402527
4.796875,14656.0,0.9695928692817688
4.8125,14656.0,0.9696168303489685
4.828125,14656.0,0.9696406722068787
4.84375,14656.0,0.9696646928787231
4.859375,14656.0,0.969689667224884
4.875,14656.0,0.9697137475013733
4.890625,14656.0,0.9697375893592834
4.90625,14656.0,0.9697616100311279
4.921875,14656.0,0.9697861671447754
4.94140625,14656.0,0.9698103666305542
4.95703125,14656.0,0.9698342084884644
4.97265625,14656.0,0.9698582291603088
4.9921875,14656.0,0.969883382320404
5.0078125,14656.0,0.9699077606201172
5.02734375,14656.0,0.9699318408966064
5.046875,14656.0,0.9699576497077942
5.06640625,14656.0,0.9699831604957581
5.0859375,14656.0,0.9700073599815369
5.1015625,14656.0,0.9700313210487366
5.12109375,14656.0,0.9700556397438049
5.140625,14656.0,0.9700814485549927
5.1640625,14656.0,0.9701074361801147
5.18359375,14656.0,0.9701328277587891
5.203125,14656.0,0.97015780210495
5.22265625,14656.0,0.9701834917068481
5.24609375,14656.0,0.9702076315879822
5.265625,14656.0,0.9702327847480774
5.28515625,14656.0,0.9702566266059875
5.3046875,14656.0,0.9702804684638977
5.328125,14656.0,0.9703054428100586
5.34765625,14656.0,0.9703298211097717
5.3671875,14656.0,0.9703537225723267
5.390625,14656.0,0.9703783392906189
5.41015625,14656.0,0.9704023003578186
5.43359375,14656.0,0.9704261422157288
5.453125,14656.0,0.9704499840736389
5.47265625,14656.0,0.9704738259315491
5.49609375,14656.0,0.9704978466033936
5.515625,14656.0,0.9705222249031067
5.5390625,14656.0,0.9705461859703064
5.5625,14656.0,0.9705700278282166
5.58203125,14664.0,0.9705938696861267
5.60546875,14664.0,0.9706177711486816
5.625,14664.0,0.9706419110298157
5.6484375,14664.0,0.9706662893295288
5.671875,14664.0,0.970690131187439
5.69140625,14664.0,0.9707139730453491
5.71484375,14664.0,0.970737874507904
5.73828125,14664.0,0.9707633852958679
5.76171875,14664.0,0.9707879424095154
5.78515625,14664.0,0.9708127379417419
5.8046875,14664.0,0.9708365797996521
5.828125,14664.0,0.9708604216575623
5.8515625,14664.0,0.9708843231201172
5.87109375,14664.0,0.9709085822105408
5.89453125,14664.0,0.9709342122077942
5.921875,14664.0,0.9709599018096924
5.94140625,14664.0,0.9709841012954712
5.96484375,14664.0,0.9710091352462769
5.98828125,14664.0,0.971032977104187
6.01171875,14664.0,0.9710568189620972
6.03125,14664.0,0.9710808396339417
6.0546875,14664.0,0.9711055755615234
6.078125,14664.0,0.9711294174194336
6.1015625,14664.0,0.9711532592773438
6.125,14664.0,0.9711771011352539
6.14453125,14664.0,0.9712010622024536
6.16796875,14664.0,0.9712257981300354
6.19140625,14664.0,0.9712496995925903
6.2109375,14664.0,0.9712735414505005
6.234375,14664.0,0.9712973833084106
6.2578125,14664.0,0.971321702003479
6.28125,14664.0,0.9713471531867981
6.3046875,14664.0,0.9713720083236694
6.328125,14664.0,0.9713964462280273
6.3515625,14664.0,0.9714202880859375
6.37109375,14664.0,0.9714453220367432
6.3984375,14664.0,0.9714699983596802
6.41796875,14664.0,0.9714942574501038
6.44140625,14664.0,0.9715200066566467
6.46484375,14664.0,0.9715443253517151
6.48828125,14664.0,0.9715683460235596
6.51171875,14664.0,0.9715921878814697
6.53125,14664.0,0.9716160297393799
6.5546875,14664.0,0.97163987159729
6.578125,14664.0,0.9716639518737793
6.6015625,14664.0,0.9716894626617432
6.625,14664.0,0.9717135429382324
6.64453125,14664.0,0.9717382192611694
6.66796875,14664.0,0.9717620611190796
6.69140625,14664.0,0.9717859029769897
6.7109375,14664.0,0.9718097448348999
6.734375,14664.0,0.9718336462974548
6.7578125,14664.0,0.971858024597168
6.77734375,14664.0,0.9718821048736572
6.80078125,14664.0,0.9719059467315674
6.8203125,14664.0,0.9719297885894775
6.84375,14664.0,0.9719536900520325
6.8671875,14664.0,0.9719794392585754
6.88671875,14664.0,0.9720045328140259
6.91015625,14664.0,0.9720292091369629
6.9296875,14664.0,0.9720532298088074
6.953125,14664.0,0.9720779657363892
6.97265625,14664.0,0.9721018075942993
6.99609375,14664.0,0.9721256494522095
7.015625,14664.0,0.9721494913101196
7.03515625,14664.0,0.9721735715866089
7.05859375,14664.0,0.9721996188163757
7.078125,14664.0,0.9722243547439575
7.09765625,14664.0,0.9722481966018677
7.1171875,14664.0,0.9722720384597778
7.140625,14672.0,0.9722959399223328
7.16015625,14672.0,0.9723209142684937
7.1796875,14672.0,0.9723451137542725
7.19921875,14672.0,0.9723690152168274
7.21875,14672.0,0.9723935723304749
7.23828125,14672.0,0.9724178314208984
7.2578125,14672.0,0.9724416732788086
7.2734375,14672.0,0.9724655151367188
7.29296875,14672.0,0.9724899530410767
7.3125,14672.0,0.972514271736145
7.33203125,14672.0,0.9725381135940552
7.34765625,14672.0,0.9725619554519653
7.3671875,14672.0,0.9725862145423889
7.38671875,14672.0,0.9726120829582214
7.40625,14672.0,0.9726380705833435
7.421875,14672.0,0.9726628661155701
7.44140625,14672.0,0.9726869463920593
7.45703125,14672.0,0.9727107882499695
7.4765625,14672.0,0.9727346301078796
7.4921875,14672.0,0.9727587103843689
7.5078125,14672.0,0.9727843999862671
7.5234375,14672.0,0.9728090763092041
7.54296875,14672.0,0.9728332161903381
7.55859375,14672.0,0.9728570580482483
7.57421875,14672.0,0.9728809595108032
7.58984375,14672.0,0.9729053378105164
7.60546875,14672.0,0.9729300737380981
7.6171875,14672.0,0.9729539155960083
7.6328125,14672.0,0.9729778170585632
7.6484375,14672.0,0.9730035662651062
7.6640625,14672.0,0.9730288982391357
7.6796875,14672.0,0.9730538129806519
7.6953125,14672.0,0.9730794429779053
7.70703125,14672.0,0.9731037020683289
7.72265625,14672.0,0.9731282591819763
7.734375,14672.0,0.9731521010398865
7.74609375,14672.0,0.9731759428977966
7.7578125,14672.0,0.9731999635696411
7.7734375,14672.0,0.9732251763343811
7.78515625,14672.0,0.9732490181922913
7.796875,14672.0,0.9732730388641357
7.80859375,14672.0,0.9732985496520996
7.8203125,14672.0,0.9733225703239441
7.83203125,14672.0,0.9733473062515259
7.84375,14672.0,0.9733712077140808
7.8515625,14672.0,0.973395049571991
7.86328125,14672.0,0.9734188914299011
7.875,14672.0,0.9734429717063904
7.8828125,14672.0,0.9734687209129333
7.89453125,14672.0,0.9734942317008972
7.90234375,14672.0,0.9735182523727417
7.9140625,14672.0,0.9735434055328369
7.921875,14672.0,0.9735676050186157
7.93359375,14672.0,0.973591685295105
7.94140625,14672.0,0.9736167788505554
7.94921875,14672.0,0.9736406207084656
7.95703125,14672.0,0.9736645817756653
7.96484375,14672.0,0.9736905694007874
7.97265625,14672.0,0.9737154245376587
7.98046875,14672.0,0.9737392067909241
7.98828125,14672.0,0.9737628698348999
7.99609375,14672.0,0.9737866520881653
8.0,14672.0,0.9738113284111023
8.0078125,14672.0,0.9738357067108154
8.015625,14672.0,0.9738595485687256
8.0234375,14672.0,0.9738836884498596
8.0234375,14672.0,0.973908007144928
8.03125,14672.0,0.9739316701889038
8.0390625,14672.0,0.9739553332328796
8.046875,14672.0,0.9739790558815002
8.046875,14672.0,0.9740029573440552
8.0546875,14680.0,0.9740277528762817
8.0546875,14680.0,0.9740516543388367
8.0625,14680.0,0.9740754961967468
8.0625,14680.0,0.974099338054657
8.0703125,14680.0,0.9741238951683044
8.0703125,14680.0,0.9741477966308594
8.078125,14680.0,0.9741716384887695
8.078125,14680.0,0.9741954803466797
8.0859375,14680.0,0.9742193818092346
8.0859375,14680.0,0.9742449522018433
8.0859375,14680.0,0.9742692708969116
8.09375,14680.0,0.9742942452430725
8.09375,14680.0,0.9743180871009827
8.09375,14680.0,0.9743419885635376
8.09375,14680.0,0.974367082118988
8.09375,14680.0,0.9743909239768982
8.09375,14680.0,0.9744148254394531
8.09375,14680.0,0.9744394421577454
8.09375,14680.0,0.9744634628295898
8.09375,14680.0,0.9744873046875
8.09375,14680.0,0.9745111465454102
8.09375,14680.0,0.9745359420776367
8.09375,14680.0,0.974560022354126
8.09375,14680.0,0.9745838642120361
8.09375,14680.0,0.9746078848838806
8.0859375,14680.0,0.9746335744857788
8.0859375,14680.0,0.9746584892272949
8.0859375,14680.0,0.9746825695037842
8.078125,14680.0,0.9747064113616943
8.078125,14680.0,0.9747306108474731
8.078125,14680.0,0.9747568368911743
8.0703125,14680.0,0.9747816920280457
8.0703125,14680.0,0.9748055338859558
8.0625,14680.0,0.9748296141624451
8.0625,14680.0,0.9748552441596985
8.0546875,14680.0,0.9748799204826355
8.046875,14680.0,0.9749038219451904
8.046875,14680.0,0.974927544593811
8.0390625,14680.0,0.9749513864517212
8.03125,14680.0,0.9749754667282104
8.0234375,14680.0,0.9750004410743713
8.0234375,14680.0,0.9750242829322815
8.015625,14680.0,0.9750481843948364
8.0078125,14680.0,0.9750730991363525
8.0,14680.0,0.9750969409942627
7.99609375,14680.0,0.9751207828521729
7.98828125,14680.0,0.9751451015472412
7.98046875,14680.0,0.9751695990562439
7.97265625,14680.0,0.975193440914154
7.96484375,14680.0,0.975217342376709
7.95703125,14680.0,0.9752424359321594
7.9453125,14680.0,0.975266695022583
7.9375,14680.0,0.9752911925315857
7.9296875,14680.0,0.9753156900405884
7.921875,14680.0,0.9753395318984985
7.91015625,14680.0,0.9753636717796326
7.90234375,14680.0,0.97538822889328
7.890625,14680.0,0.9754121899604797
7.8828125,14680.0,0.9754360914230347
7.87109375,14680.0,0.9754618406295776
7.859375,14680.0,0.9754876494407654
7.8515625,14680.0,0.9755117893218994
7.83984375,14680.0,0.9755372405052185
7.828125,14680.0,0.9755614399909973
7.81640625,14680.0,0.9755865931510925
7.8046875,14680.0,0.9756104350090027
7.79296875,14680.0,0.975634753704071
7.78125,14680.0,0.9756592512130737
7.7734375,14680.0,0.9756830930709839
7.76171875,14688.0,0.9757069945335388
7.75,14688.0,0.9757324457168579
7.734375,14688.0,0.9757571220397949
7.72265625,14688.0,0.9757820963859558
7.7109375,14688.0,0.9758059978485107
7.69921875,14688.0,0.9758307337760925
7.68359375,14688.0,0.9758546352386475
7.671875,14688.0,0.9758784770965576
7.66015625,14688.0,0.9759023785591125
7.64453125,14688.0,0.9759278893470764
7.6328125,14688.0,0.9759519696235657
7.6171875,14688.0,0.9759771227836609
7.60546875,14688.0,0.976000964641571
7.58984375,14688.0,0.9760258197784424
7.578125,14688.0,0.9760501980781555
7.5625,14688.0,0.97607421875
7.546875,14688.0,0.9760998487472534
7.53515625,14688.0,0.976124107837677
7.51953125,14688.0,0.9761480689048767
7.50390625,14688.0,0.9761717319488525
7.48828125,14688.0,0.9761954545974731
7.4765625,14688.0,0.9762192964553833
7.4609375,14688.0,0.9762448668479919
7.4453125,14688.0,0.9762690663337708
7.4296875,14688.0,0.9762941002845764
7.4140625,14688.0,0.976317822933197
7.3984375,14688.0,0.9763420820236206
7.3828125,14688.0,0.9763663411140442
7.3671875,14688.0,0.97639000415802
7.3515625,14688.0,0.9764136075973511
7.3359375,14688.0,0.9764373898506165
7.31640625,14688.0,0.9764629602432251
7.30078125,14688.0,0.976487398147583
7.28515625,14688.0,0.9765117168426514
7.26953125,14688.0,0.9765352606773376
7.25,14688.0,0.9765589237213135
7.234375,14688.0,0.9765828251838684
7.21875,14688.0,0.9766084551811218
7.19921875,14688.0,0.9766340255737305
7.18359375,14688.0,0.9766582250595093
7.1640625,14688.0,0.9766825437545776
7.1484375,14688.0,0.9767061471939087
7.12890625,14688.0,0.976729691028595
7.11328125,14688.0,0.976753294467926
7.09765625,14688.0,0.9767774939537048
7.078125,14688.0,0.9768017530441284
7.0625,14688.0,0.9768253564834595
7.04296875,14688.0,0.9768489599227905
7.02734375,14688.0,0.9768726825714111
7.0078125,14688.0,0.9768974184989929
6.98828125,14688.0,0.9769214987754822
6.97265625,14688.0,0.9769451022148132
6.953125,14688.0,0.9769689440727234
6.93359375,14688.0,0.976993978023529
6.91796875,14688.0,0.9770177006721497
6.8984375,14688.0,0.9770415425300598
6.87890625,14688.0,0.9770666360855103
6.859375,14688.0,0.9770904183387756
6.83984375,14688.0,0.9771143794059753
6.8203125,14688.0,0.9771395325660706
6.80078125,14688.0,0.9771633744239807
6.78125,14688.0,0.9771881103515625
6.76171875,14688.0,0.9772121906280518
6.7421875,14688.0,0.9772359132766724
6.7265625,14688.0,0.9772608876228333
6.703125,14688.0,0.9772854447364807
6.68359375,14688.0,0.9773100018501282
6.6640625,14688.0,0.9773337841033936
6.64453125,14696.0,0.9773573875427246
6.625,14696.0,0.9773811101913452
6.60546875,14696.0,0.9774059653282166
6.58203125,14696.0,0.9774301052093506
6.5625,14696.0,0.9774538278579712
6.54296875,14696.0,0.9774788022041321
6.5234375,14696.0,0.9775026440620422
6.5,14696.0,0.9775263667106628
6.48046875,14696.0,0.9775515198707581
6.45703125,14696.0,0.9775753617286682
6.4375,14696.0,0.9775994420051575
6.4140625,14696.0,0.9776254296302795
6.39453125,14696.0,0.977651059627533
6.37109375,14696.0,0.9776756167411804
6.3515625,14696.0,0.9776991605758667
6.328125,14696.0,0.977722704410553
6.30859375,14696.0,0.977746307849884
6.28515625,14696.0,0.9777705669403076
6.265625,14696.0,0.977794349193573
6.2421875,14696.0,0.9778178930282593
6.22265625,14696.0,0.9778414368629456
6.19921875,14696.0,0.9778650403022766
6.1796875,14696.0,0.9778891801834106
6.15625,14696.0,0.9779133796691895
6.13671875,14696.0,0.9779369235038757
6.11328125,14696.0,0.977960467338562
6.08984375,14696.0,0.9779841303825378
6.0703125,14696.0,0.9780086874961853
6.046875,14696.0,0.9780323505401611
6.0234375,14696.0,0.9780558943748474
6.00390625,14696.0,0.9780794978141785
5.98046875,14696.0,0.9781041145324707
5.95703125,14696.0,0.9781286120414734
5.9375,14696.0,0.9781524538993835
5.9140625,14696.0,0.9781771302223206
5.890625,14696.0,0.9782007336616516
5.87109375,14696.0,0.9782242774963379
5.84765625,14696.0,0.978248119354248
5.82421875,14696.0,0.978273332118988
5.80078125,14696.0,0.9782971143722534
5.77734375,14696.0,0.9783221483230591
5.7578125,14696.0,0.9783458709716797
5.734375,14696.0,0.9783695936203003
5.71484375,14696.0,0.9783939719200134
5.69140625,14696.0,0.9784179329872131
5.66796875,14696.0,0.9784414768218994
5.6484375,14696.0,0.9784650802612305
5.625,14696.0,0.978489100933075
5.6015625,14696.0,0.9785148501396179
5.578125,14696.0,0.9785401225090027
5.55859375,14696.0,0.9785639047622681
5.53515625,14696.0,0.9785894155502319
5.515625,14696.0,0.9786136746406555
5.4921875,14696.0,0.9786375164985657
5.47265625,14696.0,0.978661060333252
5.44921875,14696.0,0.9786846041679382
5.4296875,14696.0,0.9787081480026245
5.41015625,14696.0,0.9787317514419556
5.38671875,14696.0,0.9787575006484985
5.3671875,14696.0,0.9787827134132385
5.34375,14696.0,0.9788064956665039
5.32421875,14696.0,0.9788302779197693
5.3046875,14696.0,0.9788560271263123
5.28125,14696.0,0.9788805842399597
5.26171875,14696.0,0.978904128074646
5.2421875,14696.0,0.9789276719093323
5.22265625,14696.0,0.9789512157440186
5.203125,14696.0,0.9789749979972839
5.18359375,14696.0,0.9790005683898926
5.1640625,14696.0,0.9790248274803162
5.14453125,14704.0,0.9790483713150024
5.125,14704.0,0.9790719151496887
5.10546875,14704.0,0.979095458984375
5.08984375,14704.0,0.9791190028190613
5.0703125,14704.0,0.9791425466537476
5.05078125,14704.0,0.979166567325592
5.03515625,14704.0,0.9791902899742126
5.015625,14704.0,0.9792138338088989
5.0,14704.0,0.9792373776435852
4.98046875,14704.0,0.9792609214782715
4.96484375,14704.0,0.9792844653129578
4.9453125,14704.0,0.9793080687522888
4.9296875,14704.0,0.9793323278427124
4.9140625,14704.0,0.9793559312820435
4.89453125,14704.0,0.9793794751167297
4.87890625,14704.0,0.979403018951416
4.86328125,14704.0,0.9794265627861023
4.84765625,14704.0,0.9794501066207886
4.83203125,14704.0,0.9794744253158569
4.81640625,14704.0,0.9794980883598328
4.80078125,14704.0,0.979521632194519
4.78515625,14704.0,0.9795451760292053
4.76953125,14704.0,0.9795687198638916
4.75390625,14704.0,0.9795923233032227
4.7421875,14704.0,0.9796165227890015
4.7265625,14704.0,0.9796401262283325
4.7109375,14704.0,0.9796636700630188
4.69921875,14704.0,0.9796872138977051
4.68359375,14704.0,0.9797107577323914
4.66796875,14704.0,0.9797345399856567
4.65625,14704.0,0.9797590970993042
4.640625,14704.0,0.9797826409339905
4.62890625,14704.0,0.9798061847686768
4.6171875,14704.0,0.979829728603363
4.60546875,14704.0,0.9798539280891418
4.58984375,14704.0,0.9798778891563416
4.578125,14704.0,0.9799014329910278
4.56640625,14704.0,0.9799249768257141
4.5546875,14704.0,0.9799485206604004
4.54296875,14704.0,0.9799727201461792
4.53125,14704.0,0.9799965620040894
4.51953125,14704.0,0.9800201058387756
4.5078125,14704.0,0.9800436496734619
4.49609375,14704.0,0.980067253112793
4.484375,14704.0,0.9800912737846375
4.47265625,14704.0,0.9801158905029297
4.46484375,14704.0,0.980139434337616
4.453125,14704.0,0.9801632165908813
4.44140625,14704.0,0.9801877737045288
4.43359375,14704.0,0.9802113175392151
4.421875,14704.0,0.9802348613739014
4.4140625,14704.0,0.9802587628364563
4.40234375,14704.0,0.9802833199501038
4.39453125,14704.0,0.98030686378479
4.38671875,14704.0,0.9803304076194763
4.375,14704.0,0.9803545475006104
4.3671875,14704.0,0.9803785681724548
4.359375,14704.0,0.9804021120071411
4.3515625,14704.0,0.9804256558418274
4.33984375,14704.0,0.9804492592811584
4.33203125,14704.0,0.9804739356040955
4.32421875,14704.0,0.9804976582527161
4.31640625,14704.0,0.9805212020874023
4.30859375,14704.0,0.980544924736023
4.30078125,14704.0,0.9805693626403809
4.296875,14704.0,0.9805929660797119
4.2890625,14704.0,0.9806165099143982
4.28125,14704.0,0.980640172958374
4.2734375,14704.0,0.9806658029556274
4.26953125,14704.0,0.9806907176971436
4.26171875,14704.0,0.9807144403457642
4.25390625,14704.0,0.9807379841804504
4.25,14704.0,0.9807615876197815
4.2421875,14712.0,0.9807870984077454
4.23828125,14712.0,0.980811595916748
4.234375,14712.0,0.9808357357978821
4.2265625,14712.0,0.9808592796325684
4.22265625,14712.0,0.9808828234672546
4.21875,14712.0,0.98090660572052
4.21484375,14712.0,0.9809306263923645
4.2109375,14712.0,0.9809542298316956
4.20703125,14712.0,0.9809777736663818
4.203125,14712.0,0.9810013175010681
4.19921875,14712.0,0.9810249209403992
4.1953125,14712.0,0.9810506105422974
4.19140625,14712.0,0.9810753464698792
4.19140625,14712.0,0.9810989499092102
4.1875,14712.0,0.9811224937438965
4.18359375,14712.0,0.9811460375785828
4.18359375,14712.0,0.981170654296875
4.1796875,14712.0,0.9811943769454956
4.1796875,14712.0,0.9812179207801819
4.17578125,14712.0,0.9812414646148682
4.17578125,14712.0,0.9812659025192261
4.171875,14712.0,0.9812895059585571
4.171875,14712.0,0.9813130497932434
4.171875,14712.0,0.9813365936279297
4.171875,14712.0,0.9813601970672607
4.171875,14712.0,0.9813845753669739
4.171875,14712.0,0.9814081788063049
4.171875,14712.0,0.9814317226409912
4.171875,14712.0,0.9814552664756775
4.171875,14712.0,0.9814791083335876
4.171875,14712.0,0.9815044403076172
4.171875,14712.0,0.9815289974212646
4.171875,14712.0,0.9815526008605957
4.171875,14712.0,0.981576144695282
4.17578125,14712.0,0.9815996885299683
4.17578125,14712.0,0.9816234111785889
4.17578125,14712.0,0.9816479682922363
4.1796875,14712.0,0.9816715121269226
4.1796875,14712.0,0.9816950559616089
4.18359375,14712.0,0.9817186594009399
4.18359375,14712.0,0.9817430377006531
4.1875,14712.0,0.9817666411399841
4.1875,14712.0,0.9817901849746704
4.19140625,14712.0,0.9818137288093567
4.1953125,14712.0,0.9818376898765564
4.1953125,14712.0,0.9818620085716248
4.19921875,14712.0,0.981885552406311
4.203125,14712.0,0.9819090962409973
4.20703125,14712.0,0.9819327592849731
4.2109375,14712.0,0.9819574952125549
4.2109375,14712.0,0.981981098651886
4.21484375,14712.0,0.9820046424865723
4.21875,14712.0,0.9820294976234436
4.22265625,14712.0,0.9820553660392761
4.23046875,14712.0,0.9820810556411743
4.234375,14712.0,0.9821054935455322
4.23828125,14712.0,0.9821302890777588
4.2421875,14712.0,0.9821540117263794
4.24609375,14712.0,0.9821775555610657
4.25,14712.0,0.9822013974189758
4.25390625,14712.0,0.9822259545326233
4.26171875,14712.0,0.9822494983673096
4.265625,14712.0,0.9822730422019958
4.26953125,14712.0,0.9822973012924194
4.27734375,14712.0,0.9823212027549744
4.28125,14712.0,0.9823447465896606
4.2890625,14712.0,0.9823682904243469
4.29296875,14712.0,0.982391893863678
4.296875,14712.0,0.9824163317680359
4.3046875,14712.0,0.9824399352073669
4.3125,14712.0,0.9824634790420532
4.31640625,14720.0,0.9824870228767395
4.32421875,14720.0,0.9825106263160706
4.328125,14720.0,0.9825351238250732
4.3359375,14720.0,0.9825586676597595
4.34375,14720.0,0.9825822114944458
4.3515625,14720.0,0.9826057553291321
4.35546875,14720.0,0.9826295375823975
4.36328125,14720.0,0.9826552271842957
4.37109375,14720.0,0.98268061876297
4.37890625,14720.0,0.9827048182487488
4.38671875,14720.0,0.9827284216880798
4.39453125,14720.0,0.9827517867088318
4.40234375,14720.0,0.9827751517295837
4.41015625,14720.0,0.9827985763549805
4.421875,14720.0,0.9828221797943115
4.4296875,14720.0,0.9828466773033142
4.4375,14720.0,0.9828703999519348
4.4453125,14720.0,0.9828939437866211
4.453125,14720.0,0.9829174876213074
4.46484375,14720.0,0.9829422831535339
4.47265625,14720.0,0.9829672574996948
4.484375,14720.0,0.9829911589622498
4.4921875,14720.0,0.9830145239830017
4.5,14720.0,0.9830378890037537
4.51171875,14720.0,0.9830613732337952
4.5234375,14720.0,0.983085036277771
4.53125,14720.0,0.9831103086471558
4.54296875,14720.0,0.9831340312957764
4.5546875,14720.0,0.9831591844558716
4.5625,14720.0,0.9831827878952026
4.57421875,14720.0,0.9832066893577576
4.5859375,14720.0,0.9832302927970886
4.59765625,14720.0,0.983253538608551
4.609375,14720.0,0.9832767844200134
4.6171875,14720.0,0.9833001494407654
4.62890625,14720.0,0.9833235740661621
4.640625,14720.0,0.9833472967147827
4.65234375,14720.0,0.9833716154098511
4.6640625,14720.0,0.983394980430603
4.6796875,14720.0,0.983418345451355
4.69140625,14720.0,0.9834418296813965
4.703125,14720.0,0.9834660291671753
4.71484375,14720.0,0.983489990234375
4.7265625,14720.0,0.9835134148597717
4.73828125,14720.0,0.9835368394851685
4.75390625,14720.0,0.9835603833198547
4.765625,14720.0,0.9835848808288574
4.77734375,14720.0,0.9836084842681885
4.79296875,14720.0,0.9836319088935852
4.8046875,14720.0,0.9836554527282715
4.81640625,14720.0,0.9836790561676025
4.83203125,14720.0,0.9837033152580261
4.84375,14720.0,0.9837268590927124
4.859375,14720.0,0.9837504029273987
4.87109375,14720.0,0.983773946762085
4.88671875,14720.0,0.9837974905967712
4.8984375,14720.0,0.9838225841522217
4.9140625,14720.0,0.9838461875915527
4.9296875,14720.0,0.983870804309845
4.9453125,14720.0,0.9838945269584656
4.95703125,14720.0,0.9839180707931519
4.97265625,14720.0,0.9839416146278381
4.98828125,14720.0,0.9839661121368408
5.0,14720.0,0.9839897155761719
5.015625,14720.0,0.9840132594108582
5.03125,14720.0,0.9840368032455444
5.04296875,14720.0,0.9840607047080994
5.0625,14720.0,0.9840861558914185
5.07421875,14720.0,0.9841105341911316
5.08984375,14728.0,0.9841340780258179
5.10546875,14728.0,0.9841576218605042
5.12109375,14728.0,0.9841811656951904
5.13671875,14728.0,0.9842050075531006
5.15234375,14728.0,0.9842306971549988
5.16796875,14728.0,0.9842560887336731
5.18359375,14728.0,0.9842804074287415
5.19921875,14728.0,0.9843040108680725
5.21484375,14728.0,0.9843272566795349
5.23046875,14728.0,0.9843506217002869
5.24609375,14728.0,0.9843740463256836
5.26171875,14728.0,0.984397828578949
5.27734375,14728.0,0.9844224452972412
5.29296875,14728.0,0.9844459295272827
5.30859375,14728.0,0.984469473361969
5.328125,14728.0,0.9844934344291687
5.34375,14728.0,0.984517514705658
5.359375,14728.0,0.9845409989356995
5.375,14728.0,0.9845644235610962
5.390625,14728.0,0.9845879673957825
5.40625,14728.0,0.9846117496490479
5.42578125,14728.0,0.984635591506958
5.44140625,14728.0,0.9846591353416443
5.45703125,14728.0,0.9846826195716858
5.4765625,14728.0,0.9847061634063721
5.4921875,14728.0,0.984730064868927
5.51171875,14728.0,0.9847556948661804
5.52734375,14728.0,0.9847805500030518
5.546875,14728.0,0.984804093837738
5.5625,14728.0,0.9848283529281616
5.58203125,14728.0,0.9848520159721375
5.59765625,14728.0,0.9848753809928894
5.6171875,14728.0,0.9848988056182861
5.6328125,14728.0,0.9849224090576172
5.65234375,14728.0,0.9849467873573303
5.671875,14728.0,0.9849703907966614
5.6875,14728.0,0.9849938750267029
5.70703125,14728.0,0.9850174188613892
5.7265625,14728.0,0.9850413799285889
5.7421875,14728.0,0.9850654006004333
5.76171875,14728.0,0.9850889444351196
5.78125,14728.0,0.9851124882698059
5.80078125,14728.0,0.9851360321044922
5.8203125,14728.0,0.9851606488227844
5.8359375,14728.0,0.9851842522621155
5.85546875,14728.0,0.9852077960968018
5.875,14728.0,0.9852317571640015
5.89453125,14728.0,0.9852561354637146
5.9140625,14728.0,0.9852796792984009
5.93359375,14728.0,0.9853032827377319
5.953125,14728.0,0.985327959060669
5.97265625,14728.0,0.9853516817092896
5.9921875,14728.0,0.9853752851486206
6.01171875,14728.0,0.9854004383087158
6.03515625,14728.0,0.9854247570037842
6.0546875,14728.0,0.9854499101638794
6.07421875,14728.0,0.9854737520217896
6.09375,14728.0,0.985497772693634
6.1171875,14728.0,0.9855213165283203
6.13671875,14728.0,0.9855448603630066
6.15625,14728.0,0.9855684638023376
6.17578125,14728.0,0.9855940341949463
6.19921875,14728.0,0.9856185913085938
6.21875,14728.0,0.9856421947479248
6.23828125,14728.0,0.985665500164032
6.26171875,14728.0,0.9856890439987183
6.28125,14728.0,0.9857128262519836
6.3046875,14728.0,0.9857378602027893
6.32421875,14728.0,0.9857614636421204
6.34765625,14728.0,0.9857858419418335
6.3671875,14728.0,0.9858094453811646
6.38671875,14736.0,0.985832929611206
6.41015625,14736.0,0.9858564734458923
6.4296875,14736.0,0.985880970954895
6.453125,14736.0,0.9859049916267395
6.47265625,14736.0,0.9859285354614258
6.49609375,14736.0,0.9859532713890076
6.51953125,14736.0,0.9859777092933655
6.54296875,14736.0,0.9860023260116577
6.5625,14736.0,0.986025869846344
6.5859375,14736.0,0.9860494136810303
6.60546875,14736.0,0.9860730171203613
6.62890625,14736.0,0.986097514629364
6.6484375,14736.0,0.9861210584640503
6.671875,14736.0,0.9861446022987366
6.69140625,14736.0,0.9861683249473572
6.71484375,14736.0,0.9861940741539001
6.73828125,14736.0,0.9862195253372192
6.76171875,14736.0,0.9862439632415771
6.78515625,14736.0,0.9862675666809082
6.8046875,14736.0,0.9862909317016602
6.828125,14736.0,0.9863144159317017
6.84765625,14736.0,0.9863391518592834
6.87109375,14736.0,0.9863640069961548
6.89453125,14736.0,0.9863879680633545
6.9140625,14736.0,0.9864113330841064
6.9375,14736.0,0.9864347577095032
6.95703125,14736.0,0.9864583015441895
6.98046875,14736.0,0.9864828586578369
7.00390625,14736.0,0.986506462097168
7.0234375,14736.0,0.9865300059318542
7.04296875,14736.0,0.9865536093711853
7.06640625,14736.0,0.9865781664848328
7.0859375,14736.0,0.986601710319519
7.109375,14736.0,0.9866252541542053
7.12890625,14736.0,0.9866492748260498
7.15234375,14736.0,0.9866737127304077
7.171875,14736.0,0.986697256565094
7.1953125,14736.0,0.9867219924926758
7.21484375,14736.0,0.9867457151412964
7.234375,14736.0,0.986769437789917
7.2578125,14736.0,0.9867942333221436
7.27734375,14736.0,0.9868178367614746
7.296875,14736.0,0.9868416786193848
7.3203125,14736.0,0.9868671298027039
7.33984375,14736.0,0.98689204454422
7.359375,14736.0,0.9869155883789062
7.37890625,14736.0,0.9869399666786194
7.40234375,14736.0,0.98696368932724
7.421875,14736.0,0.9869872331619263
7.4375,14736.0,0.9870110154151917
7.4609375,14736.0,0.9870368838310242
7.48046875,14736.0,0.9870610237121582
7.5,14736.0,0.9870845675468445
7.515625,14736.0,0.9871081113815308
7.53515625,14736.0,0.98713219165802
7.5546875,14736.0,0.9871562123298645
7.5703125,14736.0,0.9871797561645508
7.58984375,14736.0,0.9872033596038818
7.609375,14736.0,0.9872289896011353
7.62890625,14736.0,0.9872545599937439
7.64453125,14736.0,0.9872790575027466
7.6640625,14736.0,0.9873026609420776
7.6796875,14736.0,0.9873260259628296
7.6953125,14736.0,0.9873495101928711
7.7109375,14736.0,0.9873735308647156
7.7265625,14736.0,0.9873976707458496
7.7421875,14736.0,0.9874212145805359
7.7578125,14736.0,0.9874448180198669
7.7734375,14736.0,0.9874701499938965
7.7890625,14736.0,0.9874950051307678
7.8046875,14736.0,0.9875195026397705
7.8203125,14744.0,0.9875447154045105
7.8359375,14744.0,0.9875684976577759
7.84765625,14744.0,0.9875941276550293
7.86328125,14744.0,0.9876191020011902
7.875,14744.0,0.9876426458358765
7.890625,14744.0,0.9876669645309448
7.90234375,14744.0,0.987690269947052
7.9140625,14744.0,0.9877135157585144
7.92578125,14744.0,0.9877367615699768
7.9375,14744.0,0.9877603650093079
7.94921875,14744.0,0.9877842664718628
7.9609375,14744.0,0.9878076314926147
7.97265625,14744.0,0.9878308773040771
7.98046875,14744.0,0.9878541231155396
7.9921875,14744.0,0.9878774881362915
8.0,14744.0,0.987901508808136
8.0078125,14744.0,0.9879252910614014
8.015625,14744.0,0.9879485368728638
8.03125,14744.0,0.9879717826843262
8.0390625,14744.0,0.9879952073097229
8.046875,14744.0,0.9880199432373047
8.0546875,14744.0,0.9880438446998596
8.0625,14744.0,0.9880685210227966
8.0703125,14744.0,0.9880928993225098
8.078125,14744.0,0.9881173968315125
8.0859375,14744.0,0.9881407618522644
8.09375,14744.0,0.9881641268730164
8.1015625,14744.0,0.9881876707077026
8.109375,14744.0,0.9882124066352844
8.109375,14744.0,0.9882358312606812
8.1171875,14744.0,0.9882593750953674
8.125,14744.0,0.9882841110229492
8.125,14744.0,0.988307535648346
8.1328125,14744.0,0.9883311986923218
8.140625,14744.0,0.9883564114570618
8.140625,14744.0,0.9883807301521301
8.1484375,14744.0,0.9884041547775269
8.1484375,14744.0,0.9884274005889893
8.15625,14744.0,0.9884507656097412
8.15625,14744.0,0.9884743690490723
8.15625,14744.0,0.9884995818138123
8.1640625,14744.0,0.9885239601135254
8.1640625,14744.0,0.9885473251342773
8.1640625,14744.0,0.9885705709457397
8.1640625,14744.0,0.9885938167572021
8.171875,14744.0,0.9886173009872437
8.171875,14744.0,0.9886415004730225
8.171875,14744.0,0.9886648058891296
8.171875,14744.0,0.988688051700592
8.171875,14744.0,0.9887113571166992
8.171875,14744.0,0.988735020160675
8.171875,14744.0,0.9887607097625732
8.171875,14744.0,0.9887849688529968
8.171875,14744.0,0.9888082146644592
8.171875,14744.0,0.9888315200805664
8.1640625,14744.0,0.9888561367988586
8.1640625,14744.0,0.988880455493927
8.1640625,14744.0,0.9889046549797058
8.1640625,14744.0,0.988927960395813
8.15625,14744.0,0.9889512062072754
8.15625,14744.0,0.9889744520187378
8.15625,14744.0,0.9889979958534241
8.1484375,14744.0,0.9890222549438477
8.1484375,14744.0,0.9890456199645996
8.140625,14744.0,0.989068865776062
8.1328125,14744.0,0.989092230796814
8.1328125,14744.0,0.9891164898872375
8.125,14744.0,0.989139974117279
8.1171875,14744.0,0.9891632199287415
8.1171875,14744.0,0.9891865849494934
8.109375,14744.0,0.9892106652259827
8.1015625,14744.0,0.9892343282699585
8.09375,14752.0,0.9892575740814209
8.0859375,14752.0,0.9892809391021729
8.0859375,14752.0,0.9893050789833069
8.078125,14752.0,0.9893292188644409
8.0703125,14752.0,0.9893527030944824
8.0625,14752.0,0.9893770813941956
8.0546875,14752.0,0.9894008040428162
8.0390625,14752.0,0.9894242286682129
8.03125,14752.0,0.9894483685493469
8.0234375,14752.0,0.9894724488258362
8.015625,14752.0,0.9894959926605225
8.0078125,14752.0,0.9895208477973938
7.99609375,14752.0,0.9895462393760681
7.98828125,14752.0,0.9895703792572021
7.9765625,14752.0,0.9895952939987183
7.96484375,14752.0,0.989619255065918
7.953125,14752.0,0.9896448254585266
7.94140625,14752.0,0.989669919013977
7.93359375,14752.0,0.9896935224533081
7.921875,14752.0,0.989717960357666
7.91015625,14752.0,0.9897412061691284
7.8984375,14752.0,0.9897644519805908
7.88671875,14752.0,0.9897879362106323
7.87109375,14752.0,0.9898121953010559
7.859375,14752.0,0.9898354411125183
7.84765625,14752.0,0.9898586869239807
7.8359375,14752.0,0.9898821115493774
7.8203125,14752.0,0.9899064898490906
7.80859375,14752.0,0.9899297952651978
7.796875,14752.0,0.9899530410766602
7.78125,14752.0,0.9899764657020569
7.76953125,14752.0,0.9900012016296387
7.75390625,14752.0,0.9900246858596802
7.7421875,14752.0,0.990048348903656
7.7265625,14752.0,0.9900735020637512
7.7109375,14752.0,0.99009770154953
7.6953125,14752.0,0.9901211261749268
7.6796875,14752.0,0.9901443719863892
7.66796875,14752.0,0.9901676774024963
7.65234375,14752.0,0.9901913404464722
7.63671875,14752.0,0.9902165532112122
7.62109375,14752.0,0.9902417659759521
7.6015625,14752.0,0.9902660250663757
7.5859375,14752.0,0.9902898669242859
7.5703125,14752.0,0.9903131127357483
7.5546875,14752.0,0.9903364181518555
7.5390625,14752.0,0.9903604388237
7.5234375,14752.0,0.9903839826583862
7.5078125,14752.0,0.9904072284698486
7.4921875,14752.0,0.990430474281311
7.47265625,14752.0,0.990453839302063
7.45703125,14752.0,0.9904786348342896
7.4375,14752.0,0.990502119064331
7.421875,14752.0,0.9905261993408203
7.40625,14752.0,0.9905498623847961
7.38671875,14752.0,0.9905731081962585
7.37109375,14752.0,0.990596354007721
7.3515625,14752.0,0.9906198382377625
7.3359375,14752.0,0.990644633769989
7.31640625,14752.0,0.9906680583953857
7.296875,14752.0,0.9906923770904541
7.28125,14752.0,0.990715742111206
7.26171875,14752.0,0.9907389879226685
7.24609375,14752.0,0.9907622933387756
7.2265625,14752.0,0.9907864332199097
7.20703125,14752.0,0.9908097982406616
7.19140625,14752.0,0.990833044052124
7.171875,14752.0,0.9908562898635864
7.15234375,14752.0,0.9908797740936279
7.1328125,14760.0,0.9909040331840515
7.1171875,14760.0,0.9909273386001587
7.09765625,14760.0,0.9909505844116211
7.078125,14760.0,0.9909740090370178
7.05859375,14760.0,0.9909985065460205
7.0390625,14760.0,0.9910218119621277
7.01953125,14760.0,0.9910451769828796
7.0,14760.0,0.9910705089569092
6.98046875,14760.0,0.9910950064659119
6.9609375,14760.0,0.9911183714866638
6.94140625,14760.0,0.9911416172981262
6.921875,14760.0,0.9911649227142334
6.90234375,14760.0,0.9911892414093018
6.8828125,14760.0,0.9912127256393433
6.86328125,14760.0,0.9912359714508057
6.84375,14760.0,0.9912593960762024
6.82421875,14760.0,0.9912837147712708
6.8046875,14760.0,0.9913070797920227
6.78515625,14760.0,0.9913303256034851
6.765625,14760.0,0.9913538694381714
6.74609375,14760.0,0.9913787245750427
6.7265625,14760.0,0.9914023280143738
6.703125,14760.0,0.9914275407791138
6.68359375,14760.0,0.991452693939209
6.6640625,14760.0,0.9914769530296326
6.640625,14760.0,0.9915009140968323
6.62109375,14760.0,0.9915241599082947
6.6015625,14760.0,0.9915474653244019
6.58203125,14760.0,0.9915716052055359
6.5625,14760.0,0.9915950894355774
6.5390625,14760.0,0.9916183352470398
6.51953125,14760.0,0.9916417002677917
6.5,14760.0,0.991666316986084
6.48046875,14760.0,0.9916899800300598
6.45703125,14760.0,0.99171382188797
6.4375,14760.0,0.9917377233505249
6.41796875,14760.0,0.9917609691619873
6.39453125,14760.0,0.9917842745780945
6.375,14760.0,0.9918085932731628
6.35546875,14760.0,0.9918322563171387
6.33203125,14760.0,0.9918555617332458
6.3125,14760.0,0.9918792843818665
6.29296875,14760.0,0.9919045567512512
6.26953125,14760.0,0.9919297695159912
6.24609375,14760.0,0.9919548034667969
6.2265625,14760.0,0.9919788837432861
6.20703125,14760.0,0.992002546787262
6.1875,14760.0,0.9920257925987244
6.1640625,14760.0,0.9920490384101868
6.14453125,14760.0,0.9920722842216492
6.125,14760.0,0.9920963048934937
6.10546875,14760.0,0.9921197891235352
6.0859375,14760.0,0.9921430349349976
6.06640625,14760.0,0.99216628074646
6.046875,14760.0,0.9921895861625671
6.0234375,14760.0,0.9922143220901489
6.00390625,14760.0,0.9922376275062561
5.984375,14760.0,0.9922611117362976
5.96484375,14760.0,0.9922861456871033
5.9453125,14760.0,0.9923103451728821
5.92578125,14760.0,0.9923340082168579
5.90625,14760.0,0.9923572540283203
5.88671875,14760.0,0.9923804998397827
5.8671875,14760.0,0.9924047589302063
5.84765625,14760.0,0.992428183555603
5.828125,14760.0,0.9924514293670654
5.8125,14760.0,0.9924746751785278
5.79296875,14760.0,0.9924986362457275
5.7734375,14760.0,0.9925220608711243
5.75390625,14760.0,0.9925451874732971
5.73828125,14760.0,0.9925683736801147
5.71875,14768.0,0.9925916194915771
5.69921875,14768.0,0.9926159381866455
5.68359375,14768.0,0.9926401972770691
5.6640625,14768.0,0.9926640391349792
5.64453125,14768.0,0.9926872849464417
5.62890625,14768.0,0.9927103519439697
5.61328125,14768.0,0.992733359336853
5.59375,14768.0,0.9927565455436707
5.578125,14768.0,0.9927797913551331
5.55859375,14768.0,0.9928049445152283
5.54296875,14768.0,0.9928286075592041
5.5234375,14768.0,0.9928520917892456
5.5078125,14768.0,0.9928752779960632
5.4921875,14768.0,0.9928982257843018
5.4765625,14768.0,0.9929212331771851
5.45703125,14768.0,0.9929443597793579
5.44140625,14768.0,0.9929676055908203
5.42578125,14768.0,0.9929923415184021
5.41015625,14768.0,0.9930156469345093
5.39453125,14768.0,0.9930389523506165
5.375,14768.0,0.9930629730224609
5.359375,14768.0,0.9930862188339233
5.34375,14768.0,0.9931092262268066
5.328125,14768.0,0.9931323528289795
5.3125,14768.0,0.9931555986404419
5.296875,14768.0,0.9931795597076416
5.28125,14768.0,0.9932028651237488
5.265625,14768.0,0.9932259321212769
5.25,14768.0,0.9932490587234497
5.234375,14768.0,0.9932722449302673
5.21875,14768.0,0.9932957887649536
5.203125,14768.0,0.9933198094367981
5.1875,14768.0,0.9933429956436157
5.171875,14768.0,0.9933661222457886
5.16015625,14768.0,0.993389368057251
5.14453125,14768.0,0.9934137463569641
5.12890625,14768.0,0.9934378862380981
5.11328125,14768.0,0.9934620261192322
5.09765625,14768.0,0.9934852719306946
5.08203125,14768.0,0.9935082793235779
5.06640625,14768.0,0.9935314059257507
5.0546875,14768.0,0.9935547113418579
5.0390625,14768.0,0.9935793280601501
5.0234375,14768.0,0.9936025738716125
5.0078125,14768.0,0.9936259984970093
4.9921875,14768.0,0.993650496006012
4.98046875,14768.0,0.9936737418174744
4.96484375,14768.0,0.9936971068382263
4.94921875,14768.0,0.9937206506729126
4.9375,14768.0,0.9937437772750854
4.921875,14768.0,0.993766725063324
4.91015625,14768.0,0.9937896728515625
4.89453125,14768.0,0.9938127398490906
4.8828125,14768.0,0.9938358664512634
4.8671875,14768.0,0.9938602447509766
4.8515625,14768.0,0.9938843250274658
4.83984375,14768.0,0.9939092397689819
4.82421875,14768.0,0.993932843208313
4.80859375,14768.0,0.9939576983451843
4.796875,14768.0,0.9939809441566467
4.78125,14768.0,0.9940047264099121
4.76953125,14768.0,0.9940277338027954
4.7578125,14768.0,0.9940506815910339
4.7421875,14768.0,0.9940736293792725
4.73046875,14768.0,0.994096577167511
4.71875,14768.0,0.9941195249557495
4.703125,14768.0,0.9941427111625671
4.69140625,14768.0,0.9941666126251221
4.6796875,14768.0,0.9941896200180054
4.66796875,14768.0,0.9942125678062439
4.65234375,14768.0,0.9942355155944824
4.640625,14768.0,0.994258463382721
4.62890625,14768.0,0.994281530380249
4.6171875,14776.0,0.9943057298660278
4.60546875,14776.0,0.9943296909332275
4.58984375,14776.0,0.9943532347679138
4.578125,14776.0,0.9943764805793762
4.56640625,14776.0,0.9943994283676147
4.5546875,14776.0,0.9944223761558533
4.54296875,14776.0,0.9944453239440918
4.53125,14776.0,0.9944682717323303
4.5234375,14776.0,0.9944912195205688
4.51171875,14776.0,0.9945143461227417
4.5,14776.0,0.9945377707481384
4.48828125,14776.0,0.9945608973503113
4.4765625,14776.0,0.9945838451385498
4.46484375,14776.0,0.9946067929267883
4.45703125,14776.0,0.9946297407150269
4.4453125,14776.0,0.9946526885032654
4.43359375,14776.0,0.9946756958961487
4.42578125,14776.0,0.9946991801261902
4.4140625,14776.0,0.9947227239608765
4.40234375,14776.0,0.994745671749115
4.39453125,14776.0,0.9947686195373535
4.3828125,14776.0,0.994791567325592
4.375,14776.0,0.9948145151138306
4.36328125,14776.0,0.9948375821113586
4.35546875,14776.0,0.9948614239692688
4.34765625,14776.0,0.9948848485946655
4.3359375,14776.0,0.994907796382904
4.328125,14776.0,0.9949307441711426
4.3203125,14776.0,0.9949537515640259
4.3125,14776.0,0.9949771165847778
4.30078125,14776.0,0.995000958442688
4.29296875,14776.0,0.9950239658355713
4.28515625,14776.0,0.9950469136238098
4.27734375,14776.0,0.9950698614120483
4.26953125,14776.0,0.9950929880142212
4.26171875,14776.0,0.9951170682907104
4.25390625,14776.0,0.9951404333114624
4.24609375,14776.0,0.9951633810997009
4.2421875,14776.0,0.9951863884925842
4.234375,14776.0,0.995209813117981
4.2265625,14776.0,0.9952335357666016
4.21875,14776.0,0.9952565431594849
4.21484375,14776.0,0.9952794909477234
4.20703125,14776.0,0.9953024387359619
4.203125,14776.0,0.9953255653381348
4.1953125,14776.0,0.9953503012657166
4.1875,14776.0,0.9953739643096924
4.18359375,14776.0,0.995398223400116
4.1796875,14776.0,0.9954213500022888
4.171875,14776.0,0.9954442977905273
4.16796875,14776.0,0.9954674243927002
4.1640625,14776.0,0.9954913258552551
4.16015625,14776.0,0.9955147504806519
4.15625,14776.0,0.9955376982688904
4.15234375,14776.0,0.9955606460571289
4.1484375,14776.0,0.995583713054657
4.14453125,14776.0,0.9956070184707642
4.140625,14776.0,0.9956319332122803
4.13671875,14776.0,0.9956556558609009
4.1328125,14776.0,0.9956791996955872
4.1328125,14776.0,0.9957021474838257
4.12890625,14776.0,0.9957250952720642
4.125,14776.0,0.9957481622695923
4.125,14776.0,0.9957714676856995
4.12109375,14776.0,0.9957961440086365
4.12109375,14776.0,0.9958193898200989
4.12109375,14776.0,0.9958434104919434
4.1171875,14776.0,0.9958665370941162
4.1171875,14776.0,0.9958894848823547
4.1171875,14776.0,0.9959124326705933
4.1171875,14776.0,0.9959354400634766
4.1171875,14776.0,0.9959592819213867
4.1171875,14776.0,0.9959828853607178
4.1171875,14784.0,0.9960058331489563
4.1171875,14784.0,0.9960289001464844
4.1171875,14784.0,0.996052086353302
4.1171875,14784.0,0.9960772395133972
4.12109375,14784.0,0.9961013793945312
4.12109375,14784.0,0.9961248636245728
4.12109375,14784.0,0.9961478114128113
4.125,14784.0,0.9961708784103394
4.125,14784.0,0.9961941242218018
4.12890625,14784.0,0.9962183833122253
4.1328125,14784.0,0.9962415099143982
4.1328125,14784.0,0.9962644577026367
4.13671875,14784.0,0.9962877035140991
4.140625,14784.0,0.9963117241859436
4.14453125,14784.0,0.9963347911834717
4.1484375,14784.0,0.9963577389717102
4.1484375,14784.0,0.9963807463645935
4.15234375,14784.0,0.9964045882225037
4.16015625,14784.0,0.9964281916618347
4.1640625,14784.0,0.9964511394500732
4.16796875,14784.0,0.9964742064476013
4.171875,14784.0,0.9964974522590637
4.17578125,14784.0,0.9965214133262634
4.18359375,14784.0,0.9965445399284363
4.1875,14784.0,0.9965675473213196
4.19140625,14784.0,0.9965907335281372
4.19921875,14784.0,0.9966145157814026
4.203125,14784.0,0.9966380000114441
4.2109375,14784.0,0.9966610670089722
4.21875,14784.0,0.996684193611145
4.22265625,14784.0,0.9967076778411865
4.23046875,14784.0,0.9967329502105713
4.23828125,14784.0,0.9967576265335083
4.24609375,14784.0,0.9967808723449707
4.25390625,14784.0,0.9968052506446838
4.26171875,14784.0,0.9968293309211731
4.26953125,14784.0,0.9968537092208862
4.27734375,14784.0,0.9968768358230591
4.28515625,14784.0,0.9968999028205872
4.29296875,14784.0,0.9969245791435242
4.30078125,14784.0,0.9969480633735657
4.30859375,14784.0,0.9969719648361206
4.31640625,14784.0,0.9969951510429382
4.328125,14784.0,0.9970180988311768
4.3359375,14784.0,0.9970410466194153
4.34375,14784.0,0.9970640540122986
4.35546875,14784.0,0.9970875978469849
4.36328125,14784.0,0.9971112608909607
4.375,14784.0,0.997134268283844
4.3828125,14784.0,0.9971572160720825
4.39453125,14784.0,0.9971802234649658
4.40234375,14784.0,0.9972036480903625
4.4140625,14784.0,0.9972279071807861
4.42578125,14784.0,0.997251033782959
4.43359375,14784.0,0.9972742795944214
4.4453125,14784.0,0.997299075126648
4.45703125,14784.0,0.9973225593566895
4.46875,14784.0,0.9973463416099548
4.48046875,14784.0,0.9973693490028381
4.4921875,14784.0,0.9973922967910767
4.50390625,14784.0,0.9974152445793152
4.515625,14784.0,0.997438371181488
4.52734375,14784.0,0.997462272644043
4.5390625,14784.0,0.9974855184555054
4.55078125,14784.0,0.9975084662437439
4.5625,14784.0,0.9975314140319824
4.57421875,14784.0,0.9975545406341553
4.5859375,14784.0,0.9975780248641968
4.6015625,14784.0,0.9976015090942383
4.61328125,14784.0,0.9976245760917664
4.625,14784.0,0.9976475238800049
4.640625,14792.0,0.997670590877533
4.65234375,14792.0,0.9976941347122192
4.66796875,14792.0,0.9977179765701294
4.6796875,14792.0,0.9977410435676575
4.6953125,14792.0,0.9977641701698303
4.70703125,14792.0,0.9977874755859375
4.72265625,14792.0,0.997811496257782
4.734375,14792.0,0.9978346228599548
4.75,14792.0,0.9978576302528381
4.765625,14792.0,0.9978809356689453
4.78125,14792.0,0.9979051351547241
4.79296875,14792.0,0.9979283809661865
4.80859375,14792.0,0.9979515671730042
4.82421875,14792.0,0.9979751110076904
4.83984375,14792.0,0.997999906539917
4.85546875,14792.0,0.9980239868164062
4.87109375,14792.0,0.998047411441803
4.88671875,14792.0,0.998070478439331
4.90234375,14792.0,0.998093843460083
4.91796875,14792.0,0.998117983341217
4.93359375,14792.0,0.9981412291526794
4.94921875,14792.0,0.9981644749641418
4.96875,14792.0,0.9981880187988281
4.984375,14792.0,0.9982134103775024
5.00390625,14792.0,0.9982383847236633
5.01953125,14792.0,0.9982624053955078
5.03515625,14792.0,0.9982854723930359
5.05078125,14792.0,0.9983084201812744
5.0703125,14792.0,0.9983315467834473
5.0859375,14792.0,0.9983552098274231
5.1015625,14792.0,0.998379111289978
5.12109375,14792.0,0.9984021782875061
5.13671875,14792.0,0.998425304889679
5.15234375,14792.0,0.9984496235847473
5.171875,14792.0,0.9984733462333679
5.1875,14792.0,0.9984967708587646
5.20703125,14792.0,0.9985221028327942
5.2265625,14792.0,0.9985470771789551
5.24609375,14792.0,0.9985719323158264
5.26171875,14792.0,0.9985953569412231
5.28125,14792.0,0.9986205101013184
5.30078125,14792.0,0.9986442923545837
5.31640625,14792.0,0.998667299747467
5.3359375,14792.0,0.9986902475357056
5.3515625,14792.0,0.9987131953239441
5.37109375,14792.0,0.9987361431121826
5.38671875,14792.0,0.9987591505050659
5.40625,14792.0,0.9987828731536865
5.421875,14792.0,0.9988059997558594
5.44140625,14792.0,0.9988289475440979
5.45703125,14792.0,0.9988518953323364
5.4765625,14792.0,0.998874843120575
5.49609375,14792.0,0.998897910118103
5.51171875,14792.0,0.9989221692085266
5.53125,14792.0,0.9989455342292786
5.55078125,14792.0,0.9989685416221619
5.56640625,14792.0,0.9989920258522034
5.5859375,14792.0,0.9990155100822449
5.60546875,14792.0,0.9990384578704834
5.625,14792.0,0.9990614056587219
5.640625,14792.0,0.9990843534469604
5.66015625,14792.0,0.9991074800491333
5.6796875,14792.0,0.9991316795349121
5.69921875,14792.0,0.9991547465324402
5.71484375,14792.0,0.9991776943206787
5.734375,14792.0,0.9992007613182068
5.75390625,14792.0,0.9992251992225647
5.7734375,14792.0,0.9992486238479614
5.79296875,14792.0,0.9992718696594238
5.8125,14792.0,0.9992954730987549
5.83203125,14792.0,0.9993186593055725
5.84765625,14800.0,0.999341607093811
5.8671875,14800.0,0.9993645548820496
5.88671875,14800.0,0.9993876218795776
5.90625,14800.0,0.9994120001792908
5.92578125,14800.0,0.9994353652000427
5.9453125,14800.0,0.9994584918022156
5.96484375,14800.0,0.9994832873344421
5.984375,14800.0,0.9995067715644836
6.00390625,14800.0,0.9995310306549072
6.0234375,14800.0,0.9995539784431458
6.04296875,14800.0,0.999576985836029
6.0625,14800.0,0.999601423740387
6.0859375,14800.0,0.9996254444122314
6.10546875,14800.0,0.9996488690376282
6.125,14800.0,0.9996719360351562
6.14453125,14800.0,0.9996948838233948
6.1640625,14800.0,0.9997178316116333
6.18359375,14800.0,0.9997407793998718
6.203125,14800.0,0.9997638463973999
6.22265625,14800.0,0.999788761138916
6.2421875,14800.0,0.9998128414154053
6.265625,14800.0,0.9998365044593811
6.28515625,14800.0,0.9998594522476196
6.3046875,14800.0,0.9998827576637268
6.32421875,14800.0,0.9999071359634399
6.34375,14800.0,0.999930202960968
6.36328125,14800.0,0.9999533891677856
6.3828125,14800.0,0.999975860118866
6.40234375,14800.0,0.9999961853027344
6.40625,14800.0,1.0
